85 191 35 131
88 188 35 131
92 185 35 131
98 190 35 131
105 188 35 131
108 189 35 131
112 184 35 131
117 184 35 131
119 184 35 131
121 185 35 131
121 184 35 131
126 184 35 131
128 185 35 131
134 185 35 131
134 185 35 131
141 186 35 131
143 186 35 131
146 186 35 131
149 184 35 131
157 183 35 131
160 183 35 131
160 183 35 131
163 184 35 131
168 183 35 131
170 184 35 131
175 188 35 131
177 184 35 131
179 187 35 131
181 184 35 131
183 184 35 131
187 181 35 131
190 180 35 131
192 181 35 131
194 182 35 131
198 179 35 131
203 178 35 131
209 178 35 131
213 179 35 131
219 179 35 131
225 180 35 131
229 179 35 131
232 174 35 131
235 171 35 131
238 173 35 131
242 173 35 131
245 174 35 131
250 175 35 131
254 175 35 131
260 175 35 131
269 177 35 131
273 178 35 131
277 179 35 131
280 178 35 131
285 179 35 131
290 179 35 131
295 178 35 131
300 178 35 131
305 178 35 131
311 178 35 131
316 181 35 131
320 180 35 131
323 177 35 131
327 177 35 131
331 176 35 131
336 178 35 131
341 179 35 131
346 180 35 131
350 182 35 131
355 182 35 131
360 183 35 131
367 183 35 131
368 183 35 131
370 181 35 131
374 181 35 131
378 181 35 131
383 182 35 131
388 182 35 131
390 183 35 131
395 182 35 131
393 182 35 131
390 181 35 131
385 181 35 131
380 180 35 131
401 193 35 131
396 182 35 131
392 188 35 131
388 188 35 131
387 187 35 131
383 188 35 131
382 190 35 131
380 187 35 131
378 187 35 131
373 187 35 131
367 189 35 131
364 190 35 131
361 195 35 131
360 196 35 131
361 196 35 131
364 199 35 131
364 198 35 131
370 193 35 131
370 191 35 131
372 191 35 131
371 191 35 131
371 191 35 131
368 192 35 131
370 193 35 131
370 194 35 131
370 196 35 131
368 195 35 131
370 195 35 131
370 193 35 131
372 194 35 131
374 192 35 131
374 193 35 131
374 193 35 131
373 193 35 131
372 198 35 131
377 198 35 131
378 205 35 131
379 206 35 131
377 206 35 131
380 205 35 131
384 205 35 131
388 201 35 131
394 199 35 131
401 198 35 131
408 198 35 131
416 198 35 131
426 198 35 131
435 197 35 131
444 197 35 131
452 196 35 131
460 195 35 131
465 196 35 131
469 197 35 131
471 198 35 131
474 198 35 131
476 199 35 131
481 198 35 131
484 199 35 131
488 201 35 131
495 195 35 131
499 194 35 131
504 193 35 131
509 194 35 131
515 193 35 131
517 194 35 131
533 189 35 131
538 188 35 131
537 186 35 131
518 198 35 131
513 198 35 131
504 195 35 131
493 192 35 131
485 192 35 131
477 193 35 131
469 192 35 131
462 193 35 131
456 193 35 131
452 193 35 131
450 193 35 131
447 191 35 131
448 192 35 131
449 192 35 131
449 190 35 131
450 189 35 131
450 189 35 131
448 190 35 131
447 190 35 131
444 189 35 131
441 184 35 131
440 185 35 131
438 184 35 131
436 182 35 131
436 182 35 131
436 180 35 131
433 181 35 131
428 182 35 131
426 182 35 131
423 180 35 131
418 180 35 131
416 180 35 131
414 182 35 131
414 178 35 131
416 181 35 131
420 183 35 131
401 175 35 131
399 176 35 131
401 175 35 131
400 174 35 131
397 177 35 131
393 174 35 131
390 171 35 131
388 173 35 131
386 174 35 131
384 175 35 131
385 175 35 131
383 175 35 131
377 174 35 131
376 175 35 131
374 174 35 131
371 176 35 131
370 174 35 131
369 175 35 131
369 174 35 131
369 176 35 131
368 179 35 131
368 179 35 131
366 179 35 131
365 178 35 131
364 177 35 131
363 176 35 131
362 176 35 131
361 175 35 131
360 175 35 131
358 174 35 131
356 173 35 131
353 173 35 131
350 172 35 131
347 171 35 131
346 171 35 131
346 169 35 131
345 168 35 131
345 170 35 131
343 171 35 131
340 172 35 131
337 174 35 131
335 174 35 131
332 172 35 131
330 171 35 131
328 172 35 131
327 173 35 131
326 174 35 131
326 174 35 131
326 175 35 131
326 174 35 131
322 170 35 131
323 175 35 131
325 198 35 131
325 199 35 131
324 197 35 131
315 174 35 131
315 172 35 131
312 171 35 131
309 169 35 131
308 188 35 131
297 174 35 131
293 174 35 131
289 176 35 131
284 175 35 131
