138 116 50 36
138 118 50 36
139 119 50 36
139 120 50 36
138 121 50 36
138 122 50 36
138 122 50 36
138 122 50 36
138 122 50 36
138 122 50 36
138 122 50 36
136 122 50 36
136 122 50 36
136 121 50 36
135 121 50 36
135 120 50 36
135 120 50 36
135 119 50 36
135 118 50 36
135 118 50 36
135 117 50 36
135 117 50 36
135 116 50 36
136 115 50 36
136 115 50 36
136 114 50 36
136 114 50 36
137 113 50 36
138 112 50 36
138 112 50 36
139 111 50 36
140 111 50 36
140 110 50 36
141 110 50 36
141 110 50 36
142 110 50 36
146 109 50 36
148 108 50 36
150 108 50 36
152 108 50 36
155 108 50 36
158 108 50 36
161 109 50 36
163 110 50 36
165 111 50 36
168 113 50 36
169 114 50 36
171 113 50 36
172 111 50 36
175 110 50 36
177 108 50 36
179 106 50 36
181 105 50 36
183 104 50 36
183 103 50 36
184 101 50 36
185 100 50 36
186 100 50 36
187 100 50 36
188 100 50 36
188 101 50 36
189 102 50 36
190 102 50 36
190 103 50 36
190 103 50 36
189 104 50 36
189 104 50 36
189 104 50 36
189 104 50 36
189 104 50 36
189 104 50 36
189 104 50 36
188 104 50 36
187 104 50 36
186 104 50 36
185 104 50 36
184 104 50 36
183 104 50 36
182 104 50 36
181 103 50 36
180 103 50 36
179 103 50 36
178 103 50 36
177 103 50 36
175 103 50 36
174 103 50 36
173 102 50 36
173 100 50 36
173 100 50 36
172 100 50 36
171 101 50 36
171 102 50 36
171 102 50 36
170 102 50 36
169 103 50 36
169 104 50 36
168 106 50 36
168 107 50 36
168 108 50 36
168 108 50 36
168 107 50 36
168 106 50 36
167 105 50 36
166 104 50 36
166 104 50 36
165 104 50 36
165 105 50 36
165 105 50 36
165 105 50 36
164 105 50 36
163 105 50 36
163 106 50 36
162 107 50 36
162 106 50 36
162 105 50 36
162 104 50 36
162 104 50 36
162 103 50 36
162 102 50 36
162 101 50 36
162 100 50 36
162 99 50 36
163 97 50 36
163 96 50 36
162 94 50 36
163 93 50 36
162 91 50 36
162 90 50 36
162 89 50 36
163 88 50 36
163 87 50 36
163 86 50 36
164 85 50 36
164 84 50 36
164 83 50 36
164 83 50 36
165 82 50 36
165 81 50 36
165 81 50 36
165 80 50 36
166 80 50 36
166 79 50 36
166 78 50 36
166 78 50 36
166 78 50 36
166 77 50 36
166 77 50 36
166 77 50 36
166 77 50 36
166 78 50 36
165 76 50 36
165 76 50 36
165 75 50 36
166 75 50 36
166 74 50 36
166 74 50 36
167 74 50 36
167 74 50 36
168 74 50 36
168 74 50 36
168 74 50 36
168 74 50 36
168 74 50 36
168 73 50 36
168 73 50 36
168 73 50 36
168 73 50 36
168 73 50 36
168 73 50 36
168 73 50 36
168 76 50 36
168 77 50 36
168 77 50 36
168 77 50 36
168 77 50 36
168 80 50 36
167 81 50 36
167 81 50 36
167 82 50 36
167 82 50 36
168 84 50 36
168 85 50 36
168 86 50 36
168 87 50 36
168 88 50 36
168 89 50 36
169 91 50 36
169 92 50 36
169 94 50 36
169 95 50 36
169 96 50 36
170 98 50 36
170 99 50 36
170 100 50 36
170 101 50 36
170 102 50 36
170 103 50 36
170 104 50 36
170 105 50 36
170 106 50 36
171 107 50 36
171 108 50 36
171 109 50 36
171 110 50 36
171 112 50 36
172 113 50 36
172 114 50 36
172 114 50 36
172 115 50 36
172 116 50 36
172 117 50 36
172 119 50 36
172 120 50 36
171 121 50 36
170 126 50 36
170 128 50 36
170 129 50 36
170 130 50 36
170 132 50 36
170 134 50 36
170 135 50 36
170 136 50 36
170 137 50 36
170 138 50 36
170 137 50 36
170 139 50 36
170 139 50 36
169 140 50 36
169 140 50 36
169 141 50 36
169 141 50 36
169 141 50 36
169 141 50 36
169 142 50 36
169 142 50 36
169 142 50 36
169 141 50 36
169 140 50 36
169 139 50 36
168 138 50 36
168 136 50 36
168 133 50 36
167 132 50 36
167 129 50 36
167 127 50 36
166 124 50 36
166 122 50 36
166 121 50 36
167 119 50 36
167 118 50 36
167 117 50 36
167 116 50 36
167 115 50 36
167 115 50 36
167 114 50 36
166 114 50 36
165 113 50 36
164 112 50 36
163 112 50 36
162 111 50 36
161 110 50 36
161 109 50 36
161 107 50 36
161 105 50 36
163 103 50 36
164 101 50 36
164 99 50 36
164 98 50 36
165 96 50 36
165 95 50 36
165 94 50 36
166 92 50 36
166 93 50 36
167 92 50 36
168 91 50 36
169 89 50 36
169 90 50 36
169 91 50 36
170 90 50 36
171 90 50 36
172 89 50 36
172 89 50 36
171 92 50 36
171 91 50 36
172 89 50 36
171 92 50 36
171 92 50 36
171 92 50 36
171 92 50 36
171 92 50 36
171 92 50 36
171 92 50 36
171 92 50 36
171 91 50 36
170 93 50 36
170 93 50 36
170 92 50 36
169 94 50 36
169 94 50 36
169 94 50 36
169 95 50 36
169 95 50 36
169 96 50 36
169 96 50 36
169 96 50 36
169 96 50 36
169 96 50 36
169 96 50 36
170 95 50 36
170 95 50 36
170 95 50 36
170 95 50 36
170 95 50 36
170 95 50 36
170 95 50 36
170 95 50 36
170 95 50 36
170 95 50 36
171 95 50 36
171 95 50 36
171 95 50 36
172 95 50 36
172 95 50 36
173 95 50 36
174 94 50 36
175 93 50 36
175 94 50 36
175 94 50 36
175 94 50 36
176 93 50 36
176 94 50 36
177 93 50 36
177 94 50 36
178 93 50 36
178 94 50 36
179 94 50 36
179 94 50 36
180 94 50 36
180 94 50 36
181 94 50 36
181 94 50 36
181 94 50 36
181 94 50 36
181 95 50 36
180 95 50 36
180 95 50 36
180 95 50 36
180 96 50 36
180 96 50 36
180 96 50 36
180 97 50 36
180 97 50 36
180 97 50 36
180 97 50 36
180 97 50 36
181 97 50 36
181 97 50 36
181 98 50 36
182 97 50 36
183 97 50 36
183 97 50 36
183 97 50 36
184 96 50 36
184 96 50 36
184 97 50 36
185 96 50 36
185 96 50 36
186 96 50 36
186 96 50 36
187 96 50 36
187 96 50 36
187 96 50 36
188 95 50 36
188 96 50 36
189 95 50 36
189 96 50 36
190 96 50 36
190 96 50 36
190 96 50 36
190 97 50 36
191 97 50 36
191 97 50 36
191 97 50 36
192 97 50 36
192 97 50 36
192 98 50 36
193 98 50 36
193 98 50 36
193 98 50 36
193 98 50 36
193 99 50 36
194 98 50 36
194 98 50 36
194 99 50 36
194 99 50 36
195 99 50 36
195 99 50 36
195 99 50 36
195 99 50 36
195 99 50 36
195 99 50 36
195 99 50 36
195 99 50 36
195 99 50 36
195 99 50 36
196 99 50 36
195 99 50 36
195 99 50 36
195 99 50 36
195 99 50 36
195 99 50 36
195 99 50 36
195 99 50 36
195 99 50 36
195 100 50 36
195 99 50 36
195 99 50 36
195 99 50 36
196 99 50 36
196 99 50 36
196 99 50 36
196 99 50 36
196 99 50 36
196 99 50 36
196 99 50 36
196 99 50 36
196 98 50 36
196 99 50 36
196 99 50 36
197 99 50 36
197 99 50 36
198 99 50 36
198 99 50 36
199 99 50 36
199 99 50 36
199 99 50 36
198 100 50 36
198 99 50 36
197 99 50 36
196 98 50 36
195 98 50 36
194 98 50 36
193 97 50 36
192 97 50 36
191 97 50 36
190 97 50 36
189 98 50 36
188 98 50 36
188 98 50 36
187 98 50 36
187 98 50 36
186 98 50 36
186 98 50 36
185 98 50 36
184 98 50 36
184 98 50 36
184 98 50 36
184 98 50 36
184 98 50 36
183 99 50 36
183 98 50 36
183 98 50 36
183 98 50 36
183 98 50 36
183 99 50 36
184 98 50 36
184 99 50 36
185 98 50 36
185 99 50 36
186 99 50 36
186 99 50 36
187 99 50 36
188 99 50 36
189 100 50 36
190 99 50 36
190 100 50 36
191 100 50 36
191 100 50 36
192 100 50 36
193 100 50 36
194 100 50 36
195 100 50 36
196 100 50 36
197 100 50 36
198 100 50 36
199 100 50 36
200 100 50 36
201 101 50 36
203 100 50 36
204 100 50 36
205 99 50 36
206 100 50 36
208 99 50 36
209 99 50 36
210 99 50 36
210 100 50 36
211 99 50 36
211 100 50 36
211 99 50 36
210 100 50 36
209 101 50 36
208 101 50 36
207 100 50 36
206 99 50 36
204 99 50 36
202 99 50 36
200 99 50 36
199 98 50 36
197 98 50 36
196 98 50 36
194 98 50 36
193 97 50 36
192 97 50 36
191 97 50 36
190 97 50 36
190 96 50 36
189 96 50 36
189 96 50 36
189 95 50 36
189 96 50 36
189 96 50 36
189 96 50 36
188 96 50 36
188 95 50 36
187 95 50 36
187 94 50 36
186 94 50 36
185 93 50 36
185 91 50 36
185 90 50 36
184 89 50 36
184 88 50 36
184 87 50 36
184 86 50 36
184 86 50 36
184 86 50 36
184 85 50 36
184 85 50 36
184 85 50 36
184 85 50 36
184 84 50 36
185 83 50 36
185 83 50 36
185 82 50 36
185 82 50 36
185 82 50 36
185 81 50 36
185 81 50 36
185 82 50 36
185 82 50 36
185 83 50 36
185 84 50 36
185 86 50 36
185 87 50 36
185 89 50 36
185 90 50 36
185 91 50 36
185 93 50 36
184 95 50 36
184 96 50 36
184 98 50 36
184 99 50 36
184 101 50 36
183 104 50 36
183 105 50 36
183 106 50 36
183 108 50 36
182 110 50 36
182 112 50 36
181 114 50 36
181 117 50 36
180 120 50 36
179 123 50 36
179 125 50 36
178 127 50 36
177 129 50 36
176 132 50 36
176 132 50 36
174 134 50 36
173 135 50 36
172 135 50 36
171 134 50 36
171 133 50 36
171 132 50 36
170 131 50 36
169 130 50 36
168 129 50 36
167 128 50 36
166 128 50 36
166 127 50 36
166 126 50 36
166 125 50 36
166 124 50 36
166 126 50 36
170 124 50 36
172 122 50 36
172 121 50 36
171 119 50 36
168 117 50 36
163 117 50 36
160 116 50 36
157 116 50 36
156 117 50 36
156 119 50 36
157 120 50 36
158 121 50 36
159 122 50 36
161 122 50 36
162 123 50 36
165 119 50 36
165 118 50 36
165 116 50 36
162 116 50 36
160 114 50 36
159 112 50 36
158 111 50 36
157 111 50 36
157 110 50 36
156 109 50 36
155 108 50 36
154 108 50 36
153 109 50 36
153 109 50 36
152 108 50 36
152 106 50 36
151 105 50 36
150 103 50 36
149 103 50 36
149 102 50 36
150 102 50 36
151 102 50 36
151 103 50 36
152 103 50 36
151 104 50 36
151 103 50 36
149 104 50 36
150 101 50 36
149 99 50 36
148 98 50 36
145 98 50 36
144 98 50 36
145 97 50 36
146 98 50 36
147 100 50 36
148 102 50 36
148 103 50 36
148 103 50 36
150 101 50 36
151 101 50 36
150 101 50 36
149 101 50 36
148 100 50 36
146 100 50 36
143 101 50 36
142 102 50 36
144 103 50 36
145 104 50 36
147 104 50 36
151 104 50 36
153 105 50 36
153 106 50 36
154 105 50 36
153 106 50 36
151 105 50 36
148 105 50 36
147 104 50 36
144 104 50 36
141 106 50 36
139 108 50 36
137 111 50 36
136 112 50 36
137 114 50 36
138 114 50 36
138 114 50 36
137 114 50 36
136 114 50 36
136 113 50 36
137 112 50 36
140 111 50 36
141 111 50 36
143 111 50 36
145 111 50 36
147 111 50 36
150 110 50 36
153 110 50 36
154 109 50 36
153 109 50 36
149 109 50 36
145 109 50 36
142 109 50 36
139 111 50 36
138 114 50 36
138 116 50 36
139 117 50 36
138 118 50 36
137 119 50 36
136 120 50 36
133 121 50 36
132 121 50 36
131 122 50 36
132 121 50 36
133 120 50 36
134 119 50 36
134 118 50 36
133 116 50 36
132 114 50 36
129 112 50 36
126 110 50 36
122 108 50 36
116 106 50 36
110 105 50 36
105 104 50 36
102 102 50 36
100 101 50 36
100 101 50 36
102 100 50 36
102 100 50 36
102 100 50 36
101 100 50 36
100 99 50 36
99 100 50 36
101 99 50 36
102 99 50 36
103 99 50 36
104 99 50 36
104 100 50 36
104 100 50 36
103 100 50 36
100 100 50 36
96 100 50 36
93 99 50 36
87 99 50 36
81 99 50 36
77 98 50 36
76 98 50 36
78 98 50 36
83 100 50 36
92 102 50 36
102 105 50 36
111 107 50 36
114 109 50 36
113 110 50 36
109 110 50 36
104 109 50 36
101 107 50 36
100 107 50 36
100 106 50 36
101 107 50 36
104 108 50 36
108 109 50 36
111 110 50 36
114 110 50 36
117 110 50 36
121 110 50 36
126 111 50 36
131 113 50 36
137 113 50 36
141 113 50 36
142 113 50 36
141 113 50 36
141 112 50 36
141 112 50 36
143 111 50 36
149 110 50 36
157 109 50 36
166 109 50 36
173 110 50 36
177 111 50 36
181 112 50 36
185 112 50 36
190 114 50 36
194 114 50 36
199 115 50 36
203 117 50 36
207 118 50 36
211 118 50 36
215 118 50 36
219 118 50 36
223 117 50 36
227 117 50 36
231 116 50 36
235 116 50 36
238 116 50 36
240 116 50 36
242 116 50 36
243 117 50 36
243 117 50 36
243 116 50 36
243 116 50 36
243 116 50 36
244 116 50 36
244 115 50 36
244 115 50 36
243 116 50 36
241 117 50 36
237 116 50 36
232 116 50 36
227 115 50 36
223 113 50 36
221 112 50 36
221 112 50 36
223 113 50 36
223 115 50 36
221 117 50 36
216 117 50 36
211 116 50 36
206 115 50 36
199 114 50 36
192 113 50 36
186 111 50 36
183 111 50 36
179 111 50 36
175 111 50 36
171 111 50 36
167 110 50 36
162 110 50 36
159 110 50 36
156 109 50 36
153 110 50 36
150 110 50 36
146 110 50 36
143 110 50 36
141 111 50 36
139 112 50 36
137 112 50 36
135 114 50 36
134 115 50 36
132 116 50 36
130 117 50 36
128 118 50 36
126 116 50 36
124 115 50 36
122 115 50 36
119 115 50 36
117 116 50 36
117 116 50 36
117 114 50 36
117 112 50 36
118 111 50 36
119 111 50 36
120 111 50 36
120 114 50 36
121 119 50 36
120 123 50 36
120 127 50 36
119 129 50 36
118 129 50 36
117 128 50 36
117 124 50 36
117 117 50 36
117 111 50 36
118 105 50 36
118 100 50 36
119 96 50 36
121 94 50 36
124 93 50 36
127 95 50 36
130 100 50 36
131 106 50 36
131 113 50 36
129 120 50 36
128 124 50 36
128 125 50 36
127 125 50 36
127 122 50 36
126 119 50 36
125 116 50 36
124 113 50 36
125 108 50 36
125 103 50 36
125 98 50 36
126 94 50 36
127 92 50 36
129 94 50 36
131 97 50 36
134 104 50 36
137 110 50 36
140 113 50 36
142 114 50 36
143 113 50 36
143 109 50 36
143 106 50 36
144 102 50 36
144 99 50 36
144 96 50 36
142 95 50 36
141 93 50 36
140 92 50 36
140 91 50 36
140 89 50 36
140 85 50 36
139 83 50 36
139 82 50 36
140 84 50 36
142 86 50 36
143 90 50 36
144 98 50 36
145 105 50 36
147 111 50 36
146 113 50 36
145 115 50 36
144 114 50 36
144 111 50 36
144 107 50 36
144 103 50 36
145 99 50 36
145 96 50 36
146 92 50 36
147 87 50 36
148 86 50 36
148 87 50 36
148 91 50 36
148 98 50 36
147 109 50 36
146 121 50 36
145 133 50 36
145 140 50 36
145 139 50 36
143 135 50 36
141 128 50 36
139 120 50 36
139 110 50 36
139 101 50 36
140 94 50 36
141 88 50 36
141 86 50 36
141 88 50 36
139 93 50 36
137 101 50 36
135 113 50 36
133 125 50 36
131 135 50 36
130 142 50 36
128 143 50 36
126 136 50 36
123 125 50 36
124 113 50 36
99 129 50 36
97 120 50 36
95 114 50 36
93 113 50 36
92 117 50 36
112 99 50 36
113 107 50 36
109 125 50 36
112 131 50 36
109 137 50 36
106 135 50 36
104 126 50 36
106 113 50 36
107 100 50 36
110 87 50 36
112 77 50 36
113 70 50 36
111 67 50 36
110 65 50 36
109 68 50 36
107 75 50 36
104 86 50 36
102 100 50 36
100 114 50 36
98 126 50 36
98 133 50 36
96 135 50 36
95 130 50 36
94 120 50 36
94 109 50 36
95 96 50 36
97 84 50 36
98 75 50 36
99 69 50 36
99 67 50 36
98 70 50 36
97 78 50 36
96 92 50 36
96 109 50 36
94 126 50 36
86 144 50 36
84 155 50 36
82 157 50 36
81 151 50 36
80 140 50 36
83 126 50 36
86 111 50 36
90 98 50 36
92 89 50 36
94 83 50 36
95 82 50 36
95 86 50 36
95 96 50 36
95 110 50 36
95 126 50 36
94 143 50 36
91 154 50 36
89 159 50 36
88 153 50 36
88 142 50 36
91 127 50 36
93 110 50 36
96 94 50 36
98 82 50 36
99 74 50 36
99 70 50 36
99 73 50 36
97 81 50 36
96 95 50 36
95 111 50 36
92 127 50 36
89 137 50 36
88 139 50 36
86 134 50 36
85 124 50 36
86 110 50 36
88 94 50 36
91 79 50 36
94 68 50 36
95 61 50 36
96 58 50 36
96 60 50 36
95 67 50 36
93 79 50 36
93 97 50 36
93 115 50 36
92 133 50 36
90 146 50 36
91 153 50 36
91 150 50 36
91 140 50 36
92 127 50 36
94 113 50 36
94 100 50 36
95 91 50 36
95 86 50 36
96 86 50 36
97 92 50 36
98 104 50 36
98 119 50 36
97 134 50 36
95 143 50 36
94 144 50 36
93 138 50 36
93 127 50 36
95 116 50 36
97 106 50 36
98 97 50 36
99 92 50 36
100 92 50 36
101 98 50 36
99 113 50 36
98 131 50 36
95 149 50 36
93 155 50 36
93 149 50 36
94 138 50 36
95 127 50 36
99 113 50 36
104 98 50 36
109 84 50 36
113 75 50 36
116 70 50 36
119 70 50 36
121 76 50 36
123 86 50 36
123 98 50 36
123 107 50 36
125 112 50 36
128 112 50 36
130 105 50 36
133 94 50 36
139 80 50 36
143 69 50 36
147 60 50 36
150 56 50 36
154 57 50 36
156 63 50 36
156 74 50 36
156 89 50 36
155 107 50 36
155 121 50 36
153 131 50 36
153 133 50 36
154 126 50 36
157 113 50 36
160 99 50 36
163 85 50 36
169 72 50 36
172 62 50 36
174 56 50 36
175 54 50 36
176 57 50 36
176 64 50 36
176 77 50 36
177 93 50 36
180 110 50 36
180 125 50 36
181 133 50 36
181 132 50 36
181 124 50 36
181 111 50 36
182 96 50 36
183 82 50 36
186 69 50 36
189 59 50 36
189 54 50 36
191 52 50 36
191 54 50 36
189 60 50 36
189 69 50 36
189 82 50 36
190 97 50 36
189 111 50 36
189 121 50 36
189 125 50 36
188 123 50 36
186 116 50 36
186 107 50 36
186 96 50 36
187 85 50 36
188 76 50 36
187 70 50 36
188 65 50 36
188 64 50 36
187 66 50 36
186 71 50 36
186 78 50 36
185 88 50 36
186 98 50 36
186 107 50 36
185 112 50 36
184 112 50 36
182 108 50 36
181 101 50 36
181 92 50 36
183 83 50 36
184 77 50 36
183 74 50 36
182 74 50 36
184 77 50 36
184 85 50 36
184 95 50 36
185 106 50 36
184 116 50 36
183 123 50 36
182 125 50 36
182 121 50 36
183 114 50 36
185 107 50 36
187 100 50 36
190 94 50 36
192 89 50 36
194 86 50 36
196 85 50 36
196 87 50 36
196 91 50 36
196 98 50 36
197 105 50 36
197 112 50 36
197 116 50 36
196 117 50 36
195 112 50 36
195 106 50 36
195 99 50 36
196 93 50 36
196 89 50 36
197 86 50 36
197 86 50 36
197 89 50 36
199 93 50 36
200 99 50 36
201 105 50 36
201 110 50 36
200 110 50 36
198 108 50 36
197 104 50 36
197 99 50 36
196 96 50 36
196 94 50 36
195 93 50 36
192 94 50 36
187 96 50 36
184 98 50 36
180 101 50 36
179 103 50 36
181 105 50 36
186 108 50 36
192 109 50 36
199 110 50 36
209 110 50 36
215 110 50 36
220 111 50 36
226 113 50 36
222 126 50 36
228 128 50 36
231 130 50 36
233 131 50 36
234 131 50 36
234 132 50 36
233 132 50 36
230 132 50 36
238 119 50 36
234 118 50 36
231 118 50 36
226 117 50 36
222 115 50 36
218 115 50 36
213 113 50 36
208 112 50 36
204 112 50 36
198 111 50 36
193 111 50 36
188 109 50 36
184 107 50 36
180 106 50 36
175 104 50 36
172 104 50 36
169 102 50 36
168 101 50 36
166 101 50 36
165 100 50 36
164 100 50 36
164 100 50 36
163 100 50 36
163 101 50 36
162 101 50 36
162 101 50 36
162 101 50 36
162 101 50 36
163 102 50 36
163 102 50 36
164 103 50 36
165 104 50 36
166 105 50 36
168 106 50 36
170 107 50 36
171 108 50 36
173 109 50 36
174 111 50 36
176 113 50 36
178 115 50 36
181 117 50 36
182 118 50 36
185 120 50 36
186 122 50 36
188 124 50 36
189 124 50 36
191 126 50 36
192 127 50 36
196 129 50 36
197 130 50 36
200 132 50 36
201 132 50 36
202 133 50 36
205 134 50 36
206 133 50 36
207 132 50 36
208 131 50 36
209 129 50 36
212 129 50 36
213 128 50 36
214 127 50 36
215 127 50 36
217 127 50 36
218 127 50 36
218 127 50 36
219 128 50 36
220 129 50 36
220 129 50 36
220 130 50 36
221 131 50 36
221 132 50 36
222 132 50 36
223 131 50 36
223 131 50 36
223 130 50 36
223 129 50 36
223 129 50 36
224 130 50 36
225 128 50 36
226 126 50 36
226 124 50 36
226 122 50 36
226 122 50 36
226 121 50 36
226 121 50 36
226 122 50 36
226 122 50 36
225 122 50 36
225 123 50 36
224 123 50 36
223 123 50 36
223 124 50 36
223 124 50 36
225 125 50 36
226 125 50 36
227 125 50 36
227 125 50 36
226 125 50 36
223 125 50 36
220 124 50 36
216 124 50 36
213 124 50 36
209 123 50 36
206 123 50 36
203 123 50 36
201 123 50 36
199 123 50 36
197 122 50 36
196 122 50 36
196 123 50 36
195 123 50 36
195 123 50 36
195 123 50 36
195 123 50 36
195 123 50 36
195 123 50 36
196 123 50 36
197 123 50 36
197 123 50 36
198 123 50 36
198 122 50 36
199 122 50 36
200 122 50 36
201 122 50 36
203 124 50 36
204 126 50 36
205 129 50 36
206 132 50 36
206 134 50 36
206 137 50 36
205 138 50 36
204 140 50 36
203 140 50 36
204 141 50 36
204 141 50 36
206 141 50 36
207 140 50 36
209 141 50 36
210 141 50 36
211 141 50 36
212 141 50 36
214 141 50 36
215 141 50 36
216 140 50 36
217 141 50 36
219 143 50 36
220 146 50 36
219 151 50 36
217 160 50 36
214 174 50 36
