1.0
1.4142135623730951
1.4142135623730951
5.0
8.0
9.0
9.055385138137417
8.54400374531753
7.615773105863909
7.0
7.0
5.0
5.0990195135927845
7.0710678118654755
10.770329614269007
8.94427190999916
9.433981132056603
17.46424919657298
10.295630140987
12.165525060596439
8.602325267042627
8.48528137423857
7.0710678118654755
7.810249675906654
5.385164807134504
5.385164807134504
5.830951894845301
6.082762530298219
8.0
7.0710678118654755
7.0710678118654755
6.082762530298219
7.0
7.0710678118654755
7.810249675906654
8.48528137423857
9.433981132056603
10.295630140987
10.0
9.848857801796104
13.0
6.708203932499369
8.06225774829855
6.708203932499369
6.4031242374328485
8.94427190999916
8.94427190999916
9.848857801796104
9.486832980505138
13.341664064126334
9.055385138137417
13.416407864998739
10.770329614269007
7.0
10.44030650891055
10.770329614269007
13.038404810405298
11.180339887498949
9.486832980505138
10.44030650891055
11.180339887498949
10.44030650891055
10.295630140987
9.848857801796104
11.045361017187261
9.055385138137417
7.280109889280518
9.055385138137417
12.041594578792296
4.47213595499958
5.0990195135927845
8.246211251235321
10.04987562112089
9.055385138137417
9.486832980505138
8.0
8.246211251235321
4.123105625617661
2.0
10.0
11.40175425099138
11.661903789690601
13.45362404707371
13.45362404707371
10.816653826391969
10.0
5.0
3.1622776601683795
1.0
3.1622776601683795
7.280109889280518
3.605551275463989
9.219544457292887
9.848857801796104
9.848857801796104
10.0
6.324555320336759
5.385164807134504
7.0
6.324555320336759
5.385164807134504
3.1622776601683795
8.06225774829855
10.0
7.0710678118654755
8.48528137423857
5.0
3.1622776601683795
5.0990195135927845
5.830951894845301
8.06225774829855
8.48528137423857
10.295630140987
9.899494936611665
12.529964086141668
13.601470508735444
12.083045973594572
11.180339887498949
8.602325267042627
9.433981132056603
10.0
7.810249675906654
10.0
10.295630140987
9.433981132056603
10.816653826391969
6.708203932499369
5.830951894845301
7.810249675906654
7.280109889280518
6.4031242374328485
7.0710678118654755
10.0
11.661903789690601
12.529964086141668
10.770329614269007
11.180339887498949
12.206555615733702
11.40175425099138
12.206555615733702
9.219544457292887
10.295630140987
7.810249675906654
5.385164807134504
5.0990195135927845
6.324555320336759
9.848857801796104
7.615773105863909
7.211102550927978
8.602325267042627
9.219544457292887
11.40175425099138
12.806248474865697
10.63014581273465
9.899494936611665
12.206555615733702
14.212670403551895
11.180339887498949
13.038404810405298
14.317821063276353
13.0
12.083045973594572
11.661903789690601
10.0
10.0
8.602325267042627
7.615773105863909
7.0710678118654755
5.0
12.206555615733702
10.816653826391969
10.295630140987
14.212670403551895
16.278820596099706
15.556349186104045
13.45362404707371
15.0
14.866068747318506
15.0
13.038404810405298
9.219544457292887
13.038404810405298
16.1245154965971
11.661903789690601
13.601470508735444
14.422205101855956
13.601470508735444
13.038404810405298
12.083045973594572
14.866068747318506
17.72004514666935
18.973665961010276
19.6468827043885
20.615528128088304
21.587033144922902
22.561028345356956
22.80350850198276
22.360679774997898
22.20360331117452
21.213203435596427
21.840329667841555
20.615528128088304
21.18962010041709
21.37755832643195
23.194827009486403
25.317977802344327
29.274562336608895
31.25699921617557
31.400636936215164
29.274562336608895
31.575306807693888
33.13608305156178
31.144823004794873
32.14031735997639
33.13608305156178
33.015148038438355
33.015148038438355
32.01562118716424
33.0
36.0
41.012193308819754
43.01162633521314
48.010415536631214
47.0
47.01063709417264
48.041648597857254
51.03920062069938
51.0098029794274
52.0
51.03920062069938
51.0098029794274
51.0
52.0
55.08175741568164
55.08175741568164
58.008620049092706
61.032778078668514
62.03224967708329
62.03224967708329
65.03076195155643
64.00781202322104
66.007575322837
66.03029607687671
69.0
70.02856560004639
71.00704190430693
70.00714249274856
71.00704190430693
71.00704190430693
68.0
66.06814663663572
69.00724599634447
72.02777242147643
75.05997601918082
77.02596964660685
83.05419917138447
89.35882720806042
92.65527507918802
96.33794683301072
99.04039579888602
100.68763578513501
104.69479452198185
109.11003620199197
110.72488428533127
113.08846094982458
116.46887996370532
114.54256850621083
116.29703349613007
119.0
121.8031198286809
128.1288414058287
125.39936203984452
129.5414991421668
136.75159962501354
140.06427096158393
144.77914214416384
145.6605643267937
148.00337833982033
149.80654191322887
152.2694979304785
157.61345120261785
158.25612152457168
162.3730273167314
165.0969412193939
174.3158053648607
175.82377541163197
177.80044994318772
176.86718180600946
178.2806775845324
178.932948335403
181.76083186429358
185.28356645962967
184.5670609832643
188.09572031282372
192.37983262286096
195.90048494069634
199.48433522459854
200.83824337013107
203.6516633862832
205.0609665440988
209.30360723121808
212.1508896988179
215.07673049402624
215.8077848456816
220.83930809527547
223.80795338861395
224.64416306683776
226.25870149013053
225.61028345356956
228.67444107289296
231.1384866265244
231.91808898833224
230.84193726444076
233.64930986416374
236.20541907416094
237.00210969525145
239.80408670412604
241.40008285002722
243.6000821017924
240.4100663449848
235.6713813766958
237.0759372015642
238.21418933388497
237.2003372678884
237.00210969525145
238.8053600738476
238.0021008310641
236.81427321848656
237.62154784446633
234.61031520374377
232.2003445303215
227.42251427684113
227.7015590636129
226.92069099136816
227.86399452304877
227.24656213021134
225.055548698538
225.84286572747877
223.32935319836486
225.055548698538
223.32935319836486
220.6762334280699
219.1118435867856
216.14809737770074
216.00462958001617
216.77868898948532
215.37177159507232
217.70622407271685
218.4879859397308
219.44019686465833
217.24870540465827
209.990475974507
212.2851855405836
212.41704263076446
213.33541665649423
216.46246787838302
214.61826576505553
217.20036832381294
218.0022935659164
219.02054698132775
221.45202640752692
223.32263655975405
226.35591443565153
226.61200321253946
224.71537553091466
226.35591443565153
226.35591443565153
226.61200321253946
227.437903613272
227.17834403833479
227.74766738651792
228.31995094603536
227.17834403833479
227.437903613272
227.74766738651792
228.31995094603536
228.31995094603536
229.13969538253298
228.31995094603536
229.13969538253298
227.74766738651792
229.3926764306132
229.13969538253298
230.53199344125753
230.8679276123039
231.10603626906848
233.89313799254566
231.10603626906848
230.53199344125753
232.99785406737118
231.60742647851342
229.96086623597503
232.99785406737118
232.99785406737118
232.99785406737118
232.99785406737118
234.64867355261143
236.60304309116566
239.63305281200255
240.18534509832193
238.79907872519107
237.69938998659632
235.47823678633233
235.22967499871268
234.69128658729537
234.79565583715555
236.61149591682988
233.25736858671797
234.3885662740399
232.71012010653942
233.54871012274933
236.31546711969574
233.00643767930532
233.00643767930532
234.3885662740399
233.54871012274933
232.16588896735024
234.69128658729537
231.87280996270349
232.16588896735024
232.46720198772127
234.15593095200472
234.47174669882938
234.47174669882938
233.94443784796422
232.7767170487633
231.08656386730925
229.17242417009948
227.79376637651873
227.17834403833479
228.01973598791838
228.56071403458645
225.79636843846714
224.18965185752887
221.96396103872357
223.03362975121038
220.90722034374522
221.11761576138613
220.05681084665386
217.51321798916038
217.83020910791964
215.60380330597138
213.06337085477645
210.535032714273
208.3122656014283
209.1219739769114
208.84922791334424
204.9634113689563
200.24984394500785
200.81085628023203
196.9466932954194
193.60010330575756
191.38442987871298
187.27786842016332
182.40888136272312
177.85949510779568
175.4223474931287
169.2010638264429
163.04907236779974
161.33505508723144
150.33296378372907
144.42298985964803
137.88763541376724
130.83195328359201
125.99206324209474
121.16517651536682
117.15374513859982
111.66467659918243
105.80170130957252
98.22932352408826
92.91393867445294
87.66413177577246
83.24061508662703
84.53401682163222
80.52949770115296
80.05623023850174
79.6994353806851
81.39410298049853
81.0
84.5931439302264
81.04936767180853
83.16850365372699
89.55445270895244
90.33825324855468
92.78469701410896
94.40338976964757
95.26804291051643
94.847245611035
89.80534505250787
95.13148795220224
92.41753080449618
93.15041599477696
97.04638066409278
102.31813133555558
112.89375536317321
120.50311199301038
127.88275880665071
135.9779393872403
142.63590010933433
147.05441169852742
153.37861650177967
154.40207252495026
157.00318468107582
162.265215003093
163.95426191471816
171.81385275931623
174.95713760804387
180.2692430782356
183.19934497699495
188.47015678881365
194.18032856085088
198.59506539690256
206.194083329275
213.5883891975404
221.53103620034824
228.37250272307304
234.44615586526473
242.82503989498284
248.8875247978492
254.13579047430528
259.1138745802702
267.9888057363591
285.9265639985204
289.99482754007875
296.05742686174926
300.9584688956269
306.86316168611705
313.9187793044564
318.76009787926716
320.62439083762797
325.61480310329875
330.6055050963308
334.53998266276034
337.53518335130633
341.4747428434496
342.37406443829826
337.2906758272455
338.21295066865787
337.25064862799
336.1487765856065
337.0726924566866
335.00597009605667
333.0015014981164
336.0133925902359
334.0014970026332
333.0015014981164
331.02416830195347
331.0060422409235
330.00151514803684
329.0015197533288
327.00611615075337
327.0137611783333
324.0
324.0015432062014
322.0
319.0
318.0
317.00157728314224
318.0062892459833
316.0142401854701
318.0393057469469
316.0395544864598
315.1015709259476
313.05750270517393
311.231425148554
309.23292192132453
309.2733418838423
305.32114240582814
303.37105992497044
301.2806001056158
298.28342226815084
295.24396691549856
292.3850201361212
287.3412605248331
279.21676167450977
269.31394319641157
263.3723599772763
256.56383221335
252.87348615463821
248.3646512690564
243.85241438214223
237.16871631815187
228.25424421026653
221.472345903501
215.5411793602327
206.194083329275
198.13379318026495
187.6725872363889
181.59295140505867
174.52220489095365
168.0773631397161
160.90059042775448
155.82361823549087
150.8509197850646
143.8923208513922
139.5886814895821
135.14806694880988
130.61393493804556
127.3459854098275
123.69316876852982
123.69316876852982
122.48265183282079
121.59769734661919
120.41594578792295
117.47765745025733
114.75626344561765
116.72617529928752
117.71151175649729
122.8087944733601
126.49505919204908
129.43724348115578
131.40015220691336
132.01893803541975
133.18032887780387
133.3604139165742
132.09844813622905
131.4610208388783
127.00393694685216
125.14391715141412
128.0
133.06013678032951
146.05478424207814
150.33296378372907
150.16324450410627
147.00340132119393
139.91783303067555
141.59802258506295
154.02921800749363
158.3161394173064
157.3848785620779
158.71042813879623
158.02847844613325
156.55350523063993
157.16551784663199
156.01602481796542
157.50872991678906
155.9134375222354
153.7595525487766
152.7776161615307
146.81280598094978
145.16886718577092
139.74262055650738
133.82077566656082
128.08200498118384
127.283148923964
123.45444503945575
114.0175425099138
105.30432089900205
102.47438704378767
86.81589716175259
77.25283166331187
68.8839603971781
65.36818798161687
45.45327270945405
41.773197148410844
38.948684188300895
30.886890422961002
25.019992006393608
31.38470965295043
39.20459156782532
43.9089968002003
44.01136216933077
43.01162633521314
40.24922359499622
55.44366510251645
52.952809179494906
50.92150822589606
51.894122981316485
52.32590180780452
53.665631459994955
52.80151512977634
51.54609587543949
52.49761899362675
53.45091205957107
56.293871780150276
56.089214649520635
35.22782990761707
55.57877292636101
60.530983801686226
61.814237842102365
61.5223536610881
61.204574992397426
60.13318551349163
60.07495318350236
62.03224967708329
59.00847396772772
60.07495318350236
63.12685640834652
61.29437168288782
59.682493245507096
59.413803110051795
63.387695966961914
63.387695966961914
65.37583651472461
63.0317380372777
62.0
62.00806399170998
62.03224967708329
44.04543109109048
64.1248781675256
63.28506932918696
63.387695966961914
64.19501538281614
64.4980619863884
65.19202405202648
67.26812023536856
71.11258679024411
67.00746227100382
68.0294054067798
68.11754546370561
65.00769185258002
62.0
61.00819617067857
63.00793600809346
66.06814663663572
68.11754546370561
68.11754546370561
68.26419266350405
67.26812023536856
67.89698078707183
69.18092222571191
71.84705978674423
73.00684899377592
76.55063683601855
