16.0312195418814
29.68164415931166
39.92492955535426
40.85339643163099
43.32435804486894
42.7551166528639
42.7551166528639
42.42640687119285
41.048751503547585
39.824615503479755
38.47076812334269
39.56008088970496
41.88078318274385
42.44997055358225
44.553338819890925
55.072679252057455
56.61271941887264
55.97320787662612
59.033888572581766
62.48199740725323
65.76473218982953
65.06919393998976
73.57309290766564
83.21658488546619
90.47098982546837
91.21403400793103
92.65527507918802
102.88342918079665
116.1077086157504
112.44998888394787
127.251719045363
139.0323703315167
144.08677940741129
150.0133327407934
153.08167754502824
155.32224567009067
154.46682491719702
154.72879499304582
155.16765126791086
155.8589105569521
155.0290295396317
158.8238017426859
158.97798589741913
163.08586695357755
157.08914666519772
157.4960316960399
147.6651617681029
156.1569723067145
156.259399717265
160.37767924496225
153.39491516996253
143.0314650697531
149.08386901338454
153.08167754502824
163.1502375113196
165.14841809717706
164.14932226482082
164.1097193952875
151.46286673637206
147.2311108427835
154.434452114805
150.08331019803634
161.37224048763778
162.9969324864735
154.63505424062166
156.62694531912445
165.873445734994
151.60804727981954
159.80300372646317
151.08275877809487
148.47558721890948
156.52475842498527
144.01388821915754
163.77118183612157
169.0562036720333
170.03823099526764
170.42593699317015
190.04473157654226
209.6687864227768
219.86586820150143
230.0630348404541
244.59149617270018
251.4358765172544
265.9624033580686
268.895890634275
290.90376415577714
300.12330799189857
312.27231705676377
321.49183504406454
328.2209621581169
335.0492501110844
323.2336616133908
324.211350819184
325.39975414864716
340.6948781534586
343.0757933751666
344.26879033685293
345.79329085452196
343.41956845817623
345.46345682285994
329.1018079561399
340.4849482723135
345.5835644240044
333.4021595610922
338.4981536138713
324.98153793715727
308.2985565973347
311.23785116852355
330.4557459025338
347.9109081359767
344.97101327502867
353.9901128562774
341.4395993437199
355.95083930228344
363.0110191165001
350.06999300139967
349.48247452483224
362.22782885913114
344.19325966671687
357.5262228144951
355.5334020876238
361.83559802761255
375.7685457831722
377.9219496139381
375.7685457831722
376.5634076752546
362.0662922725616
368.1480680378481
361.3377921004112
346.67708317683764
343.28413887041154
326.83329083800504
346.06646760412946
363.5010316353999
379.6063750781854
366.1174674882366
387.6596445337069
377.46523018683456
373.18628056240226
366.7764987018661
376.31104156003715
374.00802130435653
390.2832304878087
405.093816294448
399.2705849420916
381.4315141673535
392.4742029739025
403.4067426308093
404.293210430252
402.8001986096829
402.3046109604015
409.48015824945657
410.85885654321726
398.39302202724383
418.91765300593386
404.18312681258726
418.32523232528064
398.949871537766
379.443012849097
361.3377921004112
365.16845427829605
374.22185932946246
369.99729728742614
374.09223461601016
360.69377593742865
373.9652390263031
381.29253861044805
388.2331773560833
413.5408081435253
421.6028937282096
441.82349416933454
428.54404674432243
418.9940333704049
430.15462336234395
429.1619740843776
438.33890997720016
438.09702121790326
452.23555808892337
466.1383914675984
467.1316730858656
448.79393935301755
430.359152336743
451.45320909259243
459.2101915245349
463.9073183298578
460.7341966904562
447.59133146208274
433.4616476690873
417.306841544684
427.3382735023859
418.26905216618644
419.2016221342661
428.2289107475113
406.1489874418007
397.06170805052454
386.0323820614017
382.0117799230804
392.03188645823184
406.4443381325418
423.5209557979392
437.4574264999967
453.5339017096737
447.017896733453
434.37311150668614
448.361461323339
444.3647150708526
451.32028538500236
431.29688150970907
416.2355102583152
433.22626882496405
416.14540727971513
431.11599367223664
418.07654801483426
421.0760026408534
424.04245070511513
424.00117924364315
420.0011904745033
413.0048425866215
419.47705539159114
415.5827234137627
401.10098479061355
402.07959411041986
419.09664756473535
399.18041034098854
402.27975340551257
420.267771783657
411.4863302711282
421.62779794505957
429.7278208354679
448.8128786030989
431.84487955746334
414.9457795905388
436.1754234250252
450.2110616144388
468.46344574577
457.73900860643283
457.56420314530726
444.6684157886638
477.31017169132275
503.7479528494384
503.88589978287746
514.646480605862
525.9144417108167
518.7725898695883
527.803940871987
518.9566455880491
532.2593352868506
545.1467692282511
542.8259389528101
553.3362449722591
553.976533799041
554.3581874564495
559.4077225065811
555.9298516899412
546.4439587002495
543.3461143691009
541.413889736863
539.570199325352
533.1041174104736
517.3412800076948
530.1848734168111
527.3101554114049
532.0037593852134
531.3002917371682
531.8966064941569
524.6046130182235
521.7288567829079
520.4853504182419
519.4323825099856
519.0
523.2093271339876
524.2375415782429
513.8725522928813
519.0857347298229
520.1624746173064
502.4937810560445
485.4616359713711
480.8513283749978
474.54609891979936
492.309861774066
485.3143311298359
505.92983703276485
509.86370727871974
528.7768905691701
523.2561514210798
518.1447674154396
523.0114721495122
528.9102003175965
528.8667128870941
511.0352238349134
491.54959058064526
507.32731052053566
523.8597140456594
528.6984017377015
530.0037735714718
514.4667141808108
521.1612034677946
502.64102498701794
497.2574785762402
512.8840024800929
511.8456798684541
504.52551967170103
487.3776769611017
474.3047543510396
475.2136361679871
491.6960443200657
484.50593391619054
487.64741360946437
479.40066750057827
476.92347394524415
467.6964827748868
455.642403645666
457.6330407651965
461.8625336612616
458.70360800848295
455.5107023989667
455.14063760556473
454.211404524369
443.6361121459794
462.94384108658363
462.77424301704605
456.6946463447979
458.9259199478713
456.16225183590103
465.2364989980902
446.75272802748503
441.6933325283505
442.45903765207464
419.1443665373543
416.0048076645269
413.23722000807237
398.4683174356526
392.21040271772495
391.3693907295255
400.3560914985558
399.53097501945956
387.07234465923807
386.98837191833036
390.3562475483132
387.76926128820475
383.4709897762802
387.96391584785306
383.40709435272584
378.6000528261981
358.0628436461957
356.45196029759745
352.115038020247
352.115038020247
352.9305880764658
