4.0
4.0
5.0990195135927845
4.0
5.0990195135927845
6.082762530298219
5.5901699437494745
5.024937810560445
6.082762530298219
4.6097722286464435
4.743416490252569
6.020797289396148
4.527692569068709
6.082762530298219
6.020797289396148
5.024937810560445
3.5355339059327378
6.0
4.5
4.743416490252569
4.6097722286464435
5.0
4.527692569068709
5.024937810560445
5.0990195135927845
4.5
4.6097722286464435
4.527692569068709
5.522680508593631
4.031128874149275
4.031128874149275
4.272001872658765
5.0990195135927845
4.272001872658765
2.5
2.9154759474226504
4.123105625617661
5.220153254455275
5.5901699437494745
4.527692569068709
5.220153254455275
4.743416490252569
4.6097722286464435
5.024937810560445
3.8078865529319543
5.0990195135927845
4.527692569068709
5.024937810560445
5.024937810560445
5.220153254455275
3.5355339059327378
4.031128874149275
4.47213595499958
4.6097722286464435
5.0990195135927845
4.743416490252569
5.024937810560445
4.527692569068709
5.0990195135927845
6.082762530298219
5.70087712549569
6.5
5.385164807134504
5.5901699437494745
4.123105625617661
4.272001872658765
3.1622776601683795
7.566372975210778
4.0
4.924428900898052
5.830951894845301
4.924428900898052
5.5901699437494745
4.272001872658765
5.385164807134504
5.385164807134504
5.5901699437494745
7.0710678118654755
8.139410298049853
7.158910531638177
6.519202405202649
8.0156097709407
7.0
6.0
6.519202405202649
8.514693182963201
7.0710678118654755
6.800735254367722
5.5901699437494745
4.924428900898052
5.5901699437494745
5.0990195135927845
6.5
5.5
5.5
5.70087712549569
8.0156097709407
6.576473218982953
6.5
6.082762530298219
6.946221994724902
5.408326913195984
7.158910531638177
6.96419413859206
7.280109889280518
7.158910531638177
6.800735254367722
7.615773105863909
7.280109889280518
8.246211251235321
7.0
7.158910531638177
8.200609733428363
9.5524865872714
7.211102550927978
9.17877987534291
8.54400374531753
7.762087348130012
10.307764064044152
9.5524865872714
7.0710678118654755
7.158910531638177
5.5901699437494745
6.020797289396148
7.0178344238090995
6.800735254367722
7.3824115301167
6.041522986797286
5.830951894845301
6.519202405202649
4.716990566028302
5.522680508593631
3.640054944640259
5.5901699437494745
7.566372975210778
8.558621384311845
9.013878188659973
7.648529270389178
7.566372975210778
7.158910531638177
6.020797289396148
10.04987562112089
8.077747210701755
6.800735254367722
8.631338250816034
7.280109889280518
6.800735254367722
5.70087712549569
4.123105625617661
5.1478150704935
4.242640687119285
3.5355339059327378
4.924428900898052
6.5
5.385164807134504
4.272001872658765
6.96419413859206
6.082762530298219
6.082762530298219
5.220153254455275
7.648529270389178
4.123105625617661
7.0710678118654755
6.0
4.6097722286464435
6.0
4.527692569068709
5.024937810560445
4.272001872658765
6.576473218982953
6.324555320336759
5.220153254455275
6.519202405202649
7.5
6.0
5.024937810560445
4.0
5.024937810560445
4.527692569068709
6.519202405202649
6.576473218982953
8.246211251235321
8.631338250816034
7.0710678118654755
8.73212459828649
8.860022573334675
6.946221994724902
7.615773105863909
9.340770846134703
9.192388155425117
9.433981132056603
9.192388155425117
10.307764064044152
8.200609733428363
7.211102550927978
8.860022573334675
6.5
3.0
7.158910531638177
6.519202405202649
6.103277807866851
4.301162633521313
8.0156097709407
6.5
3.0413812651491097
4.924428900898052
3.5
4.031128874149275
5.0
7.3824115301167
5.0
5.70087712549569
3.3541019662496847
6.519202405202649
5.0
6.4031242374328485
4.743416490252569
6.082762530298219
6.324555320336759
8.54400374531753
6.576473218982953
10.198039027185569
10.012492197250394
9.617692030835672
9.486832980505138
8.860022573334675
9.82344135219425
9.394147114027968
6.264982043070834
6.5
3.5
2.0615528128088303
3.605551275463989
2.1213203435596424
3.905124837953327
1.8027756377319946
4.031128874149275
2.5
2.692582403567252
5.0
6.4031242374328485
7.632168761236874
9.17877987534291
9.82344135219425
6.103277807866851
3.2015621187164243
2.692582403567252
2.0615528128088303
3.0
0.7071067811865476
1.4142135623730951
1.4142135623730951
2.0615528128088303
1.8027756377319946
2.9154759474226504
1.8027756377319946
2.0
1.5811388300841898
3.640054944640259
1.4142135623730951
3.0413812651491097
2.0615528128088303
3.0413812651491097
0.7071067811865476
3.8078865529319543
1.0
1.118033988749895
2.5495097567963922
4.716990566028302
3.8078865529319543
5.0
2.5495097567963922
1.4142135623730951
2.0615528128088303
2.8284271247461903
4.527692569068709
7.158910531638177
8.276472678623424
9.433981132056603
8.860022573334675
10.594810050208546
10.295630140987
8.73212459828649
6.264982043070834
6.96419413859206
7.211102550927978
7.826237921249264
6.18465843842649
7.566372975210778
6.670832032063167
6.18465843842649
5.5901699437494745
6.0
5.70087712549569
7.158910531638177
6.708203932499369
7.516648189186454
7.0710678118654755
5.5
4.6097722286464435
5.0
4.031128874149275
5.220153254455275
5.5
5.385164807134504
4.6097722286464435
4.716990566028302
4.743416490252569
4.527692569068709
5.1478150704935
4.716990566028302
5.70087712549569
3.0
4.031128874149275
3.2015621187164243
6.264982043070834
4.301162633521313
3.8078865529319543
5.5901699437494745
3.640054944640259
5.408326913195984
2.1213203435596424
1.4142135623730951
4.6097722286464435
6.103277807866851
6.946221994724902
8.631338250816034
11.40175425099138
10.547511554864494
11.045361017187261
9.82344135219425
10.04987562112089
10.012492197250394
10.198039027185569
11.543396380615196
10.012492197250394
13.536986370680884
10.44030650891055
11.236102527122116
15.132745950421556
12.539936203984453
11.180339887498949
9.5524865872714
12.165525060596439
7.3824115301167
7.826237921249264
9.013878188659973
8.276472678623424
10.920164833920778
7.433034373659253
10.198039027185569
12.093386622447824
12.509996003196804
11.884864324004713
11.280514172678478
11.672617529928752
12.257650672131263
9.848857801796104
9.86154146165801
9.656603957913983
10.404326023342406
9.013878188659973
7.810249675906654
9.617692030835672
12.165525060596439
11.510864433221338
11.045361017187261
9.17877987534291
9.5524865872714
10.965856099730654
10.307764064044152
11.10180165558726
10.062305898749054
9.617692030835672
10.0
11.800423721205947
12.103718436910205
12.379418403139947
14.866068747318506
13.45362404707371
14.159802258506296
13.341664064126334
14.326548781894402
13.865424623862047
13.038404810405298
11.926860441876563
12.5
12.103718436910205
9.7082439194738
10.259142264341596
8.902246907382429
11.510864433221338
9.300537618869138
9.433981132056603
10.307764064044152
9.962429422585638
10.124228365658293
11.01135777277262
10.5
12.257650672131263
13.46291201783626
13.92838827718412
13.209844813622906
13.285330255586423
10.770329614269007
10.770329614269007
10.5
10.012492197250394
10.547511554864494
8.06225774829855
6.324555320336759
9.013878188659973
7.826237921249264
9.055385138137417
6.96419413859206
11.423659658795863
11.704699910719626
12.083045973594572
12.747548783981962
14.317821063276353
13.313526955694348
13.729530217745982
13.200378782444085
13.901438774457844
14.5
13.209844813622906
14.150971698084906
11.510864433221338
12.020815280171307
14.7648230602334
14.0089257261219
14.422205101855956
14.422205101855956
14.577379737113251
15.88238017426859
16.101242188104617
15.008331019803634
16.650825805346713
16.278820596099706
16.507574019219177
17.92344832893492
17.334935823359714
17.92344832893492
18.848076824970764
17.72004514666935
17.46424919657298
17.755280904564703
18.33712082089225
18.66815470259447
18.560711193270585
15.337861650177967
16.224980739587952
16.32482771731451
15.116216457830975
15.556349186104045
18.553975315279473
20.0124960961895
20.155644370746373
23.11384866265244
24.300205760445735
22.901964981197573
21.633307652783937
22.588713996153036
21.70829334609241
19.96246477767713
18.12456896039186
18.200274723201296
16.77050983124842
15.041608956491324
17.613914953808536
21.02379604162864
24.026027553467927
23.16246964380094
24.041630560342615
23.08679276123039
25.10975905897944
27.064737205448715
25.079872407968907
25.0
25.5049014897137
26.504716561397142
26.019223662515376
24.046829312822098
24.005207768315607
24.0
23.0
21.552262062252307
22.54994456755936
20.59732992404598
19.059118552545918
18.027756377319946
16.507574019219177
15.787653403846944
16.1245154965971
14.317821063276353
15.041608956491324
15.182226450688976
15.508062419270823
14.705441169852742
15.182226450688976
14.560219778561036
14.317821063276353
15.628499608087784
17.18284027743958
25.495097567963924
26.201145013147805
26.201145013147805
29.364093720052047
44.206899913927465
51.034302189801714
55.832338299591214
55.12939324897382
54.817880294662984
51.00245092149984
49.74434641243163
49.74434641243163
47.80167361086848
50.50990001969911
51.03920062069938
50.855186559484764
54.33691194758863
57.47390712314589
73.44725998973685
77.4919350642375
84.96028483944718
87.0976463516667
86.19309717140926
84.83660766438035
81.70832270950126
74.3185710303959
83.93151970505478
81.94205269579228
79.45596264598397
68.80770305714324
65.77423507727019
80.94751385929032
88.18871809931245
88.62420662550385
92.34717104492157
97.86725703727473
102.0122541658599
101.69193675016717
100.04623930963122
99.95248871338822
97.24325169388362
97.03221114660842
98.34886882928548
97.23296766015115
96.87233867312175
91.74012208406963
88.59599313738742
85.94911285173337
88.30770068346249
89.71203932583408
88.86225295365857
93.96275858019496
99.20181449953424
101.9803902718557
100.2845950283492
100.71742649611338
99.50376877284599
98.2496819333274
98.08159868191383
97.04638066409278
91.00549433962765
88.0056816347672
89.08984229416954
84.38009243891595
91.7877987534291
96.33794683301072
94.54099639838793
94.59386872308374
94.83142938920619
101.65136496870073
113.05308487608819
114.17968295629481
111.32834320154055
109.5627673984187
106.62082348209472
105.19030373565806
99.20307454912877
105.11541276140241
106.58916455250036
108.94608758463977
105.7000473036791
106.59502802663921
103.54950506883169
106.78248920117942
111.87716478352498
118.65285500147057
122.23133804389118
125.58861413360687
126.12097367210578
134.83508445504827
138.57308540982984
148.74306706532576
150.02166510207783
147.1674216666175
144.50346016618425
143.04981649761038
142.37011624635278
