3.605551275463989
5.830951894845301
6.708203932499369
3.1622776601683795
6.324555320336759
6.0
6.324555320336759
9.86154146165801
11.01135777277262
11.01135777277262
8.276472678623424
9.394147114027968
8.06225774829855
7.615773105863909
7.826237921249264
7.280109889280518
7.158910531638177
7.905694150420948
6.5
6.800735254367722
6.5
5.220153254455275
8.246211251235321
7.0710678118654755
7.762087348130012
7.158910531638177
7.3824115301167
7.433034373659253
5.5
7.433034373659253
6.18465843842649
7.158910531638177
7.905694150420948
7.280109889280518
7.433034373659253
6.324555320336759
6.96419413859206
7.433034373659253
6.324555320336759
5.852349955359813
5.1478150704935
5.830951894845301
5.5901699437494745
3.8078865529319543
7.158910531638177
4.47213595499958
5.0990195135927845
6.708203932499369
4.743416490252569
5.830951894845301
5.5901699437494745
6.708203932499369
6.103277807866851
5.315072906367325
5.0
5.408326913195984
5.0
5.315072906367325
6.020797289396148
4.949747468305833
4.924428900898052
4.301162633521313
5.385164807134504
6.264982043070834
6.264982043070834
5.0
5.1478150704935
5.830951894845301
6.96419413859206
4.272001872658765
6.519202405202649
6.103277807866851
5.852349955359813
5.70087712549569
6.324555320336759
5.220153254455275
4.031128874149275
5.385164807134504
5.852349955359813
5.385164807134504
5.70087712549569
4.272001872658765
6.519202405202649
4.272001872658765
5.830951894845301
7.158910531638177
6.041522986797286
4.031128874149275
6.800735254367722
6.324555320336759
5.5901699437494745
5.70087712549569
6.324555320336759
6.800735254367722
5.1478150704935
5.0
5.830951894845301
6.5
7.648529270389178
6.18465843842649
6.103277807866851
5.70087712549569
5.385164807134504
6.041522986797286
4.123105625617661
5.852349955359813
6.18465843842649
3.605551275463989
5.1478150704935
6.041522986797286
5.830951894845301
6.5
5.70087712549569
6.708203932499369
4.716990566028302
4.031128874149275
5.852349955359813
5.385164807134504
5.0
5.830951894845301
4.242640687119285
6.800735254367722
4.242640687119285
6.041522986797286
6.800735254367722
6.726812023536855
5.656854249492381
4.6097722286464435
5.830951894845301
5.408326913195984
6.103277807866851
5.315072906367325
5.0
5.0
5.0
4.031128874149275
4.47213595499958
3.0413812651491097
4.6097722286464435
5.408326913195984
6.5
5.0
4.716990566028302
5.5901699437494745
5.70087712549569
6.103277807866851
6.082762530298219
7.211102550927978
6.5
6.264982043070834
7.0710678118654755
6.670832032063167
6.946221994724902
6.96419413859206
7.905694150420948
6.670832032063167
7.0178344238090995
7.0178344238090995
7.648529270389178
7.905694150420948
9.12414379544733
8.73212459828649
8.139410298049853
9.513148795220223
9.5524865872714
9.7082439194738
8.514693182963201
9.5
9.055385138137417
8.514693182963201
8.514693182963201
9.055385138137417
8.558621384311845
8.246211251235321
9.013878188659973
8.06225774829855
9.513148795220223
9.013878188659973
10.111874208078342
10.111874208078342
10.012492197250394
10.307764064044152
9.617692030835672
8.902246907382429
9.394147114027968
11.10180165558726
10.51189802081432
9.848857801796104
8.077747210701755
9.192388155425117
8.860022573334675
8.860022573334675
7.762087348130012
9.848857801796104
8.73212459828649
8.06225774829855
8.246211251235321
7.158910531638177
6.5
6.5
6.519202405202649
6.5
5.385164807134504
5.220153254455275
4.6097722286464435
3.5355339059327378
4.743416490252569
4.031128874149275
4.527692569068709
2.9154759474226504
3.640054944640259
3.0
4.0
3.0413812651491097
4.6097722286464435
3.0413812651491097
2.0
4.031128874149275
1.8027756377319946
3.5355339059327378
4.0
3.0413812651491097
3.640054944640259
1.118033988749895
3.605551275463989
1.5811388300841898
1.5811388300841898
2.0
1.5
2.5495097567963922
5.1478150704935
15.524174696260024
24.86463351831271
30.907118921051183
31.894356867634123
35.67211796347394
38.05259518088089
40.512343797909296
41.00304866714181
43.502873468312416
45.50274716981382
49.5
48.5025772511111
52.5
51.52184002925361
54.68546424782366
58.9788097540125
64.1599563590874
68.8058863760943
74.00168916991016
81.8413098624405
87.20665112249179
95.19716382329885
106.10372283760829
116.0538668033082
126.88774566521387
138.02626561636737
126.61062356690294
117.65309175708049
111.5100892296298
112.47777558255676
104.43299287102711
107.33359213219317
104.47966309287182
94.00531899844816
106.0212242902335
106.49178372062326
102.55973868921468
105.42888598481917
110.42871003502667
104.98809456314558
109.65856099730654
120.09267254916097
111.61205132063472
106.50821564555478
124.9019615538523
139.14470884658172
148.87998522299765
144.6245138280506
150.26393446199924
149.57356049783664
149.21461054467824
149.9333185119305
146.7284907575894
148.15954238590237
145.6639969244288
147.82760229402356
151.70777831080383
156.3729516252731
152.04275714416653
152.04275714416653
153.45683432157722
154.22872624773893
157.84327670192354
152.8397853963424
154.31137352768266
154.34539189752314
153.63918770938616
154.38264151127873
155.05160431288675
152.22680447279973
152.89865924853626
155.69360937430926
154.13711428465243
157.2895419282541
156.30179141647739
155.12897859523216
152.89865924853626
154.5639026422405
155.54822403357744
155.92466129512675
155.59643312107124
155.37856995094273
154.84266207993196
156.0833110873805
160.63156601365748
159.928108848945
162.35532020848592
161.96913286178943
161.19863522995473
159.54074714630116
160.9479729602085
159.4059283715634
157.67847031221478
154.13711428465243
149.40214188558343
136.61991070118586
123.92134602238632
116.16582974351795
107.73694816542745
86.44362324659929
72.37748268626092
70.03570517957252
72.48620558423512
67.01678894127949
69.6419413859206
70.00714249274856
69.30548318856164
78.62887510323418
90.5883546599672
104.36115177593624
103.9831717154271
102.0306326551002
106.58916455250036
112.36102527122117
119.63381628954248
126.42883373661248
130.6723000486331
141.56447294430902
155.0
170.5703667112198
158.40533450613336
175.56266687425318
189.21548562419514
178.38791999460054
168.9800284057261
158.74586608790793
146.6023533235398
147.6905548774193
149.5275894275033
146.3292520311643
132.75729735121908
132.52358280698573
141.7859301905517
153.38595111678254
167.9002680164627
175.72777242086693
192.7705890430384
209.21878500746533
226.9636534778201
226.51545201155704
227.40822324621422
226.73828525416698
227.6318299359736
227.8623487985674
228.07893370497854
227.6318299359736
228.08167396790125
227.85631437377373
229.87170334775874
227.18549689625877
225.8677710520029
225.18547910555867
226.97191456213255
222.3696247242415
210.00535707452798
197.71254386103072
214.88717970134934
222.83457990177376
208.21263170134515
226.18686964543278
227.00495589303773
228.97871080080785
227.85576578177697
229.6442901532716
228.53008554673934
221.35322450779884
221.19278921339185
221.45259086314616
221.38653978957257
226.33879473037757
218.9120828095151
223.74371499552785
225.8456331213867
218.0882848756439
210.86725682286476
194.7748700423132
185.82787734890587
171.81676286090365
168.58973871502383
155.01774092019275
140.07141035914503
137.3608386695422
139.4793891583986
132.5990196042188
123.70933675353692
119.68813642128445
119.02310700027957
119.76017702057726
110.08405879145263
109.27602664811711
105.22357150372724
93.7723306738187
108.15729286552988
106.75322009194852
107.05372483010575
113.68926950244689
113.59577456930342
99.92997548283498
111.6971351467888
108.78648813156899
108.94608758463977
107.52906583803284
109.25772283916592
105.50473923004597
107.35222401049734
103.75572273373648
101.57878715558677
102.12247548899312
95.95441626105595
88.55789067045353
99.07699026514683
91.46857383823145
92.11405973031478
97.02705808175367
94.04387274033327
95.70788891204319
97.2753822917186
109.02407990898158
89.37840902589394
98.60147057726877
109.77249200050075
95.56280657243173
96.5828659752857
97.90045965162778
99.95248871338822
97.62171889492625
98.45938248841499
103.098254107429
101.20523701864444
99.16904759046544
105.90679864862312
99.60923651951158
101.47043904507362
91.57647077715978
97.62171889492625
97.81743198428387
98.07777526024945
93.70832406995656
100.8191450072852
100.71370313914586
102.00245095094529
102.37431318450932
102.5
103.92425126023281
97.62171889492625
102.50487793271108
103.36827366266692
99.84237577301533
100.22100578222113
102.83968105745953
95.84492683496607
100.71370313914586
104.8343932113884
101.69685344198217
100.60318086422517
100.85881220795731
105.87020355132978
93.9321563683066
100.85881220795731
100.40418317978589
101.20523701864444
100.51989852760497
100.10119879402045
99.18165152889924
103.20004844960103
97.96172722037929
101.2780825252927
103.59174677550331
103.16006979447037
103.4456378974
100.22100578222113
106.4248561192356
97.86725703727473
100.70997964452182
101.31633629380802
101.0
103.67376717376484
105.30075973135237
105.57106611188503
106.01886624558857
105.02618721061904
103.20489329484334
104.30723848324239
103.04368005850722
103.0109217510454
103.77138333856786
102.54389304098027
104.51076499576492
102.64623714486567
103.35013304297193
103.57726584535817
103.04368005850722
103.03033533867585
103.31021246711285
104.20292702222908
102.14817668465747
103.51086899451671
102.5304832720494
103.20004844960103
101.20894229266503
100.0199980003999
103.59174677550331
102.39384747141793
103.20004844960103
101.24228365658294
98.6154146165801
103.11401456640121
96.68634857103665
105.32093808925175
101.30769960866745
102.40239255017434
100.0199980003999
98.3107318658548
102.88342918079665
102.5
105.47156014774788
106.81877175852567
106.80004681646913
103.56278289038008
106.75322009194852
104.5299000286521
103.78101945924409
102.5694886406284
101.79636535751166
97.37812896128165
103.02062900215665
98.36284867774012
98.65596788841515
97.86214794290998
101.13851887386922
103.58088626768937
103.0837038527429
108.2924281748267
109.57303500405563
108.36166296250718
106.09901036296239
105.47156014774788
104.92378186092989
106.02476125886821
103.64965026472593
100.92695378341705
108.54146673046205
95.33624704172071
94.30005302225445
94.11163583744573
94.71140374843992
101.20276676059801
102.18243488975979
102.72414516558412
104.69479452198185
105.87020355132978
103.92906234542868
107.15526118674715
95.88013350011565
93.74433316206373
98.48857801796105
96.82587464102764
103.07764064044152
98.71676655968832
101.5246275541063
95.3532904518769
90.33825324855468
92.65122773066744
104.0
94.83142938920619
102.5
100.12117658118086
104.48564494704524
97.04766869945924
104.80935072788114
98.94063876891032
102.18121158021175
100.4116527102308
104.1849317319928
103.98196959088628
105.0202361452306
102.07962578301313
103.56761076707332
104.51913700370856
97.78164449425056
101.3928005333712
104.69479452198185
101.86510688160102
110.03294961055984
102.3095792191523
106.75322009194852
113.55395193475215
98.84331034521254
102.18121158021175
109.80550987996914
98.75854393418324
102.69006767940121
111.39232469070748
105.14870422406545
111.07317407907276
119.01680553602503
104.19812858204317
106.09547586961472
110.98198051936178
116.01724009818541
105.14870422406545
107.47325248637449
100.00499987500625
104.10091258005379
112.20182707959795
104.42820500228854
111.77208953938367
114.48253141855311
112.2686510117584
117.90038167877151
129.4314490377049
115.98491281196878
119.7100664104736
115.33646431202926
120.10203994936973
128.11127975318956
119.14906629932103
135.76634339923868
133.25351777720542
119.50104602052653
135.1240171102088
151.9160952631419
133.50093632630447
131.52376211164278
140.00892828673463
127.21045554513198
129.4700737622405
