18.439088914585774
31.579265349276255
32.42298567374695
33.324165405903265
36.800135869314396
43.5
41.018288603987365
39.604292696625706
38.029593739612835
37.963798545456434
38.34709897762802
37.911080174534725
39.284220750830734
39.322385482063524
38.50324661635691
40.40420770167385
41.16430492550555
40.40420770167385
40.73389252207552
46.861498055439924
49.8196748283246
49.35838327984416
48.974483151943524
50.002499937503124
52.242224301803994
53.41348144429457
53.2634959423431
50.65816814690401
47.13013897709193
50.24937810560445
51.66236541235796
51.088159097779204
52.40229002629561
53.75872022286245
52.40229002629561
54.037024344425184
54.67174773134658
54.037024344425184
61.87285349812145
71.00176054155277
71.9200945494373
73.81734213584231
77.00649323271382
77.00649323271382
79.19122426127784
82.39235401419236
84.44228798416111
84.57245414436073
86.1234578962085
85.93165889240123
88.75950653310326
89.45529609810701
91.94835506957153
79.2464510246358
82.46969140235703
88.94520785292482
83.95981181493917
91.22773701018787
93.34077351297235
93.34077351297235
90.60353193998566
97.37171047075223
101.79513740842438
104.87254168751704
108.71177489122326
112.2007130102122
115.84148652361122
118.28989813166633
118.43247020982041
120.14262357714684
120.72385845391125
122.11981821145984
115.6557391572074
104.55859601199703
103.15279928339318
105.05474763188954
107.87261005463806
107.55115062146011
110.20548988140291
110.49208116421738
110.82531299301617
112.17062895428553
112.53888216967503
112.85056490775754
113.15697062046156
112.79738472145532
114.90974719317765
114.9053958698198
116.70689782527852
116.74973233374028
117.8526622524922
119.6703806294607
118.67286968806307
120.45953677480252
121.31982525539674
122.08398748402675
109.83282751527432
114.56984769126649
117.76459569836769
123.11173786442949
126.53556812216871
124.40458190918854
121.64086484401531
122.60199835239229
121.95285974506707
121.79490958164057
122.45509380993508
122.87391912037315
116.74009593965563
111.6971351467888
112.85942583586007
113.3181362359971
106.38843922156204
103.89056742553676
103.70390542308424
103.20489329484334
104.43299287102711
104.52870419171951
104.6900186264192
104.74850834260123
104.74850834260123
104.87254168751704
105.43362841143238
105.07616285342742
105.00595221224367
104.72941325148346
105.22357150372724
105.71778469112942
105.22357150372724
105.14870422406545
105.30075973135237
105.30075973135237
105.87374556517777
104.96904305555995
105.54619841567009
105.63261806847353
105.63261806847353
105.63261806847353
105.81233387464809
106.30380990350251
105.81233387464809
105.5106629682517
106.89480810591317
106.40606185739608
106.24617640178869
106.96261028976434
107.20074626605917
107.70329614269008
107.4860456059297
107.96758772891057
107.96758772891057
107.4860456059297
107.76015033397086
107.4860456059297
107.4860456059297
107.4860456059297
107.4860456059297
107.35222401049734
107.83436372511315
108.10296018148624
107.76015033397086
108.72097313766098
107.96758772891057
114.08878121883852
117.62759030091537
118.55905701379376
118.09000804471138
119.03465881834585
123.59712779834328
132.83166038260606
134.70430579606577
135.9751815589889
136.55859548193953
136.93976778131326
137.9682934590408
138.2931668593933
137.9682934590408
137.20878251773829
134.99351836291993
135.32368602724358
137.39905385409318
137.77245733454853
140.0294611858519
139.32426206515504
139.37808292554465
138.6190823804573
138.9982014272127
139.75872065813996
139.75872065813996
138.9982014272127
138.24073205824686
137.9139224298983
138.24073205824686
138.67317693050808
140.52224023264077
140.52224023264077
141.16833922661272
141.54946132006296
141.54946132006296
141.93132141990364
141.16833922661272
141.93132141990364
141.54946132006296
142.25417392821907
142.63590010933433
142.69723192830335
143.34050369661745
142.25417392821907
142.25417392821907
141.8731828077456
140.78796113304574
141.54946132006296
142.76203977248295
143.46602385233933
143.9209852662217
143.29078825939928
143.29078825939928
141.6730390723655
140.9689682164128
141.03634283403693
141.42312399321406
142.83031891023697
143.21749194843485
143.6053620168829
145.08618128546908
145.47594302839215
146.56909633343585
146.56909633343585
146.4923206178399
147.19544829919164
147.97465999285149
147.66262221699844
147.35162028291376
146.10355916267065
146.4189195425236
146.10355916267065
147.66262221699844
148.44611817087034
148.6177983957507
149.01342221424215
148.70860768630712
148.90013431827387
143.8401890988746
144.80676779764127
143.53135545935598
142.97727092094044
142.74540272807388
141.4955829699288
143.8401890988746
144.93533040635745
144.46106741956464
144.85251119673418
145.63739217659727
146.33950252751305
146.7327502638726
147.5211849193193
147.91636150203263
148.70860768630712
149.10566722965294
150.30053226785327
150.30053226785327
150.70003317849668
151.50082508026154
152.90029430972328
153.51302876303367
155.02015997927495
156.64370399093607
159.5054857990784
160.7396964038442
161.0232902408841
162.13034879380234
163.52140532664217
163.80628803559404
165.32392446346051
165.32392446346051
166.4692163734785
167.28717822953436
168.1071087134628
167.8220784044817
169.49926253526885
169.90953475305616
170.3202865192517
169.90953475305616
170.03602559457804
169.75276139138356
167.28717822953436
167.28717822953436
168.92897915988246
169.470498907627
172.23530416264836
172.78961195627474
172.78961195627474
172.38401898087886
174.06392503904996
168.23569775764
153.8026332674444
148.2877270713932
152.04029071269233
152.82751715577925
152.82751715577925
152.82751715577925
154.60029107346466
154.60029107346466
155.40028957501977
159.91638440134895
161.5650023984155
163.2214753027309
164.88556637862516
165.17339374124393
165.17339374124393
163.7902622258112
167.48208859457182
168.66905466030218
170.898361607126
172.10825081907026
172.97181851388393
170.38559211388738
171.24616784033446
170.7402998708858
171.24616784033446
171.24616784033446
172.2708623070077
156.882918126863
152.60160549614147
153.20003263707224
154.00081168617263
155.24899355551392
154.43526151756924
156.0648903501361
157.45872475032942
156.882918126863
156.57027176319264
157.39837991542353
158.50946343988426
157.96281207929923
160.18504923993376
158.57569170588536
160.80189675498235
158.04825212573533
153.51954272990784
152.13563027772292
152.13563027772292
152.97467110603637
153.27834158810566
151.05379836336456
149.67381200463893
149.65042599337966
148.78592003277728
147.92312192487014
147.0620617290537
146.2027701515946
145.0112064635006
143.9730877629566
141.74360655775624
141.74360655775624
141.40809736362343
140.55692796870596
138.65875378063947
137.48181697955553
136.10382066643095
135.25623830345128
135.49261972520864
120.99690078675569
107.9038924228408
97.0734258177798
87.7410964143941
83.80035799446205
83.48952030045447
82.53787009609589
81.28037893612455
80.98456643089472
80.98456643089472
80.02812005788965
80.98456643089472
86.00581375697809
84.63007739568717
84.23330695158536
85.15427176601301
83.84658609627466
83.84658609627466
83.117386869415
83.91960438419619
80.32745483332582
79.07275131168764
81.28037893612455
81.28037893612455
81.08174887112389
78.30229881682912
77.36439749652291
75.74463677383369
75.49337719296972
77.01460900374681
