1.5
3.5355339059327378
2.1213203435596424
1.118033988749895
2.23606797749979
2.692582403567252
3.1622776601683795
3.8078865529319543
2.5
1.8027756377319946
2.1213203435596424
2.1213203435596424
2.9154759474226504
1.4142135623730951
1.5
1.5811388300841898
2.692582403567252
3.5355339059327378
2.1213203435596424
1.5811388300841898
2.5
2.23606797749979
3.2015621187164243
2.5
2.5
3.905124837953327
1.4142135623730951
2.692582403567252
2.9154759474226504
2.23606797749979
2.692582403567252
2.23606797749979
2.5
2.1213203435596424
1.8027756377319946
1.0
1.118033988749895
1.5811388300841898
1.8027756377319946
1.118033988749895
1.8027756377319946
1.4142135623730951
2.692582403567252
2.5
1.4142135623730951
2.0615528128088303
2.23606797749979
1.118033988749895
2.692582403567252
1.8027756377319946
1.5811388300841898
1.5811388300841898
2.8284271247461903
1.4142135623730951
1.5
0.7071067811865476
1.0
1.0
0.7071067811865476
1.5
2.0615528128088303
2.5
2.0615528128088303
1.118033988749895
0.7071067811865476
1.8027756377319946
2.0615528128088303
2.23606797749979
1.5
1.5
1.118033988749895
2.5495097567963922
1.8027756377319946
0.7071067811865476
1.118033988749895
1.5811388300841898
1.5811388300841898
2.0
2.0
1.118033988749895
0.5
0.7071067811865476
1.118033988749895
2.23606797749979
1.118033988749895
2.1213203435596424
1.5811388300841898
2.5
1.5811388300841898
2.5495097567963922
1.5811388300841898
1.0
1.5
1.5811388300841898
2.1213203435596424
1.118033988749895
1.4142135623730951
1.0
2.692582403567252
1.118033988749895
1.0
1.5811388300841898
1.118033988749895
2.5
2.0615528128088303
1.8027756377319946
3.1622776601683795
3.5355339059327378
1.8027756377319946
1.5
3.0413812651491097
1.5
3.3541019662496847
3.1622776601683795
2.0615528128088303
1.118033988749895
2.23606797749979
2.692582403567252
1.8027756377319946
1.5811388300841898
3.605551275463989
3.1622776601683795
3.5355339059327378
3.640054944640259
1.5811388300841898
2.5495097567963922
2.0615528128088303
1.5811388300841898
1.5811388300841898
1.0
2.0615528128088303
1.5
0.7071067811865476
2.23606797749979
0.7071067811865476
1.118033988749895
1.118033988749895
2.23606797749979
1.4142135623730951
1.0
1.118033988749895
1.8027756377319946
1.8027756377319946
2.23606797749979
1.4142135623730951
2.8284271247461903
1.118033988749895
2.5
0.5
2.23606797749979
3.3541019662496847
2.0
3.1622776601683795
5.385164807134504
4.47213595499958
4.123105625617661
0.7071067811865476
1.118033988749895
8.246211251235321
6.800735254367722
7.0178344238090995
6.18465843842649
10.5
7.158910531638177
10.977249200050075
9.5524865872714
7.5
10.51189802081432
11.672617529928752
14.84082207965583
11.280514172678478
13.152946437965905
14.221462653327892
12.020815280171307
11.884864324004713
14.142135623730951
15.700318468107582
16.688319268278637
16.62077013859466
22.005681084665387
18.828170383762732
20.09975124224178
22.638462845343543
25.675864152935535
26.23451924468981
25.179356624028344
26.61766330841233
29.841246622753548
31.25699921617557
32.0624390837628
30.602287496198713
33.30540496676178
36.08670115153226
37.662979170532964
40.549352645880795
40.01249804748511
42.0
44.5701693961331
47.00265949922408
49.16299421312742
50.002499937503124
54.55730931781735
50.0
58.63659267044769
61.95562928419015
67.68493185340442
68.6822393344888
70.67708256570867
73.54250471666029
78.23042886243178
82.38931969618392
81.51380251221262
85.07202830543069
89.20201791439474
93.76166594083107
97.32933781753577
98.54567468945555
99.58036955143318
104.6195488424606
105.52961669597782
108.55643693489576
112.53999289141616
113.57046270928018
118.60543832388126
118.08577391032334
119.65053280282541
125.09996003196804
127.1927670899568
124.72569903592444
126.16754733290173
124.22660745589087
125.09996003196804
125.72390385284733
123.08228954646562
125.12094149262145
127.1416532848303
125.62046011697298
123.69822149085249
125.62046011697298
121.55040106885703
123.56476034857188
120.08434535775261
120.08434535775261
118.12810842470982
115.0
115.03912377969506
112.13496332544993
115.58762909585091
112.55443127660502
113.07077429645558
109.1146186356347
0.0
