3.2015621187164243
4.716990566028302
4.716990566028302
10.198039027185569
8.73212459828649
9.656603957913983
7.615773105863909
6.082762530298219
6.082762530298219
5.0990195135927845
5.385164807134504
7.615773105863909
8.06225774829855
23.769728648009426
24.186773244895647
23.259406699226016
23.769728648009426
21.93171219946131
23.259406699226016
25.059928172283335
23.259406699226016
24.698178070456937
26.419689627245813
29.5296461204668
29.068883707497267
46.87216658103186
50.0
49.8196748283246
50.99019513592785
53.075418038862395
56.586217403180434
55.97320787662612
50.21951811795888
48.82622246293481
47.43416490252569
51.85556864985669
48.83646178829912
49.678969393496885
63.0317380372777
67.20863039818622
70.2922470831599
77.42092740338364
77.38862965578342
75.29276193632427
72.56031973468694
68.96375859826666
62.177166226839255
58.66856057549052
49.92995093127971
51.61395160225576
49.64876634922564
46.04345773288535
43.60045871318328
36.235341863986875
35.35533905932738
12.206555615733702
22.360679774997898
19.924858845171276
30.4138126514911
32.01562118716424
35.22782990761707
42.43819034784589
43.829214001622255
43.829214001622255
39.96248240537617
33.61547262794322
28.635642126552707
31.016124838541646
26.076809620810597
21.095023109728988
38.41874542459709
40.0
38.27531841800928
34.48187929913333
41.048751503547585
43.278170016764804
44.68780594300866
44.9694340635948
44.9694340635948
45.254833995939045
43.840620433565945
43.93176527297759
43.18564576337837
43.18564576337837
41.72529209005013
40.36087214122113
42.5205832509386
44.598206241955516
43.93176527297759
43.278170016764804
43.278170016764804
43.278170016764804
44.598206241955516
43.86342439892262
46.010868281309364
46.75467891024384
48.104053883222775
48.83646178829912
50.20956084253277
52.3450093132096
52.3450093132096
51.66236541235796
53.075418038862395
53.075418038862395
61.554853586049575
58.89821729050889
59.033888572581766
61.220911460055866
61.61168720299745
61.85466837676846
60.21627686929839
58.60034129593445
57.0087712549569
57.0087712549569
58.60034129593445
55.60575509783138
56.4003546088143
53.41348144429457
53.41348144429457
52.80151512977634
50.44799302251776
50.99019513592785
50.24937810560445
50.91168824543142
46.69047011971501
46.010868281309364
43.278170016764804
43.278170016764804
41.773197148410844
37.64306044943742
38.2099463490856
37.48332962798263
38.18376618407357
36.76955262170047
35.38361202590826
28.844410203711913
27.202941017470888
26.627053911388696
25.612496949731394
25.0
23.021728866442675
24.698178070456937
22.825424421026653
24.596747752497688
27.294688127912362
30.23243291566195
29.68164415931166
33.83784863137726
36.61966684720111
32.2490309931942
33.28663395418648
34.132096331752024
38.01315561749642
37.20215047547655
35.84689665786984
37.8021163428716
34.66987164671943
30.4138126514911
27.784887978899608
27.784887978899608
21.470910553583888
19.72308292331602
26.1725046566048
30.610455730027933
30.0
32.64965543462902
28.178005607210743
7.211102550927978
8.602325267042627
18.973665961010276
25.179356624028344
26.019223662515376
29.017236257093817
33.24154027718932
34.48187929913333
33.24154027718932
34.713109915419565
30.463092423455635
27.202941017470888
22.02271554554524
20.0
17.4928556845359
10.198039027185569
7.615773105863909
18.973665961010276
30.479501308256342
41.72529209005013
39.59797974644666
40.311288741492746
33.83784863137726
26.076809620810597
23.021728866442675
23.08679276123039
19.6468827043885
6.324555320336759
4.47213595499958
9.219544457292887
15.0
27.892651361962706
35.84689665786984
39.81205847478876
36.68787265568828
36.138621999185304
31.575306807693888
31.953090617340916
39.81205847478876
41.7612260356422
36.345563690772494
33.734255586866
35.11409973215888
31.953090617340916
30.364452901377952
27.294688127912362
20.518284528683193
22.20360331117452
19.72308292331602
15.264337522473747
21.840329667841555
13.416407864998739
12.727922061357855
13.341664064126334
18.439088914585774
25.317977802344327
30.59411708155671
35.84689665786984
36.6742416417845
37.589892258425
43.41658669218482
44.68780594300866
44.68780594300866
44.04543109109048
42.43819034784589
41.340053217188775
41.048751503547585
40.80441152620633
43.56604182158393
42.5440947723653
46.486557196677836
36.76955262170047
32.57299494980466
32.57299494980466
31.016124838541646
32.57299494980466
32.57299494980466
28.792360097775937
24.596747752497688
20.0
19.4164878389476
15.231546211727817
15.652475842498529
23.600847442411894
30.479501308256342
36.87817782917155
42.5205832509386
44.598206241955516
53.150729063673246
62.00806399170998
65.43699259593154
67.62396025078685
69.02897942168927
71.7007670809734
68.76772498781678
69.35416353759881
73.55270219373317
73.53910524340094
70.7248188403477
70.178344238091
67.35725647619564
61.5223536610881
44.10215414239989
30.805843601498726
29.154759474226502
26.832815729997478
28.600699292150182
8.06225774829855
18.24828759089466
10.44030650891055
7.280109889280518
3.1622776601683795
2.8284271247461903
16.1245154965971
23.021728866442675
30.14962686336267
34.058772731852805
38.63935817272331
38.63935817272331
40.44749683231337
40.792156108742276
44.63462781294362
43.73785545725808
