1.118033988749895
0.7071067811865476
1.5811388300841898
2.692582403567252
3.605551275463989
5.315072906367325
5.0
4.47213595499958
6.576473218982953
3.2015621187164243
2.5
0.7071067811865476
3.3541019662496847
2.9154759474226504
5.70087712549569
5.0
1.8027756377319946
2.9154759474226504
3.1622776601683795
3.905124837953327
4.301162633521313
5.315072906367325
4.242640687119285
4.272001872658765
3.3541019662496847
2.5495097567963922
1.8027756377319946
3.3541019662496847
4.6097722286464435
3.2015621187164243
3.905124837953327
4.6097722286464435
0.7071067811865476
2.5
8.845903006477066
8.602325267042627
7.905694150420948
6.726812023536855
5.830951894845301
6.041522986797286
7.158910531638177
2.5
2.1213203435596424
1.5
4.6097722286464435
6.576473218982953
7.762087348130012
9.656603957913983
2.5
2.23606797749979
1.4142135623730951
6.5
6.264982043070834
0.7071067811865476
1.8027756377319946
1.5811388300841898
2.8284271247461903
2.5
1.5811388300841898
4.123105625617661
0.5
3.0413812651491097
2.0615528128088303
2.5
1.5811388300841898
1.0
3.2015621187164243
7.5
6.020797289396148
8.06225774829855
6.800735254367722
8.381527307120106
3.0413812651491097
2.0615528128088303
5.522680508593631
2.0615528128088303
5.70087712549569
7.0178344238090995
4.6097722286464435
3.905124837953327
6.519202405202649
2.23606797749979
4.031128874149275
2.9154759474226504
4.0
1.5
1.8027756377319946
2.9154759474226504
2.0
58.23443998185266
61.58327695080865
52.69724850502159
45.27692569068709
42.08622102303793
35.0891721190455
34.23813663153998
14.534441853748634
17.26267650163207
18.027756377319946
16.0
16.507574019219177
17.507141400011598
13.82931668593933
51.20790954530364
57.31710041514661
59.7013400184619
63.144675151591365
69.72983579501675
71.16881339463234
83.86000238492723
87.98011138888153
89.15295844782717
78.7162626145322
84.62416912442922
91.59148432032315
99.6393496566492
115.90621208546158
107.35455276791944
113.02433366315415
132.03503322982124
136.07534677523333
142.85044627161653
133.83758814324173
139.2300254973761
143.9209852662217
167.79824194549835
174.37961463428
175.28548142958104
152.7653429282964
159.41533803244906
162.5207679036744
166.43316977093238
156.26339942545727
130.8061542894676
103.94229168149026
112.66876230792633
116.50107295643247
122.49183646268024
135.34031180694095
