15.572411502397436
30.01666203960727
45.54393483220351
45.54393483220351
44.5701693961331
44.60100895719737
44.60100895719737
45.17742799230607
45.224440295044005
45.27692569068709
45.27692569068709
45.39823785126467
45.467021015236966
45.62071897723665
45.70557952810576
45.79574216016157
45.991847103590004
46.20876540224809
46.446205442425544
46.80277769534624
47.75458093209488
47.460509900337144
47.6366455578056
48.386465049639654
48.99489769353539
48.971930735881756
50.32395056034453
50.798622028555066
51.79285665031424
53.39007398384086
53.39007398384086
53.949050037975645
55.10444628158421
55.40081226841354
56.00223209837265
56.61492736019362
56.925389765903226
57.554322166106694
57.87270513808733
58.137767414994535
58.090446718888295
58.46580197004057
59.54829972383762
59.54829972383762
59.54829972383762
59.222039816271106
58.89821729050889
58.25804665451803
57.62811813689564
56.4003546088143
56.4003546088143
55.915114235777075
54.644304369257
54.5
53.0
51.97114584074513
51.6768807108169
50.53711507397311
49.658836071740545
48.104053883222775
47.92963592601137
48.067660646218265
47.80167361086848
47.53945729601885
46.4811789867684
46.69047011971501
46.88549882426335
46.71723450719231
46.09772228646444
46.02445002387318
46.04345773288535
47.095647357266465
46.76804464589043
47.51841748206689
47.853944456021594
48.158592172114
49.47726750741192
49.24682730897494
49.81214711292819
51.090605790105876
50.92150822589606
51.73248495867949
52.08886637276722
52.08886637276722
52.461890930464946
52.461890930464946
53.31041174104736
52.92447448959697
53.31041174104736
53.77034498680476
53.115440316352455
53.115440316352455
53.387732673339855
53.66796064692602
53.48831648126533
53.3127564472144
52.671149598238316
53.61203223158025
53.75872022286245
53.12720583655798
53.12720583655798
53.12720583655798
53.12720583655798
53.12720583655798
53.12720583655798
53.12720583655798
53.12720583655798
53.50233639758174
53.50233639758174
52.99528280894442
52.99528280894442
53.352600686377045
53.18364410229897
51.90857347298228
51.90857347298228
51.79285665031424
51.696228102251325
51.56064390598706
51.50242712727236
51.50242712727236
51.50242712727236
51.56064390598706
51.61879502661797
51.696228102251325
50.798622028555066
51.05389309347525
52.19674319342156
52.19674319342156
52.36888389110465
52.76836173314461
52.76836173314461
52.02403290787826
52.54046059942756
51.10039138793361
51.7228189487
51.870029882389694
52.49761899362675
52.81098370604357
52.652160449501025
53.781967238099426
53.781967238099426
54.25172808307584
54.25172808307584
54.7220248163388
55.19284373902109
55.832338299591214
56.77367347635698
57.39555731936053
57.39555731936053
58.97669031066426
58.345951016330176
59.77457653551382
59.927038972403764
60.878978309429606
61.06144446375307
62.30971031869752
62.6418390534633
64.2222702806433
65.66010965571105
66.62019213421709
66.62019213421709
67.1006706374832
67.58143236126325
68.06247130394253
67.58143236126325
68.41052550594829
68.06247130394253
68.41052550594829
67.79749257900325
67.79749257900325
66.96454285664915
66.83187862090965
66.83187862090965
66.83187862090965
65.60868844901566
65.0
64.39332263519255
63.788713735268246
63.186232677696495
61.98790204547981
62.213342620373645
60.63827174318213
60.63827174318213
58.95125104694556
57.86622503671723
56.890245209526036
56.029010342857205
55.42788107081129
54.82928049865327
53.85396921304873
54.08558033339386
53.48130514488217
53.48130514488217
52.99528280894442
52.50952294584288
52.630789467763066
52.50952294584288
52.50952294584288
52.50952294584288
51.66236541235796
51.79044313384468
51.79044313384468
51.30789412946121
50.82568248435037
50.82568248435037
51.10039138793361
50.96076922496363
50.82568248435037
50.695167422546305
50.56925943693461
50.44799302251776
50.70749451511088
50.5
50.635955604688654
50.42072986381692
50.24937810560445
50.039984012787215
50.5
50.06246098625196
51.70348150753487
51.70348150753487
52.06966487312935
52.75651618520692
53.92819299772615
54.25172808307584
55.154328932550705
55.94640292279746
56.79788728465171
57.941781125540146
59.42432162002356
58.56833615529811
59.78503157145608
59.36328831862332
59.77039400907442
60.3365560833563
60.3365560833563
61.72924752497798
62.30971031869752
62.30971031869752
62.6039136156838
62.90071541723512
62.90071541723512
63.30284353802758
63.30284353802758
64.11123146532127
63.70635761052424
64.92495668077107
64.22810911119835
64.63745044476924
65.31653695657785
65.31653695657785
65.46182093403758
66.03786792439622
66.99440275127468
67.26440366196671
67.53702688155587
68.09001395212076
69.06518659932803
69.22607890094599
71.00176054155277
71.00176054155277
72.23053370978232
72.40511031688303
73.7563556583431
76.11340223639986
76.39698946948106
77.43545699484184
79.19911615668448
81.36645500450416
85.091127622097
85.091127622097
87.77385715576136
90.4267659490264
91.80005446621477
94.91706906557955
97.36657537368765
99.8461316226122
103.04489312915997
105.31144287303256
110.20548988140291
109.34006584962349
111.94306588619055
114.36892060345765
116.56114275349225
118.32370852876443
119.65053280282541
121.6552506059644
123.2081571974843
124.99699996399913
128.35984574624572
128.59335130557878
129.71121771072848
131.3059404596761
131.3059404596761
133.12118539135685
133.82451195502264
134.94165405833738
135.6502856613284
135.9062176649766
136.82287820390272
137.2816448036663
137.5436294417157
137.2816448036663
137.5436294417157
137.5436294417157
137.7406984155373
138.00362314084367
138.00362314084367
137.5436294417157
137.34809791183858
137.5436294417157
137.34809791183858
136.88772771874036
136.42763649642254
136.6244853604214
136.1653406708183
135.70648473820253
134.78965093804496
134.28049001995785
131.97064067435605
131.97064067435605
131.04579352272242
129.02131606831486
127.68907549199344
125.5009960119839
124.53112060846478
122.02151449641985
120.52904214337721
118.17465887405811
115.5692433132622
115.5692433132622
115.19223064078584
114.26394882026439
114.5512985522207
113.21660655575224
114.48689881379441
114.40498240898427
114.5043667289593
114.32956747928333
114.43120203860484
114.85316713090675
116.02262710350942
115.6027681329474
115.92346613175435
116.06571414504802
116.94656899627283
116.29703349613007
116.81716483462522
117.0694238475615
117.35949045560824
117.5457357797381
117.45850331074375
117.21881248332112
117.81871667948178
116.68975961925707
116.84712234368462
117.67115194473112
118.48312116077969
117.92476415070755
118.72341807747956
118.6001686339442
118.35962149314267
118.12705024675762
117.4148627729897
116.22069523109901
114.75626344561765
114.0537154151499
112.09928634920028
110.63453348751464
107.76942980270425
107.97800701994828
106.30145812734649
105.220007603117
104.5299000286521
103.35618026997709
102.28025224841792
101.02722405371732
99.9562404254982
98.80409910524968
97.5832977512033
97.6588449655227
97.43972495856092
96.94457179233915
96.44946863513557
95.25885785584457
95.25885785584457
94.76286192385707
93.7709976485267
93.70832406995656
93.83629361819445
92.77930803794561
92.71596410543332
92.21984602025748
91.72377009259922
91.44397191723465
90.4004977862401
90.31195934094221
90.16789894413644
89.58934088383506
89.5
90.0
89.55026521457097
89.1403387922662
88.95645001909642
88.62420662550385
89.10667763978185
88.15469357895812
87.55569655939013
87.36131867136622
85.26576100639693
87.02011261771614
85.88655308021157
86.15393200545174
86.54623042050994
86.98563099730897
87.03160345529663
88.00284086323578
88.25106231655232
88.15043959050914
88.670739254841
88.40955830678038
87.98295289429652
87.29547525502109
87.03591212827037
86.77845354694908
86.09297300012354
85.40784507292055
84.65370635713477
84.59905436823747
82.97288713790789
82.97288713790789
82.06399941509066
81.19421161634615
80.52949770115296
80.11242100947892
79.7057087039567
79.2480283666414
79.2480283666414
78.33421985313953
78.7210264160726
78.7210264160726
78.04005381853602
78.27036476214992
78.09289340266501
78.89233169326408
78.81148393476677
80.01562347441904
80.32745483332582
82.10054811022884
85.091127622097
84.71274992585236
86.33944637302234
88.0525411331212
90.15680784056188
91.99184746487049
94.17536832951598
96.04816500069118
97.62812094883319
99.56153875869938
102.70589077555387
102.70589077555387
104.10691619676379
105.72724341436317
106.79068311421179
107.88999026786497
109.60383204979651
110.96170510586073
112.18957170789092
113.852975367357
116.28090986916123
115.83177456984762
116.98824727296328
117.47872147755099
118.70130580579136
119.23086848631104
121.07848694132248
120.70211265756701
120.98140352963343
120.98140352963343
121.44649027452378
121.91185340236609
120.70211265756701
120.23830504460715
119.77478866606278
118.76973520219703
117.38824472663352
116.86744627996283
116.15614490848084
114.33394071753146
113.1591799192624
112.04128703295049
111.35977729862789
110.23837807224851
109.12836478203089
108.26472186266402
107.38365797457264
104.99761902062352
104.5621824561825
102.90043731685498
100.75837434178858
100.4353025584132
99.16904759046544
97.90939689325025
96.10541087784809
95.27985096545859
93.76166594083107
92.41753080449618
90.50552469324732
89.7008918573277
87.31122493700337
87.31122493700337
86.91662671779203
85.7394308355263
85.42833253669417
84.25704718301016
83.94343333459742
83.94343333459742
83.55387483534201
83.63163277133839
83.63163277133839
83.63163277133839
83.24061508662703
83.32166584988565
83.63163277133839
83.80483279620573
83.80483279620573
84.50591695260161
84.50591695260161
85.30093786119822
85.90983645660141
85.90983645660141
85.90983645660141
87.12777972610114
86.83893136145792
87.65842800324451
88.06957476904269
