7.905694150420948
4.031128874149275
47.71268175233918
85.92147577875976
118.72868229707596
140.0401728076626
142.47543647941563
118.1185844818672
112.98340586121486
127.35874528276415
147.89354279345667
189.40168953839878
229.0589443789524
264.0478176391541
283.74019806858524
270.8366666461541
281.70640745286573
284.67261898538817
302.54131949206544
318.70519292913946
326.9931191936613
340.87241014784405
324.65404664042
327.23577127202947
326.64698069934764
321.51399658490766
316.04786029967045
339.50036818831285
325.0188456074509
347.50899268939787
362.00310772146696
333.0003753751638
296.09500164643106
285.46891249311193
266.18038996139444
250.08198655640913
245.58756075990493
243.10080213771406
237.08490040489716
203.1778777327886
185.58084491671008
184.45731213481346
199.48558845189794
231.74608950314567
234.65346790533482
225.63521445022715
252.5415807347376
280.21866461747334
294.7719457478951
279.64486406869696
271.02951868754076
282.8462479864281
294.45415602432917
298.24360848138895
291.2361584693769
275.7979332772456
238.8723508487326
193.23107928074097
196.50063613128586
205.5024330756208
203.10403737986107
245.77479529032263
264.0478176391541
265.71648424589694
254.54911117503437
239.50469723994976
221.5276506443383
198.66114365924707
211.699078883211
218.86639760365227
