1.4142135623730951
1.4142135623730951
1.4142135623730951
1.5811388300841898
1.118033988749895
1.118033988749895
0.7071067811865476
1.4142135623730951
1.8027756377319946
1.118033988749895
1.5811388300841898
2.23606797749979
1.8027756377319946
2.0615528128088303
2.0
2.0615528128088303
2.5
2.23606797749979
2.0
2.0615528128088303
2.0
2.23606797749979
2.0
1.5
2.692582403567252
2.5495097567963922
2.692582403567252
2.5
2.5
2.692582403567252
2.5495097567963922
1.8027756377319946
2.5495097567963922
1.8027756377319946
2.9154759474226504
2.1213203435596424
1.118033988749895
2.692582403567252
2.9154759474226504
2.9154759474226504
3.3541019662496847
2.5
3.2015621187164243
2.23606797749979
2.0615528128088303
3.0413812651491097
2.692582403567252
2.5
3.8078865529319543
2.9154759474226504
3.0413812651491097
3.5355339059327378
2.5495097567963922
4.0
3.640054944640259
4.123105625617661
4.123105625617661
4.123105625617661
4.743416490252569
4.743416490252569
4.123105625617661
5.0990195135927845
5.220153254455275
4.272001872658765
5.220153254455275
4.743416490252569
4.743416490252569
5.70087712549569
5.5901699437494745
5.5901699437494745
5.70087712549569
5.220153254455275
5.5901699437494745
5.70087712549569
6.18465843842649
5.522680508593631
4.527692569068709
5.522680508593631
5.522680508593631
5.0990195135927845
5.0990195135927845
4.6097722286464435
5.0990195135927845
5.5901699437494745
5.70087712549569
5.220153254455275
6.082762530298219
6.082762530298219
5.385164807134504
6.18465843842649
6.96419413859206
6.041522986797286
6.800735254367722
5.70087712549569
6.18465843842649
5.220153254455275
5.5901699437494745
5.70087712549569
6.800735254367722
6.5
6.041522986797286
6.96419413859206
6.5
6.5
6.5
6.324555320336759
6.708203932499369
6.5
6.5
7.615773105863909
6.18465843842649
6.041522986797286
6.5
5.852349955359813
6.96419413859206
6.96419413859206
6.96419413859206
7.433034373659253
6.96419413859206
5.385164807134504
5.385164807134504
5.220153254455275
4.743416490252569
3.905124837953327
5.5901699437494745
6.041522986797286
5.830951894845301
5.70087712549569
5.5901699437494745
6.041522986797286
5.385164807134504
6.18465843842649
5.385164807134504
5.852349955359813
6.041522986797286
4.743416490252569
6.18465843842649
5.220153254455275
6.082762530298219
5.0
4.6097722286464435
6.082762530298219
5.024937810560445
5.522680508593631
5.522680508593631
5.5901699437494745
5.522680508593631
5.024937810560445
5.5
6.020797289396148
6.519202405202649
6.020797289396148
5.522680508593631
4.527692569068709
4.527692569068709
3.5355339059327378
4.527692569068709
5.024937810560445
4.031128874149275
4.031128874149275
5.522680508593631
5.024937810560445
4.527692569068709
4.527692569068709
5.5
5.024937810560445
3.5355339059327378
5.522680508593631
5.024937810560445
4.527692569068709
5.522680508593631
4.031128874149275
6.020797289396148
5.5901699437494745
5.852349955359813
4.527692569068709
5.024937810560445
5.024937810560445
4.031128874149275
4.5
5.522680508593631
5.70087712549569
5.024937810560445
6.020797289396148
5.522680508593631
6.0
6.519202405202649
5.5901699437494745
6.0
7.648529270389178
5.522680508593631
7.0710678118654755
6.18465843842649
7.648529270389178
7.516648189186454
5.0990195135927845
6.800735254367722
7.158910531638177
6.18465843842649
6.576473218982953
6.5
5.70087712549569
7.158910531638177
6.18465843842649
5.385164807134504
5.852349955359813
6.708203932499369
5.385164807134504
5.852349955359813
4.6097722286464435
5.852349955359813
6.96419413859206
4.716990566028302
5.385164807134504
4.716990566028302
6.5
6.041522986797286
6.324555320336759
6.96419413859206
7.280109889280518
8.381527307120106
5.830951894845301
5.5901699437494745
6.041522986797286
6.5
6.5
5.1478150704935
5.852349955359813
5.5901699437494745
6.041522986797286
6.264982043070834
6.041522986797286
6.041522986797286
5.385164807134504
5.70087712549569
5.852349955359813
5.1478150704935
5.220153254455275
4.6097722286464435
5.220153254455275
5.385164807134504
3.0413812651491097
2.692582403567252
2.5
3.0
3.0
2.692582403567252
2.692582403567252
1.8027756377319946
2.692582403567252
2.5
2.5
2.23606797749979
2.5495097567963922
1.8027756377319946
2.9154759474226504
3.640054944640259
2.5
4.242640687119285
3.8078865529319543
4.272001872658765
4.743416490252569
4.031128874149275
5.830951894845301
6.264982043070834
6.5
6.5
6.800735254367722
6.082762530298219
7.566372975210778
8.139410298049853
9.7082439194738
8.73212459828649
8.860022573334675
7.762087348130012
8.860022573334675
8.73212459828649
7.615773105863909
7.905694150420948
8.54400374531753
8.246211251235321
7.433034373659253
8.73212459828649
8.246211251235321
7.566372975210778
7.280109889280518
8.06225774829855
7.0710678118654755
7.0178344238090995
7.762087348130012
6.670832032063167
6.576473218982953
7.566372975210778
6.020797289396148
6.800735254367722
7.566372975210778
7.566372975210778
7.0178344238090995
7.0178344238090995
6.020797289396148
6.519202405202649
5.0
6.0
6.0
3.5
4.031128874149275
4.0
4.031128874149275
3.5355339059327378
4.031128874149275
4.5
2.692582403567252
3.0413812651491097
2.0615528128088303
2.0615528128088303
2.0
2.0
1.118033988749895
1.118033988749895
1.5811388300841898
0.5
0.5
2.0
0.5
0.5
1.4142135623730951
1.5811388300841898
0.5
1.5811388300841898
2.692582403567252
2.0615528128088303
1.5811388300841898
3.0
2.0
3.0413812651491097
3.5355339059327378
3.0
3.0413812651491097
4.527692569068709
3.5
4.0
4.5
5.024937810560445
6.082762530298219
4.5
4.6097722286464435
5.0990195135927845
4.743416490252569
5.0990195135927845
5.220153254455275
4.924428900898052
5.0990195135927845
5.0990195135927845
5.385164807134504
5.385164807134504
5.385164807134504
6.324555320336759
5.0990195135927845
6.082762530298219
5.0990195135927845
6.082762530298219
6.082762530298219
6.082762530298219
6.082762530298219
6.082762530298219
5.0990195135927845
6.082762530298219
5.385164807134504
5.385164807134504
6.324555320336759
5.385164807134504
5.385164807134504
5.385164807134504
5.852349955359813
5.852349955359813
5.830951894845301
6.708203932499369
6.708203932499369
7.211102550927978
6.4031242374328485
6.4031242374328485
7.810249675906654
7.810249675906654
7.810249675906654
7.810249675906654
9.219544457292887
7.0710678118654755
7.810249675906654
7.810249675906654
7.810249675906654
8.48528137423857
8.48528137423857
8.48528137423857
8.48528137423857
9.219544457292887
9.899494936611665
9.899494936611665
7.211102550927978
7.211102550927978
7.211102550927978
7.211102550927978
7.211102550927978
7.211102550927978
8.602325267042627
8.602325267042627
8.602325267042627
8.602325267042627
8.06225774829855
8.06225774829855
8.06225774829855
8.06225774829855
8.06225774829855
8.602325267042627
8.602325267042627
8.602325267042627
8.602325267042627
8.602325267042627
8.602325267042627
8.602325267042627
8.602325267042627
8.602325267042627
8.602325267042627
8.602325267042627
7.810249675906654
7.810249675906654
7.810249675906654
7.810249675906654
7.810249675906654
7.810249675906654
8.48528137423857
8.48528137423857
8.48528137423857
8.602325267042627
9.219544457292887
7.211102550927978
6.708203932499369
7.810249675906654
7.211102550927978
6.4031242374328485
7.211102550927978
8.200609733428363
7.158910531638177
7.158910531638177
6.800735254367722
7.158910531638177
6.800735254367722
6.576473218982953
6.800735254367722
6.576473218982953
6.800735254367722
6.576473218982953
6.576473218982953
6.800735254367722
6.800735254367722
6.576473218982953
6.576473218982953
6.576473218982953
6.576473218982953
6.576473218982953
6.576473218982953
6.576473218982953
6.576473218982953
6.576473218982953
6.576473218982953
6.800735254367722
6.800735254367722
6.800735254367722
7.158910531638177
8.077747210701755
8.077747210701755
7.632168761236874
8.200609733428363
7.632168761236874
8.200609733428363
8.5
9.013878188659973
9.604686356149273
7.632168761236874
7.905694150420948
7.905694150420948
9.300537618869138
7.905694150420948
8.514693182963201
8.514693182963201
9.192388155425117
8.514693182963201
8.514693182963201
9.192388155425117
9.924716620639604
9.924716620639604
9.192388155425117
9.192388155425117
8.514693182963201
9.924716620639604
9.924716620639604
10.606601717798213
9.300537618869138
9.300537618869138
9.300537618869138
9.300537618869138
8.74642784226795
8.514693182963201
7.905694150420948
7.905694150420948
7.905694150420948
6.519202405202649
5.70087712549569
6.519202405202649
5.70087712549569
7.3824115301167
5.70087712549569
6.041522986797286
6.041522986797286
6.041522986797286
5.70087712549569
6.041522986797286
5.1478150704935
5.1478150704935
5.1478150704935
5.1478150704935
5.1478150704935
5.1478150704935
4.743416490252569
4.743416490252569
4.924428900898052
4.031128874149275
4.924428900898052
6.020797289396148
4.6097722286464435
6.264982043070834
5.408326913195984
5.408326913195984
5.408326913195984
4.6097722286464435
6.020797289396148
6.020797289396148
6.020797289396148
6.020797289396148
6.4031242374328485
5.656854249492381
7.211102550927978
6.4031242374328485
7.0710678118654755
6.4031242374328485
7.0710678118654755
7.0710678118654755
7.211102550927978
7.211102550927978
7.211102550927978
7.211102550927978
6.4031242374328485
8.06225774829855
7.211102550927978
8.06225774829855
7.211102550927978
8.94427190999916
8.06225774829855
7.810249675906654
8.06225774829855
8.06225774829855
9.848857801796104
8.602325267042627
10.295630140987
9.433981132056603
9.433981132056603
10.295630140987
9.433981132056603
8.94427190999916
10.770329614269007
10.295630140987
10.295630140987
10.295630140987
10.295630140987
9.433981132056603
9.848857801796104
10.307764064044152
10.307764064044152
9.86154146165801
10.735455276791944
10.307764064044152
10.307764064044152
9.962429422585638
8.73212459828649
9.013878188659973
9.394147114027968
8.5
8.5
7.158910531638177
6.264982043070834
9.013878188659973
8.200609733428363
8.200609733428363
6.800735254367722
8.200609733428363
6.264982043070834
5.852349955359813
4.924428900898052
4.6097722286464435
5.852349955359813
5.830951894845301
5.830951894845301
6.4031242374328485
6.4031242374328485
7.211102550927978
6.4031242374328485
7.0710678118654755
6.4031242374328485
6.4031242374328485
5.852349955359813
4.6097722286464435
5.5901699437494745
5.852349955359813
6.264982043070834
6.264982043070834
6.264982043070834
6.800735254367722
6.800735254367722
6.726812023536855
5.315072906367325
5.315072906367325
4.6097722286464435
4.031128874149275
4.031128874149275
3.640054944640259
4.6097722286464435
4.031128874149275
5.315072906367325
5.315072906367325
4.716990566028302
5.5901699437494745
6.5
5.5901699437494745
6.020797289396148
5.408326913195984
5.408326913195984
3.905124837953327
4.47213595499958
3.1622776601683795
3.605551275463989
4.47213595499958
5.0
5.656854249492381
7.0710678118654755
5.830951894845301
4.242640687119285
2.8284271247461903
3.1622776601683795
3.1622776601683795
3.605551275463989
3.1622776601683795
3.605551275463989
2.23606797749979
1.0
4.242640687119285
4.242640687119285
5.656854249492381
7.810249675906654
6.800735254367722
8.200609733428363
7.632168761236874
6.800735254367722
6.800735254367722
6.800735254367722
5.408326913195984
7.632168761236874
7.632168761236874
6.800735254367722
7.433034373659253
6.020797289396148
6.726812023536855
5.5901699437494745
6.946221994724902
7.5
7.5
6.946221994724902
6.5
5.220153254455275
4.6097722286464435
3.905124837953327
4.6097722286464435
5.315072906367325
5.315072906367325
5.315072906367325
5.315072906367325
6.020797289396148
6.800735254367722
4.6097722286464435
4.6097722286464435
3.905124837953327
4.272001872658765
5.220153254455275
5.024937810560445
7.158910531638177
6.18465843842649
6.18465843842649
6.18465843842649
5.024937810560445
6.020797289396148
7.0178344238090995
7.0178344238090995
7.0178344238090995
6.18465843842649
5.5901699437494745
6.041522986797286
7.3824115301167
7.905694150420948
6.363961030678928
6.363961030678928
6.363961030678928
5.70087712549569
3.8078865529319543
4.527692569068709
4.6097722286464435
4.5
3.5
4.031128874149275
3.2015621187164243
3.2015621187164243
5.315072906367325
6.946221994724902
6.103277807866851
6.946221994724902
8.73212459828649
8.73212459828649
9.17877987534291
9.17877987534291
10.547511554864494
9.7082439194738
9.7082439194738
8.32165848854662
6.726812023536855
4.6097722286464435
4.031128874149275
3.640054944640259
3.5
4.6097722286464435
4.924428900898052
6.726812023536855
11.10180165558726
12.776932339180638
11.926860441876563
11.510864433221338
10.700467279516348
8.514693182963201
6.363961030678928
4.949747468305833
6.519202405202649
7.3824115301167
7.3824115301167
8.276472678623424
8.276472678623424
6.96419413859206
7.3824115301167
6.519202405202649
9.924716620639604
9.5524865872714
10.307764064044152
10.307764064044152
11.926860441876563
8.139410298049853
8.139410298049853
7.433034373659253
6.726812023536855
6.726812023536855
8.902246907382429
11.412712210513327
11.10180165558726
12.776932339180638
14.150971698084906
12.206555615733702
12.529964086141668
13.892443989449804
12.529964086141668
13.038404810405298
13.038404810405298
13.038404810405298
12.298373876248844
12.776932339180638
13.647344063956181
15.008331019803634
13.647344063956181
15.008331019803634
17.240939649566666
16.77050983124842
17.240939649566666
14.7648230602334
14.7648230602334
14.7648230602334
14.7648230602334
14.317821063276353
14.317821063276353
14.317821063276353
14.317821063276353
14.7648230602334
14.317821063276353
13.416407864998739
13.892443989449804
11.661903789690601
12.083045973594572
9.433981132056603
12.529964086141668
14.422205101855956
13.892443989449804
14.0089257261219
14.326548781894402
15.20690632574555
12.093386622447824
11.236102527122116
10.307764064044152
9.962429422585638
9.394147114027968
9.394147114027968
8.5
8.5
8.5
8.077747210701755
9.013878188659973
8.077747210701755
8.5
7.632168761236874
7.632168761236874
8.5
9.86154146165801
9.013878188659973
8.5
8.077747210701755
7.158910531638177
8.077747210701755
9.013878188659973
9.013878188659973
9.604686356149273
9.604686356149273
10.404326023342406
10.259142264341596
10.259142264341596
9.5524865872714
8.845903006477066
9.604686356149273
9.013878188659973
8.5
9.394147114027968
9.86154146165801
9.86154146165801
10.404326023342406
10.259142264341596
10.965856099730654
11.10180165558726
9.7082439194738
11.10180165558726
10.965856099730654
10.307764064044152
9.5524865872714
8.200609733428363
9.013878188659973
8.077747210701755
9.013878188659973
8.860022573334675
9.82344135219425
10.124228365658293
10.594810050208546
11.10180165558726
12.206555615733702
12.727922061357855
11.672617529928752
13.0862523283024
11.335784048754634
10.700467279516348
12.747548783981962
12.020815280171307
11.335784048754634
10.700467279516348
9.17877987534291
9.656603957913983
9.17877987534291
9.656603957913983
8.73212459828649
10.51189802081432
10.51189802081432
12.349089035228468
11.76860229593982
12.747548783981962
12.747548783981962
10.793516572461451
12.020815280171307
11.067971810589327
10.965856099730654
10.977249200050075
10.735455276791944
11.510864433221338
11.510864433221338
9.924716620639604
8.276472678623424
8.5
9.86154146165801
9.5524865872714
11.672617529928752
11.884864324004713
13.92838827718412
14.866068747318506
15.231546211727817
13.92838827718412
13.0
12.529964086141668
13.647344063956181
12.298373876248844
13.313526955694348
13.313526955694348
13.209844813622906
11.423659658795863
12.020815280171307
11.067971810589327
12.747548783981962
12.020815280171307
14.230249470757707
11.884864324004713
16.101242188104617
18.034688796871432
18.034688796871432
14.534441853748634
15.20690632574555
15.0
16.401219466856727
12.206555615733702
13.416407864998739
12.649110640673518
13.601470508735444
13.341664064126334
15.524174696260024
15.337861650177967
16.80773631397161
17.67766952966369
18.9010581714358
21.920310216782973
18.741664813991314
20.155644370746373
20.93442141545832
19.525624189766635
18.309833423600555
17.755280904564703
17.67059704707229
18.200274723201296
16.77050983124842
17.88854381999832
20.248456731316587
20.248456731316587
22.02271554554524
24.839484696748443
21.400934559032695
22.20360331117452
23.021728866442675
22.47220505424423
20.12461179749811
18.027756377319946
17.46424919657298
18.027756377319946
16.76305461424021
17.72004514666935
19.313207915827967
19.924858845171276
21.470910553583888
21.914607000811127
24.520399670478458
26.100766272276374
26.100766272276374
23.90083680543424
24.964975465639856
23.58495283014151
21.70829334609241
22.14158982548453
21.360009363293827
22.299103120977758
21.02974084481309
23.243278598338918
21.73131381210073
25.71478174124758
27.784887978899608
30.0
29.702693480558292
32.5
32.973474187595095
33.737960815674676
32.5
30.92733418838423
33.44398301638129
28.469281690973517
29.740544715926102
29.300170647967224
31.12073263919087
28.88771365130858
31.088583113419627
35.64056677439347
37.85828839237189
41.80011961705373
41.907636535600524
42.32316150761897
43.729280808172454
41.617304093369626
40.496913462633174
37.589892258425
37.57658845611187
35.84689665786984
32.69556544854363
32.5
33.76758800980609
33.32041416309227
35.11765937530575
36.96281915655244
39.702015062210634
40.22747817102136
39.702015062210634
38.30469945058961
37.473323845103465
36.96281915655244
32.42298567374695
31.988279103446626
30.663496212923928
29.567718883945037
30.675723300355934
31.38470965295043
35.35533905932738
37.21558813185679
39.44616584663204
41.340053217188775
41.340053217188775
41.677331968349414
45.48626166217664
44.41846462902562
43.41658669218482
45.65084884205331
42.05948168962618
41.14608122288197
39.35733730830886
39.81205847478876
40.718546143004666
42.485291572496
42.485291572496
46.52956049652737
47.16990566028302
45.41200281863816
45.89389937671455
44.16163493350309
42.29952718411874
41.8359892915179
42.746344872983
38.69431482789171
40.02811511925087
38.242646351945886
40.03123780249619
40.99390198553927
44.5926002830066
43.22614949310197
43.96020928066653
41.50301193889427
41.50301193889427
41.382363393117124
39.147158262126766
38.23937760999779
37.57658845611187
28.74456470360962
27.060118255469618
26.68332812825267
28.460498941515414
27.65863337187866
29.732137494637012
30.463092423455635
31.304951684997057
31.78049716414141
30.463092423455635
27.681221071332818
25.59785147234041
24.253865671269807
21.644860821913362
21.005951537600005
24.046829312822098
23.13547060251855
22.276669409945463
25.46075411294803
27.115493725912497
28.848743473503312
29.769951293208393
30.26962173533062
28.848743473503312
25.46075411294803
25.46075411294803
21.47673159491453
22.276669409945463
21.0535032714273
21.0535032714273
21.552262062252307
22.5055548698538
20.554804791094465
20.796634343085422
24.66779276708802
25.347583711273153
27.97320146139873
28.398943642325854
28.398943642325854
25.739075352467502
23.42007685726074
23.42007685726074
21.1482859825566
20.155644370746373
18.506755523321747
19.557607215607945
19.525624189766635
18.439088914585774
18.027756377319946
17.029386365926403
16.1245154965971
18.973665961010276
19.924858845171276
20.248456731316587
21.540659228538015
20.248456731316587
20.615528128088304
18.973665961010276
18.681541692269406
17.11724276862369
15.5
15.5
16.0312195418814
16.070158679988197
15.008331019803634
15.008331019803634
14.221462653327892
14.713938969562161
14.916433890176299
16.80773631397161
16.446884203398525
15.508062419270823
18.34393632784414
16.446884203398525
13.946325680981353
13.729530217745982
12.589678312014172
13.009611831257688
13.009611831257688
13.009611831257688
12.093386622447824
12.093386622447824
12.816005617976296
12.816005617976296
15.041608956491324
15.88238017426859
14.534441853748634
10.594810050208546
12.36931687685298
11.180339887498949
10.920164833920778
9.055385138137417
11.0
11.180339887498949
9.486832980505138
9.486832980505138
9.486832980505138
10.735455276791944
10.735455276791944
11.236102527122116
10.735455276791944
8.32165848854662
7.905694150420948
8.381527307120106
8.246211251235321
8.73212459828649
7.762087348130012
7.158910531638177
7.158910531638177
8.5
9.86154146165801
10.259142264341596
9.604686356149273
9.013878188659973
8.74642784226795
7.3824115301167
7.158910531638177
7.632168761236874
6.800735254367722
7.810249675906654
7.810249675906654
7.211102550927978
8.48528137423857
7.211102550927978
7.211102550927978
7.810249675906654
9.219544457292887
9.219544457292887
11.313708498984761
10.63014581273465
12.041594578792296
10.63014581273465
11.40175425099138
12.529964086141668
13.200378782444085
12.298373876248844
13.200378782444085
12.816005617976296
12.816005617976296
13.647344063956181
12.298373876248844
12.298373876248844
12.298373876248844
10.307764064044152
8.381527307120106
8.381527307120106
7.433034373659253
9.17877987534291
8.94427190999916
8.94427190999916
7.280109889280518
8.246211251235321
7.762087348130012
6.5
5.5901699437494745
6.576473218982953
6.576473218982953
6.264982043070834
5.1478150704935
5.70087712549569
5.70087712549569
6.041522986797286
6.519202405202649
6.519202405202649
6.519202405202649
6.519202405202649
5.1478150704935
6.041522986797286
6.041522986797286
5.70087712549569
6.519202405202649
4.527692569068709
3.8078865529319543
3.8078865529319543
3.8078865529319543
4.527692569068709
3.8078865529319543
4.743416490252569
4.527692569068709
6.519202405202649
5.70087712549569
6.670832032063167
6.96419413859206
6.041522986797286
6.96419413859206
6.96419413859206
5.522680508593631
6.670832032063167
5.70087712549569
5.1478150704935
6.041522986797286
4.743416490252569
3.5355339059327378
3.8078865529319543
4.527692569068709
3.5355339059327378
4.272001872658765
3.1622776601683795
3.1622776601683795
2.0
1.0
1.8027756377319946
2.692582403567252
1.5
3.2015621187164243
3.2015621187164243
2.5
3.3541019662496847
3.905124837953327
4.716990566028302
5.5901699437494745
5.315072906367325
5.220153254455275
4.272001872658765
4.031128874149275
4.031128874149275
4.031128874149275
4.031128874149275
4.031128874149275
5.220153254455275
5.024937810560445
5.220153254455275
5.024937810560445
6.18465843842649
6.020797289396148
6.020797289396148
6.020797289396148
6.18465843842649
6.18465843842649
7.158910531638177
6.020797289396148
6.020797289396148
6.020797289396148
6.020797289396148
5.024937810560445
5.522680508593631
3.5355339059327378
3.5355339059327378
5.522680508593631
4.031128874149275
5.024937810560445
4.031128874149275
5.024937810560445
5.024937810560445
6.020797289396148
5.024937810560445
6.020797289396148
7.0178344238090995
6.020797289396148
6.020797289396148
5.024937810560445
6.020797289396148
6.020797289396148
6.020797289396148
6.020797289396148
5.024937810560445
5.024937810560445
4.527692569068709
4.527692569068709
5.522680508593631
4.527692569068709
6.519202405202649
6.519202405202649
7.516648189186454
7.648529270389178
6.519202405202649
5.522680508593631
4.527692569068709
6.670832032063167
6.519202405202649
6.519202405202649
4.743416490252569
5.522680508593631
4.527692569068709
4.527692569068709
3.5355339059327378
5.522680508593631
4.527692569068709
3.5355339059327378
4.743416490252569
4.743416490252569
5.522680508593631
5.522680508593631
4.527692569068709
3.5355339059327378
2.5495097567963922
4.743416490252569
4.743416490252569
5.522680508593631
7.648529270389178
4.743416490252569
