5.385164807134504
6.324555320336759
6.5
5.830951894845301
5.830951894845301
6.264982043070834
6.363961030678928
7.106335201775948
7.0710678118654755
7.211102550927978
8.200609733428363
8.200609733428363
7.106335201775948
7.5
7.0710678118654755
7.211102550927978
7.5
7.433034373659253
8.48528137423857
7.905694150420948
8.514693182963201
8.139410298049853
7.433034373659253
6.519202405202649
8.514693182963201
8.139410298049853
8.139410298049853
7.810249675906654
7.106335201775948
7.433034373659253
6.726812023536855
7.106335201775948
6.800735254367722
7.7781745930520225
8.32165848854662
7.433034373659253
6.726812023536855
7.106335201775948
6.726812023536855
7.5
7.106335201775948
6.726812023536855
6.363961030678928
6.726812023536855
7.106335201775948
8.48528137423857
7.0710678118654755
7.433034373659253
6.519202405202649
7.106335201775948
6.103277807866851
6.020797289396148
7.433034373659253
7.433034373659253
6.4031242374328485
6.103277807866851
6.103277807866851
6.519202405202649
6.800735254367722
6.264982043070834
6.264982043070834
6.264982043070834
5.408326913195984
6.800735254367722
6.800735254367722
6.519202405202649
6.020797289396148
7.905694150420948
5.830951894845301
6.264982043070834
5.830951894845301
6.264982043070834
6.519202405202649
5.408326913195984
6.103277807866851
6.519202405202649
6.519202405202649
6.103277807866851
5.830951894845301
5.1478150704935
6.519202405202649
6.041522986797286
5.5901699437494745
6.020797289396148
6.264982043070834
5.70087712549569
6.264982043070834
6.519202405202649
6.946221994724902
7.211102550927978
7.106335201775948
6.264982043070834
6.800735254367722
6.103277807866851
6.4031242374328485
6.800735254367722
6.103277807866851
6.103277807866851
6.946221994724902
6.103277807866851
6.519202405202649
6.519202405202649
6.519202405202649
6.800735254367722
6.519202405202649
6.519202405202649
5.830951894845301
6.800735254367722
6.800735254367722
6.020797289396148
6.264982043070834
6.020797289396148
6.519202405202649
6.519202405202649
5.70087712549569
6.103277807866851
6.103277807866851
6.264982043070834
6.800735254367722
6.800735254367722
6.020797289396148
6.800735254367722
6.800735254367722
7.106335201775948
6.519202405202649
6.519202405202649
5.5901699437494745
6.020797289396148
6.800735254367722
6.041522986797286
5.830951894845301
5.830951894845301
6.519202405202649
6.264982043070834
6.519202405202649
6.946221994724902
6.946221994724902
6.264982043070834
6.519202405202649
6.264982043070834
5.830951894845301
6.264982043070834
6.264982043070834
6.800735254367722
6.800735254367722
6.800735254367722
6.4031242374328485
6.800735254367722
6.519202405202649
5.830951894845301
5.70087712549569
6.4031242374328485
6.264982043070834
6.041522986797286
6.041522986797286
5.408326913195984
6.041522986797286
5.5901699437494745
6.5
5.70087712549569
5.852349955359813
5.5901699437494745
5.408326913195984
5.852349955359813
5.5901699437494745
5.5901699437494745
6.5
5.5901699437494745
5.385164807134504
5.830951894845301
6.264982043070834
5.852349955359813
5.5901699437494745
5.5901699437494745
5.830951894845301
4.716990566028302
5.830951894845301
5.5901699437494745
5.830951894845301
6.103277807866851
5.5901699437494745
5.1478150704935
5.5901699437494745
5.385164807134504
5.5901699437494745
5.852349955359813
5.5901699437494745
5.385164807134504
5.385164807134504
5.5901699437494745
5.852349955359813
5.385164807134504
6.5
5.1478150704935
5.5901699437494745
5.830951894845301
5.408326913195984
5.1478150704935
6.103277807866851
5.830951894845301
5.5901699437494745
4.924428900898052
4.924428900898052
5.5901699437494745
5.852349955359813
6.082762530298219
5.024937810560445
4.031128874149275
4.527692569068709
4.123105625617661
3.0
3.0413812651491097
4.123105625617661
3.905124837953327
4.031128874149275
3.2015621187164243
3.2015621187164243
4.031128874149275
4.301162633521313
3.5355339059327378
3.905124837953327
3.605551275463989
4.031128874149275
3.3541019662496847
3.8078865529319543
3.640054944640259
3.3541019662496847
3.3541019662496847
2.1213203435596424
2.0615528128088303
2.0615528128088303
2.23606797749979
3.1622776601683795
2.9154759474226504
3.1622776601683795
3.0413812651491097
3.640054944640259
3.5355339059327378
3.5355339059327378
3.1622776601683795
3.640054944640259
2.5
3.5
3.5
3.5
3.5355339059327378
3.5355339059327378
4.031128874149275
4.272001872658765
4.272001872658765
4.47213595499958
3.640054944640259
3.0413812651491097
2.9154759474226504
1.118033988749895
2.5
2.1213203435596424
3.1622776601683795
1.0
0.7071067811865476
0.7071067811865476
1.8027756377319946
1.0
1.118033988749895
1.118033988749895
1.118033988749895
0.5
1.0
1.118033988749895
2.0615528128088303
1.5811388300841898
0.0
1.0
0.5
0.5
0.5
1.118033988749895
1.0
1.8027756377319946
1.8027756377319946
2.8284271247461903
2.9154759474226504
2.23606797749979
2.692582403567252
2.8284271247461903
2.8284271247461903
2.692582403567252
2.8284271247461903
2.692582403567252
2.692582403567252
2.8284271247461903
3.3541019662496847
2.5495097567963922
2.5
3.605551275463989
2.9154759474226504
2.9154759474226504
3.3541019662496847
2.5
2.23606797749979
2.8284271247461903
2.8284271247461903
2.8284271247461903
2.9154759474226504
2.9154759474226504
2.1213203435596424
1.8027756377319946
2.23606797749979
2.1213203435596424
2.5
2.1213203435596424
2.23606797749979
2.0615528128088303
1.118033988749895
1.8027756377319946
1.8027756377319946
2.0
1.5
2.0615528128088303
1.118033988749895
1.118033988749895
1.5
0.5
0.5
1.118033988749895
0.5
1.0
1.118033988749895
1.5
0.7071067811865476
2.5
2.0
1.5811388300841898
2.1213203435596424
1.8027756377319946
1.8027756377319946
2.692582403567252
2.1213203435596424
2.0615528128088303
2.23606797749979
1.5811388300841898
3.2015621187164243
1.5
2.0615528128088303
2.0615528128088303
2.0615528128088303
3.3541019662496847
4.031128874149275
5.408326913195984
7.3824115301167
6.946221994724902
6.726812023536855
8.5
8.54400374531753
7.826237921249264
6.800735254367722
8.5
6.946221994724902
5.5901699437494745
6.708203932499369
7.158910531638177
6.946221994724902
6.946221994724902
8.902246907382429
6.041522986797286
6.103277807866851
6.103277807866851
6.103277807866851
5.315072906367325
5.315072906367325
6.103277807866851
6.103277807866851
7.433034373659253
7.632168761236874
7.106335201775948
6.4031242374328485
7.3824115301167
7.3824115301167
6.5
6.519202405202649
6.103277807866851
4.949747468305833
4.123105625617661
4.743416490252569
5.852349955359813
5.852349955359813
5.385164807134504
5.385164807134504
5.0990195135927845
5.385164807134504
6.264982043070834
4.924428900898052
6.082762530298219
5.5901699437494745
5.522680508593631
6.020797289396148
5.5901699437494745
5.5901699437494745
7.0178344238090995
8.0156097709407
7.0
8.0156097709407
7.762087348130012
8.514693182963201
8.631338250816034
8.06225774829855
9.7082439194738
10.547511554864494
9.219544457292887
9.7082439194738
9.5524865872714
10.111874208078342
8.0
10.04987562112089
9.013878188659973
9.513148795220223
8.514693182963201
8.139410298049853
8.0
7.762087348130012
8.631338250816034
7.648529270389178
9.013878188659973
8.631338250816034
8.246211251235321
8.73212459828649
7.280109889280518
5.852349955359813
8.246211251235321
8.631338250816034
9.7082439194738
8.558621384311845
10.04987562112089
10.04987562112089
11.5
10.547511554864494
11.510864433221338
11.045361017187261
11.10180165558726
9.013878188659973
10.04987562112089
10.51189802081432
10.012492197250394
9.513148795220223
10.547511554864494
9.0
8.381527307120106
7.158910531638177
8.631338250816034
8.246211251235321
9.219544457292887
7.0710678118654755
9.5
9.513148795220223
9.0
10.04987562112089
9.5524865872714
9.219544457292887
10.198039027185569
10.920164833920778
12.083045973594572
10.51189802081432
11.236102527122116
11.510864433221338
10.0
11.800423721205947
10.816653826391969
11.510864433221338
11.236102527122116
11.926860441876563
11.236102527122116
10.295630140987
12.298373876248844
11.423659658795863
10.735455276791944
10.51189802081432
10.51189802081432
10.062305898749054
10.965856099730654
11.661903789690601
11.236102527122116
11.629703349613008
11.629703349613008
11.661903789690601
11.236102527122116
10.735455276791944
10.977249200050075
10.735455276791944
11.661903789690601
10.816653826391969
11.236102527122116
12.349089035228468
12.349089035228468
12.971121771072847
13.209844813622906
13.038404810405298
13.038404810405298
12.529964086141668
13.729530217745982
13.209844813622906
13.892443989449804
13.892443989449804
14.150971698084906
13.313526955694348
14.326548781894402
14.326548781894402
14.84082207965583
17.67059704707229
15.890248582070704
16.347782724271816
17.88854381999832
17.00735135169495
17.46424919657298
17.7341478509682
16.62077013859466
18.848076824970764
18.200274723201296
17.269916039170543
18.66815470259447
17.67766952966369
18.867962264113206
18.867962264113206
16.560495161679196
17.92344832893492
16.3783393541592
18.601075237738275
17.334935823359714
16.507574019219177
16.64331697709324
17.334935823359714
17.804493814764857
17.4928556845359
17.4928556845359
17.334935823359714
17.240939649566666
18.179658962697843
17.44276354251241
17.88854381999832
17.88854381999832
18.12456896039186
17.92344832893492
16.77050983124842
17.00735135169495
17.219175357722563
17.219175357722563
17.219175357722563
17.08800749063506
17.219175357722563
16.347782724271816
17.269916039170543
17.46424919657298
15.20690632574555
15.88238017426859
15.88238017426859
15.443445211480501
15.88238017426859
16.80773631397161
15.652475842498529
16.560495161679196
16.1245154965971
15.88238017426859
16.560495161679196
14.7648230602334
15.231546211727817
15.692354826475215
15.692354826475215
16.55294535724685
15.435349040433131
15.508062419270823
16.101242188104617
16.347782724271816
16.347782724271816
16.101242188104617
16.347782724271816
15.692354826475215
16.55294535724685
16.15549442140351
15.890248582070704
16.15549442140351
15.508062419270823
15.182226450688976
15.660459763365825
14.705441169852742
15.508062419270823
14.577379737113251
14.577379737113251
15.435349040433131
14.150971698084906
14.577379737113251
13.892443989449804
15.692354826475215
14.7648230602334
13.892443989449804
14.326548781894402
15.652475842498529
14.577379737113251
14.317821063276353
13.341664064126334
13.0
14.396180048887969
13.601470508735444
13.756816492197604
13.46291201783626
14.115594213493104
14.115594213493104
15.041608956491324
14.115594213493104
15.041608956491324
14.866068747318506
14.705441169852742
15.337861650177967
15.041608956491324
15.132745950421556
15.628499608087784
15.132745950421556
16.194134740701646
17.11724276862369
17.029386365926403
17.029386365926403
16.00781059358212
14.637281168304447
14.713938969562161
15.132745950421556
14.317821063276353
15.524174696260024
15.402921800749363
15.402921800749363
14.430869689661812
15.041608956491324
14.807092894960848
15.524174696260024
15.297058540778355
15.041608956491324
15.041608956491324
14.807092894960848
15.297058540778355
15.041608956491324
14.560219778561036
14.142135623730951
15.132745950421556
14.317821063276353
14.807092894960848
14.807092894960848
14.560219778561036
14.916433890176299
15.041608956491324
13.946325680981353
15.787653403846944
14.916433890176299
15.182226450688976
14.916433890176299
15.524174696260024
14.560219778561036
14.560219778561036
14.866068747318506
15.811388300841896
15.041608956491324
14.705441169852742
15.182226450688976
15.524174696260024
15.890248582070704
15.041608956491324
16.00781059358212
15.182226450688976
16.140012391568973
16.28649747490233
15.811388300841896
15.337861650177967
16.28649747490233
15.811388300841896
15.337861650177967
15.811388300841896
15.435349040433131
15.041608956491324
15.041608956491324
15.660459763365825
15.041608956491324
15.337861650177967
15.508062419270823
16.91892431568863
14.560219778561036
16.00781059358212
16.91892431568863
17.585505395068974
17.585505395068974
16.446884203398525
16.62077013859466
15.692354826475215
16.00781059358212
16.76305461424021
16.00781059358212
16.140012391568973
17.585505395068974
18.33712082089225
17.066048165876012
17.67766952966369
20.65187642806338
18.027756377319946
20.524375751773793
20.05617112013158
20.0
20.0
21.0
20.5
20.006249023742555
20.524375751773793
20.09975124224178
19.50640920313116
20.554804791094465
19.00657780874821
20.006249023742555
19.525624189766635
18.027756377319946
19.557607215607945
19.1637678967368
18.062391868188442
17.755280904564703
18.66815470259447
17.26267650163207
16.77050983124842
16.3783393541592
16.492422502470642
16.3783393541592
15.890248582070704
15.890248582070704
16.3783393541592
15.524174696260024
15.524174696260024
15.660459763365825
15.402921800749363
14.916433890176299
15.524174696260024
17.240939649566666
15.787653403846944
15.402921800749363
15.402921800749363
16.62077013859466
14.916433890176299
16.867127793433
15.787653403846944
16.00781059358212
17.46424919657298
16.492422502470642
18.110770276274835
17.613914953808536
17.10263137648707
18.24828759089466
16.688319268278637
17.95132307101624
16.867127793433
16.867127793433
17.18284027743958
17.755280904564703
17.755280904564703
16.867127793433
17.356554957709783
19.1637678967368
18.741664813991314
19.60229578391266
18.741664813991314
18.66815470259447
19.319679086361656
18.741664813991314
20.71834935510066
19.81161275615895
19.60229578391266
20.886598574205422
20.396078054371138
19.78004044485248
20.5
21.70829334609241
20.130822139197395
19.448650338776723
20.402205763103165
19.78004044485248
20.402205763103165
19.5
18.66815470259447
18.5
18.200274723201296
18.33712082089225
19.5
18.560711193270585
17.67059704707229
17.67766952966369
17.0
16.101242188104617
15.88238017426859
15.20690632574555
16.32482771731451
16.32482771731451
16.32482771731451
15.88238017426859
15.443445211480501
15.264337522473747
15.443445211480501
15.652475842498529
15.953056133543816
16.560495161679196
15.692354826475215
16.560495161679196
16.62077013859466
15.508062419270823
14.115594213493104
14.396180048887969
15.231546211727817
15.231546211727817
14.866068747318506
14.560219778561036
14.430869689661812
15.182226450688976
15.508062419270823
14.916433890176299
14.705441169852742
14.230249470757707
15.182226450688976
16.140012391568973
16.492422502470642
17.46424919657298
17.72004514666935
16.867127793433
17.46424919657298
17.585505395068974
17.95132307101624
16.80773631397161
16.62077013859466
16.446884203398525
17.269916039170543
16.80773631397161
17.240939649566666
16.55294535724685
15.953056133543816
15.008331019803634
17.240939649566666
18.580904176062045
16.347782724271816
16.77050983124842
17.67766952966369
19.00657780874821
18.560711193270585
19.45507645834372
19.241881404893856
19.241881404893856
20.12461179749811
19.83053201505194
17.0
18.7949461292125
18.607794065928395
18.607794065928395
18.867962264113206
19.13765920900464
18.607794065928395
18.179658962697843
18.601075237738275
19.4164878389476
18.445866745696716
18.867962264113206
19.03943276465977
19.72308292331602
21.523243250030884
19.981241202688086
20.112185361118765
20.0
20.0
20.248456731316587
19.912307751739878
21.10094784600919
21.70829334609241
20.524375751773793
21.633307652783937
22.20360331117452
21.80022935659164
23.50531854708632
22.20360331117452
22.726636354727024
22.34390297150433
22.34390297150433
26.315394733881533
25.401771591761076
25.401771591761076
25.51960031034969
27.101660465735304
25.700194551792794
26.40075756488817
26.706740722147284
27.80287754891569
26.953663943887108
28.20017730440715
26.315394733881533
26.575364531836623
28.50438562747845
29.129023327259016
29.516944286290883
30.0
31.622776601683793
33.712015662075146
35.0
34.60130055359191
34.60130055359191
31.184932259025352
30.80990100600779
28.6574597618142
31.468237955119125
32.26840560052511
31.468237955119125
32.973474187595095
32.17530108639234
34.007352146263905
35.4682957019364
33.94112549695428
31.48412298286233
36.45888094826828
37.71604433129222
37.259227045122664
35.14612354157995
34.655446902326915
35.7246413557925
37.12478956169314
35.71064267133819
36.09016486523718
36.124783736376884
36.55475345286848
36.069377593742864
35.38361202590826
35.36240942017385
33.24154027718932
33.97057550292606
32.526911934581186
32.89756829919196
32.190837205639745
30.4138126514911
30.405591591021544
33.94112549695428
32.55764119219941
32.59601202601324
33.94112549695428
32.92795165205391
30.76117683054405
31.184932259025352
30.76117683054405
32.22188697143605
28.284271247461902
29.732137494637012
30.054117854297438
28.293108701590217
28.6574597618142
27.65863337187866
27.65863337187866
27.101660465735304
26.248809496813376
26.004807247891687
26.706740722147284
24.70323865407125
23.753947040439407
23.817010727629107
23.600847442411894
23.11384866265244
23.90083680543424
21.80022935659164
22.327113561766108
22.610838109190027
20.940391591371924
21.10094784600919
21.10094784600919
20.700241544484452
21.005951537600005
20.670026608594387
20.248456731316587
20.615528128088304
19.209372712298546
21.10094784600919
19.209372712298546
19.60229578391266
21.005951537600005
19.4164878389476
21.005951537600005
21.400934559032695
20.554804791094465
20.940391591371924
19.912307751739878
20.524375751773793
20.112185361118765
20.524375751773793
19.83053201505194
20.248456731316587
20.40833163195855
20.248456731316587
19.981241202688086
20.40833163195855
16.77050983124842
19.03943276465977
18.35755975068582
18.384776310850235
17.88854381999832
17.67059704707229
18.33712082089225
17.08800749063506
17.46424919657298
17.08800749063506
18.200274723201296
16.28649747490233
18.681541692269406
17.269916039170543
17.269916039170543
16.77050983124842
17.0
17.219175357722563
16.80773631397161
17.269916039170543
17.92344832893492
18.848076824970764
17.08800749063506
17.08800749063506
17.269916039170543
16.91892431568863
16.91892431568863
15.976545308670458
16.492422502470642
16.80773631397161
17.7341478509682
16.76305461424021
17.55704986607944
16.347782724271816
15.692354826475215
16.347782724271816
16.15549442140351
15.890248582070704
15.890248582070704
15.20690632574555
15.652475842498529
15.652475842498529
14.317821063276353
15.041608956491324
16.55294535724685
16.55294535724685
15.652475842498529
16.55294535724685
15.652475842498529
15.88238017426859
15.652475842498529
14.534441853748634
15.88238017426859
15.652475842498529
15.692354826475215
16.101242188104617
15.652475842498529
15.652475842498529
16.101242188104617
16.101242188104617
16.560495161679196
16.55294535724685
15.652475842498529
16.101242188104617
17.0
16.55294535724685
15.88238017426859
16.347782724271816
16.80773631397161
15.890248582070704
16.15549442140351
16.76305461424021
16.15549442140351
16.28649747490233
15.692354826475215
14.866068747318506
14.866068747318506
16.15549442140351
16.28649747490233
16.62077013859466
15.182226450688976
14.705441169852742
15.182226450688976
15.182226450688976
16.00781059358212
15.041608956491324
15.041608956491324
15.297058540778355
14.637281168304447
14.807092894960848
13.729530217745982
14.430869689661812
15.041608956491324
13.756816492197604
13.124404748406688
14.577379737113251
13.285330255586423
12.816005617976296
13.46291201783626
13.82931668593933
13.124404748406688
14.080127840328723
13.82931668593933
12.98075498574717
12.5
13.946325680981353
13.729530217745982
13.82931668593933
12.747548783981962
12.747548783981962
13.82931668593933
13.152946437965905
13.647344063956181
13.647344063956181
13.238202294873727
13.152946437965905
13.152946437965905
14.142135623730951
14.142135623730951
13.536986370680884
15.524174696260024
14.577379737113251
15.297058540778355
14.807092894960848
15.20690632574555
15.787653403846944
15.628499608087784
15.508062419270823
16.0312195418814
15.532224567009067
16.0312195418814
16.0312195418814
16.00781059358212
17.0
15.508062419270823
16.507574019219177
17.00735135169495
17.564168070250297
18.0
16.0
17.00735135169495
17.5
18.006943105369107
18.506755523321747
18.006943105369107
18.062391868188442
17.066048165876012
18.062391868188442
17.00735135169495
18.062391868188442
18.607794065928395
17.613914953808536
17.755280904564703
17.26267650163207
17.356554957709783
17.10263137648707
17.240939649566666
17.867568385205637
16.76305461424021
17.867568385205637
17.392527130926087
16.62077013859466
16.76305461424021
16.91892431568863
17.72004514666935
17.10263137648707
16.28649747490233
17.240939649566666
16.62077013859466
18.200274723201296
16.867127793433
16.977926846349646
16.91892431568863
16.76305461424021
17.46424919657298
17.95132307101624
17.755280904564703
18.33712082089225
17.84656829757475
18.24828759089466
17.356554957709783
18.439088914585774
16.688319268278637
15.132745950421556
16.194134740701646
15.132745950421556
16.070158679988197
15.033296378372908
16.070158679988197
14.577379737113251
14.534441853748634
15.572411502397436
15.532224567009067
15.033296378372908
15.5
16.0
15.5
16.56804152578089
16.070158679988197
16.070158679988197
16.070158679988197
16.0312195418814
15.532224567009067
15.628499608087784
16.0312195418814
16.1245154965971
15.132745950421556
16.688319268278637
14.508618128546908
16.070158679988197
16.070158679988197
16.62077013859466
16.1245154965971
16.0312195418814
15.5
16.0312195418814
16.00781059358212
16.0
16.5
15.5
16.53027525481654
17.528548142958105
16.00781059358212
17.00735135169495
16.507574019219177
17.564168070250297
17.066048165876012
16.507574019219177
16.070158679988197
16.070158679988197
15.700318468107582
16.278820596099706
16.62077013859466
15.700318468107582
15.628499608087784
15.297058540778355
15.787653403846944
17.356554957709783
17.46424919657298
16.76305461424021
17.392527130926087
17.10263137648707
15.524174696260024
16.140012391568973
16.28649747490233
16.28649747490233
15.811388300841896
15.976545308670458
16.492422502470642
16.140012391568973
15.402921800749363
15.524174696260024
15.402921800749363
14.916433890176299
16.3783393541592
16.00781059358212
14.807092894960848
15.628499608087784
16.1245154965971
16.62077013859466
16.1245154965971
16.56804152578089
17.18284027743958
17.066048165876012
16.53027525481654
16.56804152578089
18.027756377319946
17.507141400011598
18.506755523321747
18.006943105369107
18.027756377319946
17.029386365926403
17.528548142958105
18.027756377319946
17.507141400011598
18.0
18.006943105369107
18.006943105369107
17.507141400011598
18.0
18.006943105369107
17.5
19.0
19.50640920313116
18.527007313648905
18.527007313648905
18.527007313648905
18.506755523321747
19.059118552545918
18.527007313648905
19.00657780874821
18.560711193270585
19.6596032513375
19.1637678967368
19.1637678967368
19.1637678967368
18.172781845386247
18.172781845386247
15.890248582070704
16.76305461424021
16.492422502470642
15.402921800749363
15.660459763365825
14.705441169852742
15.660459763365825
16.140012391568973
16.76305461424021
17.240939649566666
17.10263137648707
17.585505395068974
17.585505395068974
17.72004514666935
16.977926846349646
18.553975315279473
18.9274932307477
18.681541692269406
19.6468827043885
18.069310999592652
19.319679086361656
19.81161275615895
19.525624189766635
19.319679086361656
19.319679086361656
19.72941965694886
19.81161275615895
19.81161275615895
20.886598574205422
20.796634343085422
19.81161275615895
20.155644370746373
21.965882636488796
21.783020910791965
21.70829334609241
20.65187642806338
21.213203435596427
21.592822881689184
21.592822881689184
21.095023109728988
21.1482859825566
21.289668856043768
21.1482859825566
21.644860821913362
21.70829334609241
22.638462845343543
22.20360331117452
21.0535032714273
21.592822881689184
21.592822881689184
22.090722034374522
21.592822881689184
21.523243250030884
21.552262062252307
21.095023109728988
20.05617112013158
21.592822881689184
21.552262062252307
21.0535032714273
21.1482859825566
20.05617112013158
19.60229578391266
19.1637678967368
20.223748416156685
19.60229578391266
19.60229578391266
19.72941965694886
20.155644370746373
19.90602923739438
20.303940504246953
19.319679086361656
19.6596032513375
19.81161275615895
19.235384061671343
19.81161275615895
19.72941965694886
19.72941965694886
19.235384061671343
20.396078054371138
19.72941965694886
20.303940504246953
18.828170383762732
19.81161275615895
19.319679086361656
20.396078054371138
20.396078054371138
20.396078054371138
19.4164878389476
19.81161275615895
20.396078054371138
21.10094784600919
20.396078054371138
20.0124960961895
20.74246851269154
19.525624189766635
19.924858845171276
19.313207915827967
20.71834935510066
19.78004044485248
20.426698215815495
20.71834935510066
20.615528128088304
21.02379604162864
20.359273071502333
21.93171219946131
21.691011963483863
22.14158982548453
21.73131381210073
21.27204738618265
21.18962010041709
21.360009363293827
22.47220505424423
22.135943621178654
21.828879952943073
22.135943621178654
22.47220505424423
21.27204738618265
21.47673159491453
23.03258561256204
22.14158982548453
23.47871376374779
23.942639787625758
24.438698819699873
24.12985702402731
24.12985702402731
24.70323865407125
25.544079548889602
23.11384866265244
24.41823089414956
24.397745797511703
23.345235059857504
23.005434140654682
22.638462845343543
22.638462845343543
23.69071548096427
22.276669409945463
21.592822881689184
21.2602916254693
20.862646045025066
22.02271554554524
23.37733945512192
23.04886114323222
24.397745797511703
24.08318915758459
22.726636354727024
24.41823089414956
23.817010727629107
23.11384866265244
24.839484696748443
23.11384866265244
22.80350850198276
23.021728866442675
23.853720883753127
23.16246964380094
22.89650628371062
24.38237068047322
23.926972228010797
23.926972228010797
23.50531854708632
22.47220505424423
22.610838109190027
22.610838109190027
21.840329667841555
22.192341021172147
22.677080940897135
22.561028345356956
22.073740054644116
23.04886114323222
22.677080940897135
22.192341021172147
21.70829334609241
21.70829334609241
21.360009363293827
21.840329667841555
21.982947936980608
21.360009363293827
21.73131381210073
20.81465829649865
20.796634343085422
21.47673159491453
21.242645786248
21.02974084481309
20.12461179749811
21.02974084481309
21.27204738618265
21.02974084481309
19.90602923739438
21.02379604162864
20.573040611440984
21.27204738618265
20.81465829649865
20.426698215815495
21.07723890835799
20.615528128088304
20.71834935510066
20.426698215815495
19.78004044485248
20.248456731316587
20.615528128088304
20.71834935510066
19.78004044485248
19.96246477767713
20.081085628023203
20.71834935510066
20.554804791094465
20.554804791094465
21.02974084481309
20.396078054371138
20.796634343085422
20.886598574205422
19.525624189766635
19.448650338776723
19.6468827043885
19.03943276465977
19.6468827043885
18.82153022471871
18.553975315279473
18.82153022471871
18.82153022471871
19.03943276465977
18.973665961010276
19.300259065618782
18.681541692269406
18.200274723201296
17.72004514666935
18.439088914585774
17.585505395068974
17.72004514666935
18.34393632784414
17.92344832893492
19.313207915827967
19.90602923739438
18.200274723201296
19.5
19.13765920900464
18.848076824970764
18.66815470259447
18.200274723201296
19.13765920900464
17.72004514666935
18.681541692269406
19.1637678967368
18.9274932307477
18.439088914585774
19.4164878389476
19.525624189766635
19.81161275615895
19.72941965694886
18.741664813991314
20.988091861815356
20.988091861815356
20.988091861815356
20.0124960961895
21.224985276791124
20.130822139197395
19.90602923739438
20.130822139197395
19.6468827043885
20.615528128088304
20.130822139197395
19.1637678967368
19.78004044485248
18.82153022471871
19.78004044485248
19.78004044485248
19.525624189766635
20.26079958935481
18.82153022471871
19.1637678967368
19.448650338776723
19.448650338776723
21.360009363293827
20.26079958935481
21.18962010041709
20.89258241577618
21.540659228538015
22.192341021172147
22.38861317723811
22.38861317723811
23.03258561256204
23.47871376374779
23.30772404161333
23.96351393264352
25.04495957273639
25.739075352467502
25.811818998280614
26.0
25.93260495977988
26.462237244798484
28.88771365130858
27.85677655436824
27.85677655436824
27.98660393831306
28.64000698323937
29.436372059070052
28.692333470807146
28.622543562723422
29.90401310861136
28.30635970943632
28.30635970943632
27.77138815399763
26.086394921491163
26.086394921491163
25.83118270617898
26.315394733881533
24.62214450449026
24.86463351831271
25.401771591761076
24.351591323771842
23.759208741033444
23.286262044390035
22.940139493908923
22.825424421026653
25.124689052802225
22.89650628371062
23.717082451262844
24.20743687382041
24.20743687382041
25.0
24.27447218787671
24.12985702402731
24.12985702402731
23.942639787625758
24.545875417267155
21.70829334609241
22.327113561766108
21.10094784600919
20.554804791094465
22.5
22.20360331117452
21.80022935659164
21.70829334609241
20.112185361118765
21.10094784600919
19.981241202688086
20.524375751773793
20.940391591371924
18.35755975068582
18.607794065928395
17.88854381999832
18.848076824970764
19.313207915827967
18.5
18.5
18.9274932307477
18.741664813991314
17.755280904564703
19.1049731745428
19.235384061671343
18.24828759089466
19.235384061671343
19.1637678967368
18.828170383762732
20.223748416156685
19.78004044485248
20.26079958935481
19.924858845171276
21.982947936980608
20.615528128088304
19.924858845171276
20.081085628023203
20.5
20.554804791094465
18.5
19.78004044485248
18.82153022471871
18.200274723201296
18.5
16.55294535724685
16.55294535724685
18.12456896039186
18.560711193270585
17.219175357722563
17.219175357722563
17.67059704707229
17.269916039170543
15.890248582070704
16.15549442140351
16.55294535724685
16.55294535724685
16.77050983124842
15.88238017426859
16.77050983124842
15.443445211480501
16.560495161679196
17.00735135169495
17.0
16.80773631397161
16.80773631397161
16.32482771731451
17.219175357722563
16.77050983124842
17.269916039170543
16.15549442140351
17.92344832893492
17.46424919657298
16.77050983124842
17.67059704707229
17.46424919657298
17.46424919657298
17.55704986607944
17.08800749063506
16.62077013859466
16.91892431568863
17.585505395068974
16.492422502470642
16.76305461424021
17.46424919657298
16.977926846349646
16.28649747490233
16.3783393541592
16.977926846349646
16.3783393541592
16.62077013859466
16.977926846349646
16.00781059358212
17.18284027743958
16.492422502470642
16.977926846349646
16.867127793433
16.867127793433
16.867127793433
16.867127793433
17.392527130926087
16.28649747490233
17.72004514666935
17.88854381999832
17.88854381999832
17.4928556845359
17.4928556845359
18.35755975068582
18.445866745696716
18.601075237738275
18.027756377319946
18.7949461292125
18.867962264113206
19.13765920900464
17.334935823359714
17.334935823359714
17.67766952966369
18.179658962697843
17.67766952966369
16.80773631397161
16.80773631397161
16.80773631397161
17.0
16.32482771731451
15.443445211480501
16.32482771731451
16.77050983124842
16.32482771731451
16.32482771731451
15.652475842498529
16.347782724271816
16.55294535724685
16.28649747490233
16.76305461424021
16.76305461424021
16.62077013859466
16.28649747490233
16.492422502470642
16.00781059358212
15.787653403846944
16.492422502470642
16.00781059358212
16.278820596099706
17.26267650163207
17.26267650163207
15.890248582070704
16.278820596099706
15.787653403846944
16.3783393541592
16.977926846349646
16.00781059358212
16.140012391568973
15.660459763365825
16.140012391568973
17.585505395068974
17.10263137648707
15.976545308670458
17.269916039170543
16.62077013859466
15.811388300841896
16.62077013859466
15.976545308670458
16.91892431568863
17.392527130926087
16.140012391568973
18.027756377319946
17.08800749063506
18.200274723201296
15.88238017426859
15.890248582070704
17.219175357722563
17.92344832893492
15.88238017426859
15.890248582070704
17.00735135169495
16.80773631397161
16.77050983124842
17.0
16.32482771731451
16.1245154965971
15.88238017426859
15.264337522473747
16.1245154965971
16.32482771731451
16.55294535724685
16.32482771731451
16.80773631397161
16.32482771731451
17.0
17.0
16.224980739587952
15.532224567009067
15.811388300841896
16.224980739587952
16.64331697709324
17.204650534085253
16.101242188104617
16.101242188104617
16.00781059358212
16.32482771731451
16.650825805346713
16.80029761641144
18.200274723201296
19.144189719076646
18.9010581714358
19.300259065618782
19.00657780874821
19.300259065618782
19.912307751739878
19.704060495238032
17.902513789968157
19.4164878389476
18.506755523321747
18.721645226849056
17.4928556845359
17.240939649566666
17.67766952966369
17.219175357722563
17.219175357722563
16.80773631397161
17.08800749063506
16.80773631397161
17.269916039170543
16.62077013859466
15.976545308670458
15.976545308670458
15.976545308670458
16.62077013859466
16.62077013859466
15.508062419270823
15.508062419270823
16.446884203398525
16.15549442140351
16.15549442140351
16.347782724271816
17.88854381999832
17.44276354251241
17.92344832893492
17.755280904564703
17.92344832893492
17.92344832893492
16.80773631397161
17.219175357722563
17.67059704707229
16.62077013859466
17.44276354251241
16.32482771731451
17.0
15.890248582070704
15.435349040433131
14.577379737113251
15.890248582070704
15.692354826475215
15.231546211727817
14.577379737113251
15.890248582070704
15.88238017426859
15.652475842498529
16.32482771731451
16.80773631397161
17.334935823359714
17.4928556845359
17.240939649566666
16.560495161679196
17.4928556845359
17.44276354251241
16.55294535724685
18.33712082089225
19.00657780874821
17.219175357722563
17.88854381999832
18.200274723201296
17.7341478509682
17.46424919657298
17.46424919657298
17.00735135169495
17.46424919657298
17.7341478509682
18.33712082089225
18.33712082089225
19.00657780874821
19.03943276465977
19.03943276465977
20.12461179749811
20.670026608594387
20.40833163195855
20.940391591371924
22.327113561766108
23.58495283014151
23.021728866442675
22.34390297150433
22.726636354727024
23.430749027719962
21.400934559032695
20.303940504246953
21.50581316760657
21.50581316760657
22.327113561766108
21.783020910791965
21.783020910791965
22.825424421026653
21.914607000811127
21.633307652783937
21.914607000811127
22.80350850198276
22.80350850198276
24.545875417267155
25.238858928247925
24.438698819699873
24.38237068047322
25.71478174124758
24.38237068047322
23.706539182259394
26.419689627245813
26.239283526803852
26.612966764342527
27.28094573140748
24.423349483639626
28.182441342083905
29.75315109362368
30.26962173533062
31.78049716414141
31.38470965295043
32.31098884280702
32.12864765283469
31.847291878588358
32.23740063962974
34.30014577228499
32.03903868720159
34.677081768799404
32.17530108639234
32.59601202601324
33.97793401606401
32.901367752724205
32.72995569810628
33.811980125393426
33.811980125393426
31.62672920173694
31.184932259025352
32.71849629796577
31.11269837220809
28.90069203323685
27.101660465735304
28.111385593741193
29.129023327259016
27.80287754891569
28.040149785619906
27.018512172212592
26.953663943887108
25.927784324928346
27.28094573140748
27.932955446926844
25.45584412271571
26.879360111431225
27.28094573140748
25.544079548889602
23.90083680543424
26.315394733881533
25.30316185775999
24.413111231467404
24.005207768315607
24.60182920028509
24.70323865407125
23.50531854708632
23.30772404161333
21.95449840010015
22.20923231451281
21.70829334609241
22.638462845343543
21.70829334609241
20.796634343085422
20.591260281974
20.796634343085422
20.796634343085422
21.470910553583888
21.914607000811127
21.70829334609241
21.783020910791965
20.591260281974
20.12461179749811
20.591260281974
20.248456731316587
20.40833163195855
19.03943276465977
19.474342094150447
20.838665984174707
18.867962264113206
19.981241202688086
19.474342094150447
19.03943276465977
18.445866745696716
19.83053201505194
19.83053201505194
18.607794065928395
19.300259065618782
18.601075237738275
18.445866745696716
18.601075237738275
17.204650534085253
17.613914953808536
17.755280904564703
17.4928556845359
16.80773631397161
16.3783393541592
16.64331697709324
16.80773631397161
17.066048165876012
17.066048165876012
16.1245154965971
17.44276354251241
16.55294535724685
17.4928556845359
16.77050983124842
16.80773631397161
17.219175357722563
16.80773631397161
17.269916039170543
16.15549442140351
16.347782724271816
16.446884203398525
16.76305461424021
16.91892431568863
16.15549442140351
16.76305461424021
15.976545308670458
16.62077013859466
16.80773631397161
16.101242188104617
16.347782724271816
16.15549442140351
15.692354826475215
14.773286702694158
15.890248582070704
15.890248582070704
15.435349040433131
15.508062419270823
16.32482771731451
16.32482771731451
15.88238017426859
16.32482771731451
16.1245154965971
16.32482771731451
17.0
15.88238017426859
17.0
16.1245154965971
17.240939649566666
16.32482771731451
16.560495161679196
16.3783393541592
15.88238017426859
16.32482771731451
16.32482771731451
15.890248582070704
16.80773631397161
14.983324063771697
15.532224567009067
14.577379737113251
15.953056133543816
15.88238017426859
15.88238017426859
17.00735135169495
15.652475842498529
15.443445211480501
16.32482771731451
16.32482771731451
16.101242188104617
16.15549442140351
15.652475842498529
15.652475842498529
14.7648230602334
16.101242188104617
15.435349040433131
15.231546211727817
16.15549442140351
16.80773631397161
14.705441169852742
15.890248582070704
15.890248582070704
15.890248582070704
15.337861650177967
15.976545308670458
16.140012391568973
15.660459763365825
15.508062419270823
16.446884203398525
16.28649747490233
16.140012391568973
15.660459763365825
16.28649747490233
16.492422502470642
16.00781059358212
16.00781059358212
16.3783393541592
16.688319268278637
16.194134740701646
16.77050983124842
16.77050983124842
16.278820596099706
16.278820596099706
16.977926846349646
16.3783393541592
16.688319268278637
16.867127793433
16.00781059358212
16.977926846349646
16.3783393541592
15.890248582070704
16.62077013859466
16.76305461424021
16.446884203398525
15.182226450688976
15.692354826475215
16.446884203398525
16.62077013859466
15.976545308670458
15.811388300841896
15.337861650177967
15.811388300841896
16.140012391568973
16.00781059358212
16.76305461424021
16.977926846349646
15.811388300841896
17.18284027743958
15.787653403846944
15.787653403846944
15.787653403846944
15.524174696260024
15.132745950421556
14.221462653327892
14.807092894960848
14.142135623730951
15.132745950421556
13.647344063956181
14.080127840328723
15.532224567009067
14.0
15.20690632574555
15.890248582070704
16.1245154965971
16.0312195418814
16.278820596099706
16.1245154965971
16.688319268278637
17.18284027743958
17.18284027743958
17.755280904564703
17.67766952966369
17.528548142958105
17.95132307101624
18.9274932307477
18.439088914585774
18.828170383762732
19.81161275615895
20.223748416156685
18.9274932307477
19.90602923739438
19.81161275615895
20.65187642806338
20.796634343085422
18.828170383762732
19.81161275615895
19.525624189766635
18.069310999592652
19.90602923739438
19.924858845171276
20.130822139197395
19.300259065618782
17.867568385205637
15.337861650177967
15.508062419270823
15.890248582070704
16.446884203398525
16.15549442140351
16.101242188104617
16.55294535724685
16.80773631397161
16.347782724271816
16.32482771731451
15.231546211727817
16.55294535724685
15.435349040433131
15.890248582070704
16.15549442140351
16.15549442140351
15.890248582070704
16.15549442140351
15.231546211727817
15.692354826475215
15.890248582070704
15.508062419270823
15.443445211480501
15.692354826475215
15.20690632574555
14.577379737113251
13.92838827718412
14.115594213493104
14.115594213493104
15.041608956491324
14.396180048887969
14.560219778561036
15.182226450688976
15.182226450688976
15.402921800749363
15.041608956491324
16.140012391568973
16.00781059358212
15.20690632574555
16.1245154965971
16.194134740701646
15.532224567009067
16.0312195418814
16.507574019219177
15.5
16.0312195418814
15.074813431681335
15.572411502397436
15.132745950421556
15.074813431681335
16.0312195418814
16.1245154965971
14.713938969562161
15.132745950421556
14.221462653327892
14.807092894960848
13.946325680981353
14.807092894960848
15.532224567009067
15.5
14.5
16.0312195418814
16.0312195418814
15.628499608087784
15.132745950421556
15.787653403846944
15.041608956491324
15.297058540778355
15.402921800749363
15.660459763365825
15.811388300841896
15.337861650177967
16.62077013859466
15.976545308670458
15.811388300841896
14.866068747318506
15.041608956491324
15.337861650177967
15.508062419270823
15.182226450688976
15.660459763365825
15.508062419270823
15.692354826475215
15.041608956491324
15.337861650177967
15.976545308670458
15.976545308670458
15.660459763365825
15.692354826475215
16.15549442140351
14.866068747318506
14.866068747318506
13.865424623862047
14.773286702694158
14.317821063276353
15.337861650177967
15.337861650177967
14.866068747318506
14.866068747318506
14.577379737113251
14.866068747318506
14.560219778561036
15.041608956491324
14.142135623730951
14.705441169852742
14.430869689661812
15.041608956491324
14.705441169852742
14.080127840328723
15.182226450688976
13.601470508735444
14.866068747318506
13.92838827718412
13.756816492197604
13.601470508735444
14.080127840328723
14.705441169852742
15.231546211727817
14.577379737113251
14.773286702694158
15.041608956491324
14.773286702694158
14.577379737113251
14.983324063771697
16.15549442140351
15.435349040433131
15.231546211727817
16.15549442140351
16.62077013859466
16.28649747490233
15.041608956491324
16.77050983124842
16.00781059358212
15.524174696260024
15.890248582070704
15.787653403846944
16.278820596099706
15.524174696260024
16.278820596099706
15.787653403846944
16.194134740701646
15.402921800749363
15.041608956491324
15.182226450688976
16.446884203398525
16.446884203398525
16.28649747490233
16.15549442140351
15.811388300841896
15.692354826475215
15.435349040433131
15.231546211727817
18.580904176062045
17.00735135169495
18.117670931993437
15.20690632574555
17.67059704707229
15.532224567009067
14.866068747318506
15.976545308670458
15.976545308670458
16.446884203398525
17.392527130926087
16.76305461424021
16.80773631397161
16.76305461424021
15.811388300841896
16.28649747490233
17.55704986607944
17.08800749063506
16.76305461424021
17.585505395068974
18.973665961010276
18.062391868188442
17.066048165876012
19.026297590440446
17.507141400011598
19.1637678967368
17.066048165876012
17.528548142958105
17.029386365926403
16.507574019219177
16.00781059358212
15.572411502397436
13.509256086106296
13.509256086106296
12.010412149464313
13.509256086106296
12.509996003196804
12.509996003196804
13.0
13.0862523283024
12.509996003196804
14.035668847618199
15.033296378372908
13.038404810405298
12.165525060596439
12.539936203984453
13.5
13.536986370680884
14.0089257261219
14.0089257261219
14.508618128546908
13.0862523283024
14.0089257261219
13.509256086106296
13.009611831257688
13.038404810405298
13.009611831257688
13.5
12.5
13.536986370680884
13.009611831257688
12.509996003196804
13.509256086106296
14.637281168304447
36.776351096866584
62.56596518875099
64.64131805586888
61.077819214506995
58.23443998185266
57.38466694161429
56.5795899596312
53.77034498680476
56.5795899596312
58.0
56.555282688710875
57.5086949947571
60.207972893961475
62.96824596572466
69.24774364555137
72.15608082483416
73.348483283569
74.8615388567454
75.21303078589507
74.74122022017035
72.83543093852057
72.72723011362388
73.50170066059697
71.84705978674423
69.75851202541521
64.7707495710834
61.91122676865643
58.42302628245134
53.23532661682466
48.76474136094644
44.34241761564202
43.900455578501685
47.80167361086848
48.106652346634974
47.20169488482379
48.010415536631214
47.28900506460249
47.59464255564905
47.02393007820593
47.98176737053357
46.45696933722647
46.32493928760188
44.52246623896749
44.52246623896749
45.36794022214365
45.27692569068709
44.41846462902562
44.94441010848846
44.34241761564202
42.941821107167776
42.933087473416116
42.485291572496
43.382023926967726
41.382363393117124
40.92065493122025
41.36725758374611
41.36725758374611
41.382363393117124
41.36725758374611
42.26405091800832
41.59627387158614
42.26405091800832
42.290660907581
41.17341375208036
41.382363393117124
40.929817981515626
41.17341375208036
39.395431207184416
39.81205847478876
39.147158262126766
39.35733730830886
39.85285435197835
40.24922359499622
40.92065493122025
40.50308630215727
41.382363393117124
42.03867267171979
42.290660907581
41.382363393117124
41.81506905411015
40.92065493122025
42.71123973850443
42.71123973850443
42.941821107167776
43.382023926967726
46.30604712129939
47.468410548490034
48.33218389437829
42.80770958600799
41.692325432865935
39.73977856002723
40.11545836706842
38.53894134508627
38.62641583165593
38.81043674065006
38.62641583165593
38.34709897762802
38.53894134508627
37.23237838226293
36.76955262170047
36.76955262170047
36.704904304465906
36.24913792078372
35.79455265819088
34.92849839314596
35.58791929854849
34.677081768799404
35.19232870953555
34.88911004883902
34.88911004883902
33.771289581536564
34.438350715445125
34.2235299172952
35.131894341182345
34.438350715445125
34.73110997362451
33.811980125393426
34.2235299172952
33.61547262794322
33.354160160315836
34.88911004883902
34.21257078911201
34.21257078911201
33.98896879871468
34.659053651246744
33.771289581536564
33.98896879871468
34.0
34.077118422777474
34.677081768799404
34.2235299172952
34.27097897638759
34.0147027033899
34.677081768799404
34.0147027033899
34.677081768799404
34.88911004883902
34.2235299172952
34.88911004883902
34.0147027033899
35.34119409414458
34.2235299172952
34.471002306286366
34.471002306286366
34.92849839314596
34.471002306286366
34.471002306286366
34.2235299172952
34.0147027033899
34.677081768799404
35.106979363083916
34.677081768799404
34.659053651246744
34.659053651246744
34.677081768799404
34.88552708502482
34.438350715445125
34.21257078911201
34.44198019858905
34.44198019858905
34.0
33.094561486745825
34.0
32.65348373451139
32.8709598277872
32.8709598277872
32.64965543462902
32.8709598277872
33.324165405903265
32.8709598277872
33.324165405903265
32.20636583037583
33.76758800980609
33.324165405903265
32.64965543462902
32.202484376209235
31.78049716414141
31.38470965295043
31.38470965295043
30.463092423455635
31.579265349276255
30.004166377354995
30.923292192132454
31.38470965295043
31.38470965295043
31.32491021535417
31.32491021535417
30.41792234851026
29.966648127543394
30.004166377354995
31.32491021535417
30.41792234851026
30.41792234851026
30.870698080866262
30.663496212923928
30.004166377354995
29.546573405388315
30.083217912982647
30.083217912982647
29.34706118165838
28.692333470807146
29.154759474226502
28.692333470807146
29.154759474226502
29.154759474226502
30.41792234851026
29.546573405388315
30.20761493398643
29.75315109362368
29.546573405388315
29.300170647967224
29.34706118165838
28.50438562747845
28.151376520518493
27.829840100151493
28.622543562723422
27.98660393831306
28.792360097775937
28.96981187374195
28.792360097775937
28.792360097775937
27.98660393831306
28.792360097775937
28.460498941515414
28.324018076537094
28.460498941515414
28.935272592460574
28.792360097775937
28.622543562723422
28.622543562723422
29.567718883945037
29.410882339705484
29.740544715926102
29.740544715926102
28.622543562723422
28.151376520518493
30.364452901377952
30.041637771599603
31.40859754907882
34.81738071710737
34.935655139126844
29.274562336608895
30.103986446980738
30.59411708155671
29.614185789921695
28.935272592460574
29.025850547399983
29.516944286290883
28.74456470360962
28.442925306655784
28.146935890075138
28.53506614676055
28.861739379323623
28.635642126552707
28.74456470360962
29.231831964486933
27.65863337187866
28.376927247325423
28.146935890075138
28.257742301889582
27.064737205448715
27.408940147331492
27.65863337187866
26.68332812825267
26.800186566514792
26.315394733881533
26.68332812825267
26.68332812825267
27.408940147331492
27.408940147331492
26.443335644354704
26.443335644354704
26.580067720004024
26.580067720004024
26.315394733881533
26.580067720004024
26.315394733881533
26.580067720004024
26.580067720004024
26.580067720004024
26.580067720004024
27.060118255469618
26.879360111431225
26.725456029785533
27.51363298439521
28.460498941515414
26.725456029785533
27.829840100151493
27.35415873317986
27.829840100151493
28.30635970943632
28.30635970943632
27.681221071332818
28.324018076537094
28.460498941515414
28.460498941515414
27.98660393831306
26.879360111431225
28.622543562723422
27.681221071332818
28.792360097775937
28.96981187374195
28.96981187374195
27.85677655436824
27.681221071332818
27.35415873317986
27.829840100151493
28.151376520518493
29.261749776799064
29.261749776799064
28.50438562747845
28.861739379323623
29.231831964486933
27.892651361962706
28.53506614676055
27.95084971874737
27.789386463180506
26.800186566514792
27.789386463180506
27.294688127912362
26.800186566514792
27.294688127912362
27.16615541441225
26.30589287593181
26.076809620810597
26.1725046566048
26.669270706189174
27.663152387246107
26.119915773217954
26.61766330841233
26.73013280924732
26.61766330841233
27.16615541441225
26.61766330841233
25.675864152935535
26.575364531836623
26.575364531836623
26.0
26.043233286210835
27.004629232781554
26.51886121235224
26.51886121235224
26.076809620810597
26.61766330841233
26.076809620810597
26.61766330841233
26.119915773217954
26.800186566514792
26.669270706189174
26.30589287593181
26.30589287593181
26.386549603917523
26.575364531836623
25.894014752448104
26.575364531836623
26.196373794859472
27.17075633838705
26.196373794859472
26.68332812825267
25.317977802344327
26.669270706189174
26.476404589747453
27.064737205448715
26.443335644354704
26.92582403567252
26.086394921491163
27.459060435491963
25.709920264364882
26.476404589747453
27.459060435491963
28.146935890075138
27.95084971874737
28.257742301889582
28.861739379323623
28.74456470360962
29.124731758421397
29.34706118165838
28.50438562747845
28.98706608127149
29.60152023123137
29.740544715926102
29.120439557122072
29.88728826775691
28.78367592924851
27.892651361962706
27.408940147331492
27.892651361962706
28.64000698323937
28.30635970943632
28.30635970943632
28.02231253840411
27.681221071332818
28.160255680657446
27.060118255469618
26.92582403567252
27.060118255469618
26.92582403567252
25.985572920372565
26.315394733881533
25.709920264364882
26.196373794859472
27.17075633838705
26.476404589747453
26.476404589747453
26.879360111431225
27.37243138634199
26.800186566514792
27.459060435491963
27.294688127912362
27.17075633838705
27.285527299284507
27.77138815399763
27.77138815399763
26.575364531836623
27.55449146690971
27.285527299284507
26.476404589747453
27.17075633838705
26.575364531836623
27.408940147331492
27.54087870784082
27.408940147331492
26.570660511172846
26.570660511172846
26.248809496813376
26.248809496813376
26.92582403567252
26.92582403567252
26.100766272276374
27.85677655436824
27.04163456597992
27.390691849604675
27.577164466275352
27.681221071332818
27.390691849604675
26.92582403567252
27.212129648375555
27.35415873317986
27.390691849604675
28.151376520518493
27.115493725912497
27.577164466275352
27.35415873317986
27.212129648375555
28.324018076537094
27.98660393831306
28.160255680657446
26.85609800399157
27.212129648375555
26.443335644354704
26.92582403567252
26.443335644354704
25.83118270617898
25.144581921360317
25.773047937719745
25.144581921360317
26.100766272276374
25.622255950637914
24.62214450449026
24.86463351831271
25.480384612481814
25.22399651125888
25.10975905897944
25.401771591761076
24.82438317461282
25.317977802344327
24.82438317461282
24.186773244895647
25.317977802344327
24.682990094394967
24.748737341529164
24.748737341529164
24.9098374141623
24.748737341529164
24.82438317461282
25.739075352467502
24.682990094394967
26.1725046566048
25.675864152935535
25.811818998280614
26.386549603917523
25.811818998280614
26.23451924468981
25.739075352467502
25.894014752448104
26.386549603917523
26.30589287593181
26.879360111431225
26.386549603917523
26.119915773217954
26.23451924468981
26.73013280924732
26.800186566514792
26.669270706189174
26.669270706189174
27.225906780123964
26.23451924468981
27.294688127912362
25.739075352467502
26.23451924468981
26.043233286210835
25.5
27.004629232781554
26.004807247891687
25.5049014897137
27.225906780123964
26.043233286210835
26.51886121235224
26.386549603917523
26.61766330841233
26.61766330841233
26.9675731203236
27.16615541441225
27.294688127912362
29.769951293208393
30.265491900843113
31.67412192942371
31.894356867634123
32.745228660065884
31.575306807693888
30.907118921051183
34.81738071710737
34.92849839314596
35.654592972014136
36.28360511305347
38.07886552931954
40.40420770167385
40.024992192379
42.68782027698299
41.773197148410844
45.47801666739657
43.93176527297759
45.35416188179427
45.60701700396552
41.28256290493603
44.51123453691214
47.75458093209488
44.64302857109943
48.15080477001397
46.84015371452148
46.20876540224809
47.460509900337144
44.44378471732578
43.965895873961216
48.56181627575312
45.069390943299865
48.23121395942673
48.23121395942673
44.5926002830066
42.720018726587654
43.68065933568311
45.47801666739657
40.660177077823946
41.871828238088675
38.451267859460756
39.38591118661596
37.16517186829626
36.58209944768069
35.84689665786984
36.96281915655244
34.35476677260377
31.016124838541646
32.12864765283469
31.04834939252005
30.364452901377952
30.56550343115585
29.47032405658275
29.740544715926102
26.443335644354704
27.892651361962706
28.5175384631984
29.004310024546353
27.613402542968153
28.071337695236398
27.789386463180506
27.115493725912497
28.071337695236398
26.575364531836623
26.542418879973994
25.5049014897137
25.04495957273639
26.119915773217954
24.50510150968569
24.50510150968569
25.079872407968907
24.50510150968569
25.004999500099974
24.50510150968569
25.04495957273639
25.079872407968907
24.627220712049503
23.13547060251855
23.759208741033444
24.331050121192877
23.69071548096427
23.194827009486403
24.186773244895647
23.345235059857504
23.837994882120434
24.331050121192877
24.186773244895647
24.253865671269807
24.58149710656371
24.627220712049503
24.5
24.50510150968569
24.50510150968569
24.08318915758459
24.12985702402731
25.544079548889602
25.019992006393608
25.079872407968907
24.12985702402731
24.12985702402731
24.12985702402731
24.12985702402731
24.748737341529164
24.12985702402731
24.748737341529164
24.186773244895647
24.682990094394967
25.179356624028344
23.43608329051593
23.16246964380094
23.42007685726074
22.94558781116753
24.253865671269807
24.41823089414956
24.748737341529164
24.253865671269807
22.85278976405288
22.940139493908923
24.86463351831271
27.285527299284507
26.800186566514792
24.9098374141623
25.401771591761076
26.23451924468981
26.73013280924732
26.386549603917523
26.30589287593181
26.800186566514792
26.575364531836623
26.119915773217954
26.61766330841233
26.61766330841233
27.16615541441225
27.459060435491963
27.789386463180506
26.476404589747453
28.146935890075138
28.146935890075138
27.65863337187866
27.65863337187866
27.55449146690971
27.060118255469618
27.65863337187866
28.64000698323937
29.261749776799064
28.30635970943632
29.261749776799064
28.02231253840411
28.160255680657446
27.77138815399763
26.68332812825267
26.92582403567252
28.64000698323937
27.408940147331492
27.408940147331492
25.96150997149434
25.709920264364882
25.347583711273153
25.59785147234041
24.253865671269807
25.144581921360317
25.622255950637914
25.773047937719745
25.144581921360317
25.773047937719745
26.725456029785533
25.773047937719745
25.22399651125888
25.59785147234041
25.10975905897944
25.22399651125888
25.347583711273153
24.86463351831271
25.96150997149434
25.347583711273153
25.96150997149434
24.86463351831271
25.22399651125888
24.86463351831271
26.580067720004024
25.347583711273153
25.22399651125888
25.347583711273153
25.83118270617898
25.480384612481814
24.73863375370596
25.22399651125888
25.22399651125888
25.709920264364882
26.100766272276374
26.443335644354704
26.196373794859472
25.480384612481814
25.480384612481814
26.100766272276374
25.622255950637914
26.580067720004024
27.202941017470888
27.202941017470888
27.202941017470888
26.248809496813376
27.202941017470888
26.570660511172846
27.04163456597992
26.100766272276374
26.92582403567252
26.277366686941825
27.681221071332818
26.570660511172846
26.570660511172846
26.405491853021786
26.100766272276374
26.570660511172846
26.100766272276374
25.773047937719745
25.298221281347036
26.248809496813376
25.622255950637914
25.83118270617898
25.709920264364882
25.22399651125888
24.041630560342615
24.041630560342615
25.0
24.520399670478458
24.520399670478458
25.480384612481814
24.520399670478458
24.19194080680589
23.717082451262844
24.66779276708802
25.298221281347036
24.82438317461282
25.622255950637914
25.0
25.480384612481814
23.286262044390035
24.38237068047322
25.0
24.38237068047322
23.769728648009426
23.769728648009426
22.80350850198276
23.769728648009426
24.253865671269807
24.86463351831271
24.66779276708802
25.298221281347036
24.66779276708802
23.717082451262844
24.351591323771842
23.56374333589636
23.40939982143925
24.351591323771842
24.052026941611388
23.879907872519105
24.82438317461282
26.725456029785533
27.681221071332818
27.115493725912497
27.212129648375555
27.77138815399763
27.518175811634027
26.832815729997478
26.65520587052368
26.85609800399157
26.196373794859472
26.100766272276374
26.462237244798484
26.277366686941825
26.0
27.115493725912497
27.681221071332818
26.744158240632665
27.577164466275352
27.115493725912497
27.313000567495326
27.313000567495326
26.92582403567252
26.16295090390226
25.739075352467502
26.40075756488817
26.85609800399157
26.462237244798484
25.46075411294803
24.82438317461282
25.298221281347036
25.622255950637914
25.622255950637914
25.83118270617898
24.19194080680589
24.520399670478458
25.93260495977988
24.9899979991996
25.622255950637914
24.351591323771842
24.520399670478458
24.82438317461282
25.298221281347036
25.93260495977988
24.520399670478458
25.46075411294803
24.9899979991996
24.66779276708802
26.277366686941825
25.632011235952593
25.16445906432324
26.0
25.53918557824427
24.88473427625861
25.71478174124758
25.495097567963924
25.739075352467502
25.53918557824427
25.347583711273153
24.88473427625861
25.079872407968907
25.5
25.16445906432324
25.495097567963924
24.88473427625861
26.196373794859472
26.92582403567252
25.942243542145693
26.85609800399157
24.698178070456937
25.5
27.613402542968153
27.101660465735304
25.124689052802225
27.202941017470888
26.627053911388696
29.95413160150032
29.33428028774526
29.415132160165456
29.841246622753548
29.841246622753548
30.700162866017504
29.58462438497403
30.108138434649195
30.103986446980738
28.72716484444645
29.090376415577712
29.95413160150032
29.090376415577712
30.01666203960727
30.700162866017504
29.154759474226502
29.33428028774526
28.848743473503312
27.95084971874737
29.740544715926102
29.516944286290883
30.41792234851026
30.41792234851026
30.858548248418945
29.970819141291418
28.231188426986208
27.390691849604675
28.429737951659
28.324018076537094
26.277366686941825
27.04163456597992
28.460498941515414
26.248809496813376
24.596747752497688
24.62214450449026
24.423349483639626
24.19194080680589
22.940139493908923
22.7705950734714
24.38237068047322
23.58495283014151
22.940139493908923
23.119256043393783
23.96351393264352
24.186773244895647
24.186773244895647
25.93260495977988
25.553864678361276
25.656383221335
24.70323865407125
24.70323865407125
24.413111231467404
23.430749027719962
23.200215516240362
24.520399670478458
25.10975905897944
27.202941017470888
26.348624252510795
28.50438562747845
26.800186566514792
26.51886121235224
26.953663943887108
27.3221521846285
27.90161285660741
27.613402542968153
26.85609800399157
26.767517628648346
27.536339626028727
27.060118255469618
27.294688127912362
28.853076092507017
29.415132160165456
28.853076092507017
27.536339626028727
29.970819141291418
27.735356496717326
28.398943642325854
28.429737951659
28.040149785619906
27.77138815399763
27.85677655436824
27.212129648375555
27.212129648375555
26.405491853021786
27.85677655436824
26.570660511172846
27.04163456597992
26.725456029785533
26.580067720004024
26.443335644354704
25.622255950637914
25.96150997149434
27.54087870784082
25.96150997149434
26.580067720004024
25.622255950637914
26.100766272276374
26.100766272276374
26.580067720004024
27.408940147331492
27.408940147331492
26.92582403567252
26.92582403567252
26.879360111431225
27.829840100151493
26.879360111431225
27.829840100151493
27.829840100151493
27.54087870784082
28.50438562747845
27.681221071332818
29.120439557122072
29.34706118165838
29.427877939124322
30.4138126514911
30.59411708155671
31.575306807693888
31.2929704566377
30.805843601498726
31.2929704566377
32.380549717384355
32.380549717384355
32.5
32.626676202150904
32.76049450176233
32.76049450176233
32.76049450176233
32.14420632089086
31.18092365533773
31.662280397975127
32.626676202150904
32.14420632089086
32.42298567374695
31.945265689926575
32.42298567374695
31.622776601683793
31.622776601683793
31.945265689926575
30.99193443462347
30.84234102658227
30.675723300355934
30.516389039334257
30.675723300355934
29.88728826775691
29.88728826775691
29.410882339705484
30.99193443462347
29.740544715926102
30.220026472523152
29.740544715926102
30.516389039334257
29.88728826775691
30.364452901377952
29.88728826775691
29.261749776799064
29.60152023123137
29.88728826775691
29.410882339705484
29.120439557122072
28.78367592924851
29.261749776799064
29.261749776799064
28.98706608127149
29.231831964486933
29.832867780352597
28.635642126552707
28.98706608127149
30.083217912982647
29.34706118165838
28.146935890075138
29.025850547399983
28.635642126552707
28.442925306655784
29.427877939124322
29.34706118165838
28.53506614676055
29.34706118165838
29.920728600754362
29.34706118165838
29.34706118165838
29.025850547399983
29.516944286290883
28.935272592460574
29.614185789921695
29.274562336608895
32.56148031032987
34.677081768799404
36.124783736376884
36.05551275463989
35.58791929854849
35.05709628591621
35.5
34.514489710844636
34.55792239125495
35.05709628591621
34.50362299817223
34.09178786746157
35.03212811120672
33.53356527421443
33.59315406448165
33.63406011768428
34.132096331752024
34.1796723214252
34.677081768799404
34.23448553724738
34.792240514229604
34.935655139126844
34.52535300326414
34.36568055487916
35.510561809129406
34.52535300326414
34.860436027106715
34.03307215048327
33.734255586866
34.12477106150311
34.2235299172952
33.7231374578345
33.734255586866
33.84154251803543
33.354160160315836
34.077118422777474
33.10966626228661
34.20526275297414
32.5
33.10966626228661
32.626676202150904
33.24154027718932
32.76049450176233
32.57299494980466
32.28002478313795
32.984845004941285
33.59315406448165
32.01562118716424
32.984845004941285
31.78049716414141
33.95585369269929
33.47013594235912
34.20526275297414
33.354160160315836
33.24530041975858
33.84154251803543
33.734255586866
34.12477106150311
34.61574786134195
34.81738071710737
34.713109915419565
34.03307215048327
35.415392133929565
33.63406011768428
34.32928778754374
33.63406011768428
34.2235299172952
33.734255586866
33.24530041975858
34.2235299172952
36.39024594585752
35.106979363083916
36.28360511305347
36.28360511305347
37.656340767525464
36.41771546926029
36.003472054789384
37.074249823833256
36.98986347636336
37.566607512523674
35.106979363083916
34.713109915419565
34.713109915419565
34.81738071710737
33.84154251803543
33.354160160315836
34.81738071710737
34.20526275297414
34.56153931757091
33.10966626228661
33.59315406448165
34.32928778754374
33.354160160315836
33.84154251803543
33.47013594235912
32.26840560052511
32.380549717384355
33.354160160315836
33.84154251803543
34.713109915419565
34.03307215048327
33.84154251803543
34.2235299172952
33.54101966249684
34.03307215048327
34.44198019858905
34.03307215048327
36.003472054789384
37.16517186829626
35.79455265819088
35.20298282816387
36.39024594585752
37.36642878306676
38.56488039654732
38.939054944875075
39.05124837953327
39.42714800743264
39.05124837953327
41.23105625617661
40.326790102858425
41.430664971733194
41.608292442733095
41.78516483155236
41.0396150079408
41.0396150079408
43.08131845707603
42.95346318982906
43.00290687848904
43.617656975128774
43.73213921133976
42.38513890504548
44.30011286667337
43.188540146663904
43.165379646193315
43.165379646193315
44.78001786511479
44.5926002830066
43.48850422812907
42.53527947480773
42.720018726587654
44.64302857109943
45.8530260724415
42.86315434029558
44.16163493350309
44.44378471732578
43.900455578501685
45.880278987817846
45.880278987817846
43.96020928066653
43.165379646193315
42.86315434029558
44.27188724235731
43.01162633521314
40.635575546557725
39.702015062210634
40.96644968751869
37.31621631409058
39.423977475642914
39.223717314910374
38.268786236304905
38.16084380618437
37.16517186829626
37.33630940518894
37.51333096380539
37.16517186829626
34.96069221282668
34.44198019858905
34.48187929913333
34.6878941419049
35.4400902933387
36.062445840513924
36.840874039577294
37.51333096380539
40.00312487793922
37.36308338453881
37.02026472082554
39.702015062210634
40.660177077823946
41.907636535600524
43.200115740585694
45.7083143421413
43.200115740585694
44.5926002830066
44.746508243660756
44.127655727446026
46.960089437734254
45.238258145070084
46.650294747193186
46.703854230673514
46.84015371452148
45.7083143421413
45.880278987817846
45.260357930533424
43.82065722921097
43.01162633521314
44.86925450684466
43.82065722921097
41.270449476592816
43.200115740585694
43.82065722921097
45.069390943299865
43.01162633521314
39.777506206397604
40.52159917870962
43.200115740585694
43.32435804486894
43.165379646193315
43.64057744805859
44.9221548904324
45.47801666739657
47.75458093209488
48.85949242470699
47.32071428032337
48.08326112068523
51.870029882389694
53.24002253943926
53.50233639758174
53.44623466625128
54.46558546458488
54.8839685154053
54.405882034941776
54.55501810099599
55.84129296497351
57.089841478147406
57.089841478147406
58.97669031066426
56.13599558215744
53.92819299772615
56.13599558215744
54.502293529722216
52.81098370604357
54.23329235810785
54.07864643276494
54.60082416960389
56.13599558215744
53.12720583655798
54.42425929675111
56.08029957123981
53.14132102234569
52.73755777432247
52.502380898393554
53.115440316352455
51.90857347298228
51.93505559831432
51.62363799656123
49.449469157919175
46.15463140357639
50.31152949374527
48.75448697299562
49.20619879649311
48.303726564313855
46.97073557013984
46.06788469204984
43.382023926967726
42.485291572496
41.8867520822515
41.8867520822515
40.311288741492746
41.42764777295472
40.577087130546964
40.05621050473946
43.00290687848904
40.85339643163099
42.37924020083418
40.798284277650694
40.95424275945045
41.83897704294406
41.28256290493603
41.00304866714181
43.777848279695064
42.32316150761897
43.41658669218482
45.260357930533424
44.263416045307665
43.01743832447488
44.30011286667337
44.30011286667337
43.96020928066653
51.07102896946565
52.33784481615574
50.62114182829147
49.96498774141749
50.96076922496363
54.60082416960389
53.96758286230726
55.220014487502624
56.39592183837409
58.240879114244144
59.340121334557445
58.81538914263851
62.787339488148405
65.47136778775895
66.88235940814289
63.735782728385786
63.324560795950255
64.80933574725172
67.67569726275453
68.17807565486136
69.28924880528002
71.5122367151245
70.51950084905593
71.40203078344481
72.51551558114994
76.72190039356428
77.1621668954417
76.36916917185887
80.82233602167163
81.27115109311545
82.40297324732889
85.07055894961546
84.90730239502372
89.1852005660132
90.04026876903467
92.58104557629494
86.10023228772383
80.50465825031493
77.81548689046416
72.3671196055225
65.53052723731132
59.07622195096772
54.77681991499689
33.7231374578345
30.777426793024787
31.62672920173694
33.23401871576773
30.108138434649195
32.035136959282696
34.04776057246644
31.622776601683793
29.206163733020468
28.30635970943632
24.520399670478458
27.586228448267445
24.839484696748443
21.80022935659164
21.828879952943073
22.7705950734714
21.523243250030884
26.68332812825267
27.212129648375555
25.495097567963924
26.100766272276374
27.65863337187866
25.811818998280614
27.65863337187866
22.983689869122408
20.402205763103165
23.600847442411894
22.20923231451281
23.070543990118654
23.03258561256204
23.03258561256204
21.73131381210073
22.135943621178654
20.554804791094465
20.396078054371138
20.5
22.940139493908923
23.286262044390035
21.86892772862904
22.073740054644116
21.289668856043768
22.45551157288562
21.70829334609241
22.85278976405288
24.9098374141623
25.480384612481814
25.004999500099974
26.23451924468981
23.58495283014151
25.739075352467502
31.468237955119125
30.516389039334257
31.662280397975127
31.196954979612993
32.69556544854363
33.094561486745825
33.44398301638129
33.28663395418648
32.7566787083184
33.55964838909967
31.70567772497538
31.945265689926575
30.438462510448847
29.129023327259016
31.144823004794873
32.89756829919196
30.438462510448847
26.879360111431225
28.36370920736567
28.412145290350743
28.6574597618142
28.81405906844782
27.101660465735304
24.41823089414956
26.076809620810597
26.51886121235224
26.51886121235224
25.495097567963924
26.16295090390226
24.70323865407125
25.22399651125888
24.413111231467404
28.622543562723422
25.739075352467502
27.390691849604675
25.739075352467502
28.90069203323685
28.635642126552707
28.178005607210743
28.398943642325854
25.811818998280614
32.44225639501667
28.040149785619906
29.068883707497267
24.38237068047322
25.622255950637914
24.62214450449026
25.811818998280614
26.277366686941825
27.115493725912497
26.462237244798484
26.277366686941825
27.04163456597992
27.51363298439521
28.792360097775937
30.732718721258617
32.03903868720159
35.131894341182345
36.04511062543712
35.654592972014136
35.654592972014136
34.539832078341085
33.811980125393426
33.61547262794322
32.96209944769902
33.15493930020081
33.61547262794322
34.17601498127012
35.84689665786984
36.96281915655244
36.76955262170047
37.42325480232846
38.27858409084641
