1.0
2.23606797749979
3.1622776601683795
4.47213595499958
5.0
5.0
7.211102550927978
2.8284271247461903
5.656854249492381
5.830951894845301
3.605551275463989
5.385164807134504
5.0
5.830951894845301
5.385164807134504
6.324555320336759
4.031128874149275
4.6097722286464435
5.5901699437494745
5.5901699437494745
5.852349955359813
4.924428900898052
6.324555320336759
3.605551275463989
4.47213595499958
6.082762530298219
4.123105625617661
6.082762530298219
7.648529270389178
6.96419413859206
7.3824115301167
7.3824115301167
9.192388155425117
10.51189802081432
10.547511554864494
11.412712210513327
10.124228365658293
10.977249200050075
10.977249200050075
12.349089035228468
13.209844813622906
13.209844813622906
14.089002803605371
14.983324063771697
14.089002803605371
14.983324063771697
14.983324063771697
15.890248582070704
13.656500283747663
14.577379737113251
15.508062419270823
16.446884203398525
15.508062419270823
16.140012391568973
14.577379737113251
15.182226450688976
15.182226450688976
16.140012391568973
16.140012391568973
15.182226450688976
15.182226450688976
15.20690632574555
14.326548781894402
14.326548781894402
13.46291201783626
12.619429464123963
14.326548781894402
13.46291201783626
13.46291201783626
13.46291201783626
13.46291201783626
12.971121771072847
13.865424623862047
13.865424623862047
13.865424623862047
14.773286702694158
15.692354826475215
16.62077013859466
18.027756377319946
16.55294535724685
17.46424919657298
19.697715603592208
21.02379604162864
21.470910553583888
21.470910553583888
22.825424421026653
23.323807579381203
23.323807579381203
22.051077071199945
21.219095173922945
22.051077071199945
22.610838109190027
23.43608329051593
24.005207768315607
24.82438317461282
24.82438317461282
24.82438317461282
24.82438317461282
24.27447218787671
23.43608329051593
22.89650628371062
22.051077071199945
22.051077071199945
21.219095173922945
20.402205763103165
19.83053201505194
17.029386365926403
17.029386365926403
16.401219466856727
16.401219466856727
14.5
14.603081866510234
12.379418403139947
12.379418403139947
11.715374513859981
12.419742348374221
8.73212459828649
8.902246907382429
6.946221994724902
6.4031242374328485
5.656854249492381
3.3541019662496847
2.0615528128088303
5.024937810560445
3.0413812651491097
2.0615528128088303
1.8027756377319946
3.0413812651491097
3.0413812651491097
1.118033988749895
4.6097722286464435
4.031128874149275
4.6097722286464435
2.692582403567252
4.6097722286464435
5.5901699437494745
5.5901699437494745
7.762087348130012
8.73212459828649
8.73212459828649
7.158910531638177
7.158910531638177
6.800735254367722
7.5
10.307764064044152
12.529964086141668
11.40175425099138
13.416407864998739
11.180339887498949
10.44030650891055
12.165525060596439
14.317821063276353
13.038404810405298
13.038404810405298
13.0
12.0
12.649110640673518
11.40175425099138
12.165525060596439
16.278820596099706
15.132745950421556
15.132745950421556
13.038404810405298
15.132745950421556
17.11724276862369
15.132745950421556
13.152946437965905
13.152946437965905
13.341664064126334
14.560219778561036
13.0
12.206555615733702
12.083045973594572
12.165525060596439
11.704699910719626
12.083045973594572
12.529964086141668
13.416407864998739
13.892443989449804
12.083045973594572
13.0
12.529964086141668
12.529964086141668
13.416407864998739
10.770329614269007
12.649110640673518
10.770329614269007
11.704699910719626
13.341664064126334
13.341664064126334
14.317821063276353
13.0
14.317821063276353
15.652475842498529
13.038404810405298
13.038404810405298
14.212670403551895
10.63014581273465
10.63014581273465
12.041594578792296
15.0
13.601470508735444
13.0
7.211102550927978
4.123105625617661
5.0990195135927845
11.045361017187261
18.027756377319946
21.93171219946131
9.219544457292887
14.7648230602334
16.278820596099706
17.029386365926403
20.09975124224178
20.0
19.1049731745428
17.26267650163207
16.492422502470642
23.0
21.0
20.024984394500787
18.110770276274835
16.1245154965971
20.09975124224178
18.110770276274835
15.297058540778355
21.0
19.0
17.0
25.019992006393608
23.08679276123039
22.090722034374522
21.095023109728988
21.095023109728988
20.09975124224178
20.09975124224178
20.024984394500787
19.026297590440446
19.0
19.0
19.026297590440446
18.110770276274835
18.24828759089466
20.223748416156685
21.095023109728988
22.090722034374522
24.0
23.194827009486403
25.079872407968907
26.019223662515376
24.186773244895647
25.179356624028344
26.076809620810597
25.179356624028344
26.019223662515376
21.095023109728988
22.561028345356956
22.20360331117452
19.026297590440446
18.110770276274835
20.8806130178211
21.37755832643195
20.024984394500787
19.78004044485248
24.9899979991996
23.42007685726074
19.45507645834372
19.912307751739878
18.12456896039186
16.140012391568973
18.560711193270585
17.10263137648707
19.03943276465977
18.34393632784414
19.96246477767713
22.192341021172147
21.644860821913362
21.47673159491453
20.886598574205422
21.27204738618265
22.7705950734714
21.783020910791965
23.50531854708632
21.783020910791965
22.7705950734714
24.9098374141623
21.70829334609241
24.12985702402731
22.677080940897135
25.243811122728676
25.46075411294803
27.060118255469618
28.53506614676055
25.811818998280614
27.35415873317986
28.040149785619906
28.30635970943632
27.77138815399763
27.55449146690971
28.359301824974466
25.811818998280614
25.144581921360317
24.62214450449026
24.253865671269807
25.04495957273639
26.800186566514792
23.96351393264352
24.19194080680589
24.62214450449026
25.401771591761076
26.119915773217954
22.940139493908923
23.90083680543424
24.41823089414956
24.12985702402731
23.58495283014151
23.90083680543424
25.401771591761076
26.119915773217954
27.060118255469618
27.55449146690971
28.359301824974466
28.359301824974466
25.144581921360317
25.83118270617898
25.283393759541063
26.744158240632665
28.622543562723422
29.95413160150032
30.696090956341656
31.48412298286233
31.48412298286233
31.32491021535417
31.196954979612993
30.103986446980738
28.111385593741193
27.04163456597992
25.124689052802225
24.12985702402731
23.13547060251855
22.276669409945463
22.276669409945463
22.45551157288562
21.70829334609241
24.38237068047322
23.717082451262844
23.50531854708632
22.4610774452162
22.94558781116753
23.717082451262844
23.926972228010797
21.828879952943073
23.03258561256204
23.03258561256204
22.638462845343543
22.901964981197573
20.796634343085422
20.40833163195855
19.557607215607945
19.03943276465977
18.560711193270585
18.66815470259447
18.069310999592652
15.508062419270823
13.656500283747663
20.796634343085422
19.81161275615895
19.81161275615895
21.783020910791965
22.638462845343543
24.627220712049503
25.622255950637914
27.721832551258224
28.71410803072246
29.841246622753548
30.008332176247315
31.184932259025352
27.459060435491963
27.65863337187866
28.460498941515414
29.546573405388315
27.85677655436824
28.635642126552707
28.178005607210743
27.784887978899608
27.459060435491963
27.459060435491963
28.0178514522438
28.0178514522438
28.0178514522438
27.202941017470888
27.80287754891569
27.294688127912362
27.294688127912362
27.294688127912362
26.419689627245813
26.419689627245813
25.942243542145693
25.942243542145693
24.596747752497688
24.166091947189145
24.166091947189145
23.769728648009426
23.769728648009426
23.769728648009426
23.40939982143925
22.561028345356956
22.561028345356956
22.561028345356956
23.53720459187964
23.53720459187964
23.53720459187964
23.53720459187964
23.53720459187964
24.515301344262525
24.73863375370596
25.709920264364882
25.709920264364882
25.709920264364882
25.709920264364882
25.709920264364882
25.709920264364882
24.73863375370596
24.73863375370596
24.73863375370596
24.73863375370596
24.73863375370596
24.73863375370596
25.0
24.041630560342615
24.041630560342615
24.351591323771842
24.351591323771842
24.351591323771842
24.698178070456937
24.698178070456937
24.698178070456937
23.769728648009426
23.769728648009426
23.769728648009426
23.769728648009426
23.769728648009426
23.769728648009426
22.847319317591726
22.847319317591726
21.93171219946131
24.698178070456937
24.698178070456937
22.80350850198276
22.80350850198276
22.80350850198276
22.80350850198276
22.80350850198276
23.08679276123039
22.135943621178654
22.135943621178654
22.135943621178654
22.135943621178654
21.18962010041709
21.18962010041709
21.18962010041709
21.18962010041709
21.18962010041709
21.18962010041709
21.18962010041709
21.18962010041709
21.18962010041709
21.18962010041709
21.18962010041709
21.18962010041709
21.18962010041709
21.540659228538015
20.615528128088304
19.6468827043885
19.924858845171276
19.313207915827967
21.213203435596427
21.213203435596427
21.213203435596427
21.37755832643195
21.37755832643195
21.587033144922902
22.360679774997898
21.587033144922902
21.213203435596427
21.587033144922902
23.08679276123039
22.561028345356956
26.1725046566048
26.68332812825267
26.30589287593181
26.68332812825267
27.294688127912362
27.65863337187866
27.018512172212592
27.16615541441225
27.294688127912362
27.459060435491963
27.018512172212592
26.076809620810597
26.1725046566048
26.476404589747453
26.68332812825267
28.0178514522438
28.160255680657446
29.427877939124322
29.017236257093817
29.154759474226502
29.274562336608895
30.01666203960727
31.144823004794873
32.2490309931942
28.0178514522438
29.274562336608895
26.1725046566048
27.459060435491963
26.076809620810597
27.294688127912362
28.635642126552707
26.1725046566048
27.459060435491963
28.861739379323623
28.0178514522438
28.071337695236398
26.019223662515376
28.284271247461902
29.832867780352597
25.019992006393608
27.294688127912362
27.16615541441225
28.442925306655784
29.154759474226502
30.59411708155671
27.789386463180506
29.124731758421397
29.60152023123137
25.22399651125888
25.480384612481814
26.725456029785533
27.04163456597992
27.04163456597992
27.04163456597992
25.773047937719745
24.253865671269807
26.68332812825267
24.08318915758459
30.14962686336267
27.294688127912362
24.0
26.019223662515376
26.019223662515376
25.179356624028344
28.284271247461902
27.51363298439521
27.294688127912362
26.0
28.861739379323623
27.313000567495326
27.51363298439521
29.154759474226502
29.546573405388315
30.886890422961002
30.528675044947494
34.66987164671943
34.81738071710737
32.86715685908959
34.04776057246644
35.415392133929565
35.9339672176619
33.094561486745825
35.79455265819088
38.939054944875075
38.91336531321854
31.48412298286233
26.90724809414742
27.33587386567329
27.33587386567329
25.553864678361276
19.704060495238032
19.704060495238032
17.240939649566666
15.660459763365825
15.041608956491324
15.88238017426859
14.705441169852742
13.46291201783626
13.0862523283024
13.0862523283024
13.124404748406688
12.5
10.547511554864494
8.902246907382429
9.17877987534291
9.656603957913983
5.315072906367325
6.5
6.041522986797286
8.860022573334675
7.905694150420948
5.1478150704935
6.041522986797286
7.516648189186454
5.1478150704935
7.905694150420948
7.106335201775948
6.519202405202649
6.363961030678928
5.70087712549569
6.041522986797286
5.522680508593631
6.96419413859206
3.5355339059327378
6.670832032063167
2.5495097567963922
7.516648189186454
3.5355339059327378
3.8078865529319543
2.5495097567963922
3.5355339059327378
0.7071067811865476
5.522680508593631
4.527692569068709
2.5495097567963922
2.9154759474226504
4.743416490252569
3.8078865529319543
3.5355339059327378
0.7071067811865476
3.5355339059327378
0.7071067811865476
3.5355339059327378
2.5495097567963922
2.5495097567963922
4.949747468305833
7.7781745930520225
8.276472678623424
8.860022573334675
12.349089035228468
10.793516572461451
12.747548783981962
11.704699910719626
6.324555320336759
8.06225774829855
6.082762530298219
8.246211251235321
10.198039027185569
7.615773105863909
9.486832980505138
11.180339887498949
6.0
5.385164807134504
4.242640687119285
5.830951894845301
9.0
5.0
6.0
3.1622776601683795
9.0
8.0
7.0
6.082762530298219
6.708203932499369
9.617692030835672
9.82344135219425
12.747548783981962
15.443445211480501
14.577379737113251
15.508062419270823
17.10263137648707
18.828170383762732
20.65187642806338
22.54994456755936
21.005951537600005
21.005951537600005
20.006249023742555
17.066048165876012
29.47032405658275
24.9899979991996
30.99193443462347
30.64718584144391
31.752952618614856
26.800186566514792
31.64253466459348
34.514489710844636
30.5
29.567718883945037
30.64718584144391
33.514922049737784
36.5
33.63406011768428
36.513696060519536
32.5
32.5
37.51333096380539
36.53080891521566
39.75550276376844
39.654760117796705
40.527768258318886
40.65095324835569
40.87175063537161
40.20572098594925
39.42714800743264
39.90613987846983
37.769034936042516
40.65095324835569
37.074249823833256
33.94849039353591
32.380549717384355
32.626676202150904
34.935655139126844
30.83018001893599
29.841246622753548
27.721832551258224
28.50438562747845
23.16246964380094
23.632604596192948
23.926972228010797
22.5055548698538
23.194827009486403
23.08679276123039
23.08679276123039
22.20360331117452
22.80350850198276
18.0
14.577379737113251
17.7341478509682
16.62077013859466
10.062305898749054
11.236102527122116
9.604686356149273
6.726812023536855
6.264982043070834
9.394147114027968
9.962429422585638
9.5
6.576473218982953
9.604686356149273
7.433034373659253
7.5
11.10180165558726
12.5
12.776932339180638
13.313526955694348
6.800735254367722
10.307764064044152
12.5
10.547511554864494
12.816005617976296
15.074813431681335
10.307764064044152
13.009611831257688
13.009611831257688
14.866068747318506
11.40175425099138
11.40175425099138
15.556349186104045
13.82931668593933
17.356554957709783
13.45362404707371
16.401219466856727
11.800423721205947
13.82931668593933
8.200609733428363
9.013878188659973
9.013878188659973
7.566372975210778
7.566372975210778
7.158910531638177
7.5
9.656603957913983
12.257650672131263
6.324555320336759
6.082762530298219
9.055385138137417
6.0
7.0
3.1622776601683795
5.0990195135927845
3.1622776601683795
4.123105625617661
3.1622776601683795
3.1622776601683795
4.0
3.1622776601683795
4.47213595499958
5.385164807134504
5.408326913195984
7.632168761236874
9.013878188659973
11.236102527122116
12.093386622447824
14.326548781894402
7.632168761236874
10.307764064044152
2.692582403567252
3.5
5.5901699437494745
3.0413812651491097
4.031128874149275
4.716990566028302
4.924428900898052
4.6097722286464435
3.905124837953327
4.716990566028302
7.762087348130012
7.158910531638177
7.158910531638177
7.632168761236874
6.800735254367722
9.5524865872714
8.558621384311845
11.045361017187261
11.045361017187261
10.04987562112089
10.04987562112089
10.04987562112089
10.04987562112089
10.04987562112089
9.0
9.0
9.055385138137417
8.246211251235321
8.54400374531753
8.54400374531753
7.615773105863909
6.708203932499369
15.132745950421556
16.0312195418814
20.024984394500787
17.0
12.165525060596439
15.132745950421556
18.027756377319946
12.0
18.110770276274835
19.1049731745428
12.36931687685298
16.492422502470642
12.649110640673518
14.317821063276353
10.198039027185569
13.92838827718412
10.770329614269007
15.0
12.041594578792296
10.198039027185569
8.246211251235321
6.324555320336759
5.385164807134504
4.47213595499958
4.47213595499958
4.242640687119285
6.4031242374328485
3.605551275463989
3.3541019662496847
0.5
6.020797289396148
4.716990566028302
8.73212459828649
9.5524865872714
9.013878188659973
8.32165848854662
8.139410298049853
5.5901699437494745
10.111874208078342
8.381527307120106
8.381527307120106
7.0178344238090995
8.73212459828649
9.013878188659973
11.10180165558726
13.756816492197604
16.77050983124842
19.704060495238032
10.735455276791944
11.672617529928752
12.776932339180638
8.139410298049853
6.946221994724902
9.12414379544733
8.902246907382429
9.340770846134703
11.01135777277262
8.514693182963201
6.96419413859206
4.527692569068709
4.743416490252569
3.5355339059327378
8.845903006477066
6.020797289396148
8.845903006477066
8.845903006477066
7.433034373659253
13.200378782444085
7.106335201775948
9.300537618869138
4.527692569068709
4.949747468305833
6.519202405202649
7.3824115301167
7.905694150420948
10.700467279516348
12.90348790056394
6.670832032063167
7.106335201775948
9.513148795220223
10.51189802081432
10.606601717798213
17.029386365926403
21.2602916254693
25.495097567963924
29.0
25.544079548889602
29.90819285747636
37.58324094593227
41.743262929483606
41.14911906711977
42.97964634568321
43.99147644714826
43.477005416656745
40.929817981515626
38.81043674065006
40.70626487409524
39.824615503479755
38.948684188300895
40.311288741492746
40.311288741492746
38.948684188300895
36.235341863986875
36.6742416417845
37.57658845611187
38.91015291668744
42.485291572496
40.05621050473946
31.976553910638962
37.90118731649445
26.315394733881533
25.544079548889602
25.700194551792794
30.37268509697488
26.16295090390226
23.926972228010797
23.926972228010797
23.547823678633232
28.151376520518493
24.38237068047322
27.212129648375555
24.9899979991996
25.985572920372565
27.35415873317986
26.004807247891687
26.537709019431198
26.201145013147805
27.101660465735304
30.438462510448847
30.92733418838423
28.469281690973517
30.108138434649195
29.841246622753548
31.756889016400834
31.662280397975127
27.3221521846285
29.841246622753548
22.327113561766108
28.151376520518493
27.721832551258224
31.945265689926575
33.94849039353591
33.26409475695979
26.5
24.052026941611388
22.85278976405288
27.294688127912362
27.294688127912362
23.345235059857504
25.709920264364882
27.35415873317986
22.192341021172147
23.43608329051593
21.005951537600005
18.741664813991314
19.1049731745428
16.401219466856727
18.034688796871432
19.448650338776723
20.35313243704762
23.648467180770936
21.360009363293827
20.426698215815495
21.360009363293827
22.299103120977758
26.744158240632665
26.744158240632665
31.18092365533773
31.184932259025352
35.106979363083916
31.662280397975127
32.901367752724205
33.860005906674026
35.78407467016578
38.242646351945886
36.01735692690401
36.77295201639379
33.84154251803543
33.63406011768428
34.61574786134195
34.44198019858905
34.44198019858905
36.28015986734347
38.39596332949598
33.84154251803543
36.41771546926029
36.41771546926029
38.55191305240247
34.935655139126844
31.693847983480957
30.602287496198713
33.1436268383531
34.677081768799404
35.92352989337211
30.83018001893599
32.380549717384355
32.96209944769902
34.56153931757091
34.935655139126844
37.26258176777342
33.1436268383531
35.531676008879735
35.531676008879735
37.58324094593227
33.80088756231114
35.78407467016578
36.776351096866584
37.662979170532964
34.590461112855955
35.531676008879735
36.50342449688796
37.50333318519835
31.535694062442957
33.50373113550191
35.503520952153465
33.68233958619858
34.590461112855955
37.58324094593227
30.602287496198713
33.59315406448165
35.67211796347394
32.59601202601324
34.677081768799404
34.50362299817223
36.585516259853435
37.769034936042516
39.881073205218534
32.59601202601324
34.677081768799404
31.81980515339464
33.94849039353591
36.09016486523718
32.810059433045836
33.94849039353591
35.106979363083916
30.99193443462347
32.16364407215078
29.53811097548386
29.706901555025897
30.83018001893599
28.71410803072246
30.008332176247315
29.53811097548386
30.83018001893599
32.380549717384355
28.50438562747845
29.706901555025897
29.53811097548386
29.841246622753548
28.50438562747845
28.609439001839934
28.50438562747845
28.609439001839934
28.71410803072246
28.50438562747845
26.61766330841233
26.504716561397142
24.545875417267155
25.544079548889602
24.9098374141623
25.544079548889602
23.926972228010797
24.50510150968569
27.212129648375555
24.38237068047322
23.717082451262844
23.16246964380094
22.638462845343543
27.064737205448715
26.277366686941825
28.398943642325854
28.50438562747845
28.78367592924851
28.469281690973517
28.398943642325854
27.3221521846285
27.613402542968153
26.61766330841233
26.65520587052368
28.151376520518493
27.97320146139873
27.064737205448715
32.31872522238462
31.756889016400834
31.567388235329194
31.088583113419627
30.20761493398643
29.33428028774526
27.97320146139873
25.347583711273153
26.315394733881533
24.50510150968569
25.622255950637914
25.544079548889602
25.894014752448104
26.61766330841233
26.879360111431225
26.504716561397142
26.504716561397142
26.542418879973994
26.542418879973994
26.542418879973994
26.542418879973994
26.542418879973994
24.627220712049503
24.627220712049503
24.748737341529164
23.58495283014151
27.789386463180506
23.521266972678152
21.523243250030884
23.04886114323222
27.663152387246107
23.04886114323222
24.58149710656371
20.554804791094465
18.828170383762732
22.594247055390007
