2.8284271247461903
3.605551275463989
5.0
5.830951894845301
5.830951894845301
6.708203932499369
8.06225774829855
9.219544457292887
9.219544457292887
9.219544457292887
10.0
10.0
9.656603957913983
10.977249200050075
10.977249200050075
11.10180165558726
12.806248474865697
14.159802258506296
11.715374513859981
14.866068747318506
13.901438774457844
12.206555615733702
14.603081866510234
13.82931668593933
14.534441853748634
13.601470508735444
11.853269591129697
11.926860441876563
9.433981132056603
11.926860441876563
9.394147114027968
9.86154146165801
11.510864433221338
12.298373876248844
10.63014581273465
12.747548783981962
10.965856099730654
9.604686356149273
9.604686356149273
8.514693182963201
8.514693182963201
7.826237921249264
7.905694150420948
7.615773105863909
8.514693182963201
10.547511554864494
10.0
8.5
11.01135777277262
9.013878188659973
7.5
5.385164807134504
8.32165848854662
9.17877987534291
9.656603957913983
9.192388155425117
12.093386622447824
11.704699910719626
10.51189802081432
10.770329614269007
9.86154146165801
10.295630140987
10.295630140987
9.340770846134703
10.295630140987
9.192388155425117
11.067971810589327
10.920164833920778
10.606601717798213
12.257650672131263
12.747548783981962
11.704699910719626
9.962429422585638
7.3824115301167
9.013878188659973
9.192388155425117
9.848857801796104
8.73212459828649
4.47213595499958
7.0710678118654755
5.408326913195984
8.0
7.158910531638177
5.024937810560445
8.381527307120106
10.124228365658293
10.606601717798213
10.124228365658293
8.73212459828649
9.962429422585638
5.830951894845301
6.519202405202649
7.433034373659253
6.96419413859206
10.04987562112089
10.51189802081432
11.10180165558726
12.649110640673518
10.198039027185569
14.115594213493104
12.020815280171307
12.165525060596439
12.020815280171307
10.51189802081432
10.0
11.543396380615196
11.01135777277262
11.01135777277262
9.5
9.656603957913983
10.307764064044152
11.045361017187261
9.5524865872714
10.012492197250394
11.180339887498949
8.381527307120106
8.631338250816034
12.649110640673518
15.041608956491324
13.756816492197604
12.298373876248844
12.747548783981962
12.816005617976296
10.124228365658293
8.74642784226795
8.860022573334675
8.631338250816034
7.648529270389178
8.631338250816034
7.158910531638177
9.617692030835672
9.5524865872714
8.0156097709407
11.045361017187261
8.5
9.340770846134703
10.965856099730654
9.86154146165801
12.349089035228468
11.40175425099138
12.98075498574717
12.539936203984453
9.013878188659973
10.124228365658293
10.735455276791944
7.433034373659253
8.74642784226795
8.514693182963201
7.433034373659253
7.905694150420948
9.656603957913983
10.594810050208546
6.5
10.547511554864494
9.962429422585638
8.54400374531753
11.884864324004713
10.307764064044152
8.94427190999916
11.543396380615196
15.402921800749363
15.297058540778355
17.755280904564703
13.238202294873727
14.713938969562161
11.423659658795863
14.705441169852742
14.807092894960848
15.297058540778355
13.341664064126334
15.182226450688976
10.793516572461451
12.649110640673518
13.647344063956181
12.0
13.009611831257688
12.010412149464313
13.0
10.51189802081432
6.708203932499369
10.04987562112089
8.558621384311845
12.5
10.51189802081432
11.5
8.73212459828649
9.340770846134703
12.041594578792296
12.020815280171307
12.165525060596439
13.038404810405298
11.543396380615196
9.12414379544733
9.12414379544733
11.045361017187261
11.045361017187261
10.198039027185569
10.012492197250394
10.04987562112089
10.606601717798213
11.76860229593982
11.672617529928752
10.012492197250394
11.045361017187261
13.0
13.009611831257688
12.539936203984453
14.221462653327892
14.916433890176299
15.572411502397436
14.0089257261219
18.607794065928395
17.72004514666935
17.7341478509682
17.755280904564703
17.414074767267998
11.10180165558726
7.566372975210778
7.615773105863909
8.0156097709407
11.180339887498949
11.76860229593982
13.038404810405298
16.00781059358212
8.54400374531753
9.617692030835672
9.617692030835672
11.884864324004713
10.594810050208546
11.236102527122116
12.020815280171307
10.124228365658293
10.44030650891055
13.238202294873727
11.236102527122116
11.543396380615196
10.688779163215974
10.688779163215974
10.04987562112089
13.729530217745982
14.0089257261219
12.36931687685298
11.01135777277262
11.01135777277262
10.547511554864494
12.509996003196804
10.606601717798213
10.51189802081432
10.606601717798213
9.617692030835672
10.111874208078342
10.770329614269007
10.547511554864494
10.700467279516348
12.041594578792296
15.692354826475215
16.80773631397161
18.12456896039186
15.532224567009067
16.224980739587952
15.231546211727817
15.953056133543816
14.089002803605371
13.200378782444085
14.983324063771697
13.892443989449804
15.652475842498529
13.416407864998739
17.240939649566666
14.0089257261219
15.532224567009067
11.236102527122116
13.601470508735444
10.965856099730654
14.866068747318506
13.892443989449804
14.317821063276353
15.572411502397436
16.32482771731451
15.305227865013967
15.305227865013967
15.0
15.700318468107582
14.866068747318506
16.650825805346713
15.556349186104045
14.159802258506296
13.793114224133722
13.793114224133722
13.0862523283024
15.0
12.041594578792296
13.038404810405298
13.45362404707371
15.913830462839549
15.945218719101975
18.741664813991314
17.804493814764857
19.091883092036785
19.60229578391266
18.76832437912346
19.1049731745428
17.7341478509682
19.144189719076646
16.62077013859466
19.79898987322333
21.224985276791124
20.22992832414391
19.474342094150447
17.7341478509682
18.741664813991314
21.592822881689184
22.5
20.838665984174707
24.869660230891775
25.5
21.93171219946131
19.13765920900464
19.78004044485248
22.14158982548453
22.47220505424423
20.248456731316587
22.4610774452162
21.66217902243447
22.299103120977758
20.8806130178211
24.66779276708802
23.40939982143925
22.192341021172147
21.37755832643195
22.360679774997898
22.192341021172147
21.982947936980608
22.192341021172147
22.4610774452162
25.811818998280614
27.681221071332818
27.35415873317986
31.40859754907882
30.56550343115585
32.5
32.01562118716424
28.98706608127149
30.37268509697488
30.041637771599603
27.77138815399763
27.115493725912497
25.144581921360317
26.570660511172846
24.9899979991996
25.144581921360317
22.47220505424423
23.30772404161333
19.60867155112758
20.796634343085422
21.783020910791965
21.523243250030884
23.58495283014151
24.596747752497688
24.438698819699873
25.739075352467502
22.20360331117452
23.853720883753127
22.610838109190027
24.964975465639856
21.360009363293827
22.20923231451281
21.66217902243447
11.236102527122116
12.083045973594572
11.800423721205947
10.816653826391969
11.629703349613008
13.038404810405298
12.349089035228468
13.200378782444085
12.90348790056394
12.206555615733702
9.899494936611665
10.63014581273465
9.86154146165801
12.103718436910205
10.51189802081432
12.419742348374221
13.038404810405298
12.103718436910205
9.924716620639604
12.5
13.793114224133722
13.124404748406688
13.793114224133722
14.916433890176299
15.913830462839549
12.379418403139947
11.800423721205947
14.159802258506296
16.263455967290593
13.729530217745982
15.402921800749363
13.901438774457844
13.656500283747663
13.038404810405298
10.259142264341596
9.013878188659973
9.7082439194738
7.158910531638177
6.800735254367722
4.6097722286464435
5.70087712549569
7.158910531638177
5.5
7.280109889280518
6.576473218982953
4.031128874149275
4.47213595499958
3.640054944640259
4.743416490252569
3.1622776601683795
2.0
3.0
3.605551275463989
5.408326913195984
2.5
4.5
4.743416490252569
3.5
2.692582403567252
2.5
6.041522986797286
5.408326913195984
5.315072906367325
5.70087712549569
3.3541019662496847
7.158910531638177
5.5901699437494745
5.0990195135927845
6.800735254367722
6.082762530298219
8.0156097709407
5.220153254455275
3.905124837953327
4.716990566028302
4.6097722286464435
4.0
3.8078865529319543
5.1478150704935
2.9154759474226504
4.301162633521313
6.020797289396148
3.905124837953327
5.830951894845301
6.18465843842649
3.1622776601683795
5.0990195135927845
5.024937810560445
3.5355339059327378
4.301162633521313
4.301162633521313
4.924428900898052
3.5355339059327378
4.242640687119285
2.0615528128088303
4.949747468305833
5.408326913195984
3.905124837953327
2.9154759474226504
5.315072906367325
6.020797289396148
5.220153254455275
4.527692569068709
4.031128874149275
4.716990566028302
5.70087712549569
5.0
3.8078865529319543
3.605551275463989
4.031128874149275
2.5495097567963922
3.0413812651491097
2.9154759474226504
3.640054944640259
2.692582403567252
3.0
5.408326913195984
5.024937810560445
5.0990195135927845
4.527692569068709
6.041522986797286
6.4031242374328485
6.020797289396148
6.576473218982953
8.94427190999916
6.96419413859206
8.0
7.158910531638177
6.576473218982953
6.576473218982953
6.670832032063167
9.0
8.246211251235321
9.055385138137417
8.5
9.0
12.093386622447824
9.0
12.020815280171307
10.44030650891055
10.770329614269007
13.152946437965905
9.5524865872714
10.547511554864494
9.7082439194738
9.617692030835672
10.547511554864494
10.111874208078342
10.111874208078342
10.594810050208546
9.394147114027968
9.219544457292887
8.32165848854662
8.06225774829855
7.3824115301167
10.062305898749054
8.845903006477066
6.5
6.103277807866851
8.139410298049853
9.17877987534291
6.18465843842649
6.18465843842649
5.024937810560445
5.5
5.852349955359813
6.0
3.0413812651491097
2.9154759474226504
2.5
0.5
2.0
0.5
5.1478150704935
3.1622776601683795
3.3541019662496847
3.8078865529319543
4.031128874149275
2.0615528128088303
2.1213203435596424
0.0
2.0615528128088303
2.9154759474226504
4.242640687119285
6.363961030678928
6.576473218982953
4.123105625617661
5.0
2.5495097567963922
3.0413812651491097
3.0413812651491097
1.5811388300841898
0.7071067811865476
2.1213203435596424
2.0
2.5
3.2015621187164243
2.0
4.031128874149275
3.2015621187164243
2.5495097567963922
4.716990566028302
3.5355339059327378
1.118033988749895
10.0
17.55704986607944
15.890248582070704
13.124404748406688
4.743416490252569
4.6097722286464435
6.020797289396148
4.272001872658765
7.516648189186454
9.013878188659973
9.617692030835672
7.516648189186454
5.5901699437494745
9.013878188659973
4.527692569068709
4.527692569068709
2.9154759474226504
5.5
5.0990195135927845
7.762087348130012
5.1478150704935
6.18465843842649
6.18465843842649
6.020797289396148
4.924428900898052
7.5
10.594810050208546
10.770329614269007
10.307764064044152
10.5
9.5
8.558621384311845
8.514693182963201
5.522680508593631
13.038404810405298
11.423659658795863
12.747548783981962
12.257650672131263
12.539936203984453
11.01135777277262
10.5
10.5
12.539936203984453
9.617692030835672
9.12414379544733
3.640054944640259
3.5355339059327378
7.0178344238090995
2.692582403567252
5.0990195135927845
4.47213595499958
1.118033988749895
1.4142135623730951
2.0
1.5811388300841898
1.5811388300841898
4.527692569068709
4.5
4.6097722286464435
5.0
4.924428900898052
3.3541019662496847
3.640054944640259
13.509256086106296
8.5
5.0990195135927845
3.905124837953327
3.905124837953327
2.5
8.5
4.6097722286464435
7.0178344238090995
12.175795661885921
14.430869689661812
15.033296378372908
15.008331019803634
11.597413504743201
11.543396380615196
10.51189802081432
10.688779163215974
11.661903789690601
11.510864433221338
13.313526955694348
12.041594578792296
8.631338250816034
8.381527307120106
4.924428900898052
3.5355339059327378
4.743416490252569
7.280109889280518
4.924428900898052
6.0
8.381527307120106
10.977249200050075
7.648529270389178
10.965856099730654
10.547511554864494
10.816653826391969
12.041594578792296
9.17877987534291
11.510864433221338
11.10180165558726
12.041594578792296
9.924716620639604
11.335784048754634
10.124228365658293
10.816653826391969
9.433981132056603
10.965856099730654
9.17877987534291
8.200609733428363
8.5
9.848857801796104
7.516648189186454
7.3824115301167
9.899494936611665
6.363961030678928
6.800735254367722
7.3824115301167
9.013878188659973
6.4031242374328485
8.32165848854662
8.73212459828649
6.519202405202649
7.648529270389178
8.558621384311845
11.597413504743201
10.688779163215974
11.40175425099138
10.307764064044152
11.704699910719626
12.854960132182441
11.76860229593982
11.672617529928752
11.853269591129697
10.965856099730654
10.770329614269007
11.067971810589327
11.543396380615196
12.298373876248844
14.115594213493104
11.704699910719626
10.295630140987
11.423659658795863
7.762087348130012
9.617692030835672
9.848857801796104
9.013878188659973
7.158910531638177
5.408326913195984
7.5
2.23606797749979
6.726812023536855
4.716990566028302
5.0
4.527692569068709
4.527692569068709
6.670832032063167
9.617692030835672
10.404326023342406
10.404326023342406
11.335784048754634
13.0862523283024
8.200609733428363
8.200609733428363
8.54400374531753
7.648529270389178
7.905694150420948
8.381527307120106
8.54400374531753
8.845903006477066
9.013878188659973
7.810249675906654
8.602325267042627
8.48528137423857
8.902246907382429
9.5524865872714
9.192388155425117
7.810249675906654
8.845903006477066
8.5
9.5524865872714
11.10180165558726
10.700467279516348
9.219544457292887
12.093386622447824
10.295630140987
9.013878188659973
10.0
9.617692030835672
8.94427190999916
11.853269591129697
10.770329614269007
12.971121771072847
12.529964086141668
14.983324063771697
13.647344063956181
14.089002803605371
18.33712082089225
19.45507645834372
15.116216457830975
14.7648230602334
12.206555615733702
10.700467279516348
11.661903789690601
11.884864324004713
10.594810050208546
11.067971810589327
9.656603957913983
10.594810050208546
10.44030650891055
12.083045973594572
9.7082439194738
10.0
13.416407864998739
10.700467279516348
11.10180165558726
12.041594578792296
14.300349646075091
13.46291201783626
13.509256086106296
13.200378782444085
13.313526955694348
10.63014581273465
9.7082439194738
10.307764064044152
9.86154146165801
9.433981132056603
9.848857801796104
10.977249200050075
9.617692030835672
8.276472678623424
11.236102527122116
9.848857801796104
10.307764064044152
10.51189802081432
9.656603957913983
10.124228365658293
12.529964086141668
13.200378782444085
