3.1622776601683795
3.1622776601683795
3.1622776601683795
3.1622776601683795
3.1622776601683795
3.1622776601683795
3.1622776601683795
3.1622776601683795
3.1622776601683795
4.123105625617661
5.0990195135927845
6.082762530298219
5.0990195135927845
6.082762530298219
6.082762530298219
5.385164807134504
7.0710678118654755
8.06225774829855
6.576473218982953
7.648529270389178
7.905694150420948
6.18465843842649
6.5
6.5
5.5901699437494745
4.716990566028302
6.041522986797286
4.301162633521313
5.1478150704935
5.1478150704935
6.041522986797286
6.670832032063167
6.670832032063167
16.56804152578089
23.547823678633232
24.58149710656371
23.58495283014151
23.547823678633232
22.54994456755936
22.005681084665387
21.005951537600005
20.0
17.11724276862369
17.11724276862369
15.132745950421556
15.297058540778355
15.297058540778355
15.402921800749363
15.402921800749363
14.916433890176299
14.713938969562161
16.140012391568973
14.916433890176299
15.890248582070704
15.890248582070704
16.867127793433
17.755280904564703
17.11724276862369
19.059118552545918
18.172781845386247
19.00657780874821
20.155644370746373
23.13547060251855
24.046829312822098
26.004807247891687
26.043233286210835
27.04163456597992
27.115493725912497
26.23451924468981
25.124689052802225
25.04495957273639
25.04495957273639
25.04495957273639
23.345235059857504
24.12985702402731
23.264780248263683
23.194827009486403
23.194827009486403
23.08679276123039
23.021728866442675
20.0
18.110770276274835
17.95132307101624
17.755280904564703
17.26267650163207
17.46424919657298
18.553975315279473
17.867568385205637
16.91892431568863
16.62077013859466
16.977926846349646
18.607794065928395
20.65187642806338
20.554804791094465
20.554804791094465
22.699118925632334
23.69071548096427
22.85278976405288
23.43608329051593
23.43608329051593
22.45551157288562
23.43608329051593
23.43608329051593
23.264780248263683
23.264780248263683
24.186773244895647
24.186773244895647
24.58149710656371
25.578311124857326
26.51886121235224
26.5
25.0
25.019992006393608
24.12985702402731
22.14158982548453
21.1482859825566
18.33712082089225
17.356554957709783
16.62077013859466
16.3783393541592
17.18284027743958
17.11724276862369
17.5
18.527007313648905
18.741664813991314
20.886598574205422
21.10094784600919
21.360009363293827
22.321514285549714
24.520399670478458
24.38237068047322
25.347583711273153
26.100766272276374
27.51363298439521
24.331050121192877
23.759208741033444
24.627220712049503
23.632604596192948
23.50531854708632
23.50531854708632
23.0
23.021728866442675
22.02271554554524
22.02271554554524
23.13547060251855
21.644860821913362
22.85278976405288
21.86892772862904
21.86892772862904
21.86892772862904
20.988091861815356
22.192341021172147
22.699118925632334
22.20360331117452
23.264780248263683
8.381527307120106
11.704699910719626
10.111874208078342
12.349089035228468
11.76860229593982
15.787653403846944
12.36931687685298
11.543396380615196
12.649110640673518
12.5
13.946325680981353
14.916433890176299
6.0
6.020797289396148
6.020797289396148
6.519202405202649
5.522680508593631
5.0990195135927845
6.020797289396148
5.0990195135927845
5.1478150704935
5.220153254455275
6.041522986797286
4.031128874149275
4.123105625617661
4.716990566028302
14.035668847618199
19.235384061671343
22.360679774997898
22.677080940897135
24.62214450449026
24.331050121192877
26.68332812825267
27.285527299284507
28.146935890075138
29.88728826775691
30.364452901377952
26.196373794859472
27.459060435491963
27.073972741361768
28.111385593741193
27.572631357924475
28.0
28.50438562747845
28.5175384631984
28.111385593741193
27.663152387246107
25.179356624028344
24.020824298928627
22.588713996153036
21.095023109728988
21.523243250030884
20.5
20.554804791094465
19.60229578391266
19.557607215607945
19.1637678967368
19.72941965694886
19.319679086361656
20.796634343085422
20.71834935510066
18.607794065928395
19.235384061671343
20.886598574205422
21.213203435596427
22.090722034374522
23.264780248263683
22.85278976405288
24.748737341529164
22.5055548698538
23.5
24.50510150968569
25.5049014897137
25.5049014897137
26.5
25.5049014897137
25.51960031034969
25.5
22.54994456755936
23.58495283014151
25.739075352467502
25.675864152935535
23.837994882120434
23.264780248263683
23.53720459187964
24.41823089414956
23.648467180770936
23.43608329051593
22.7705950734714
23.58495283014151
23.5
23.04886114323222
24.005207768315607
24.0
23.04886114323222
23.13547060251855
23.521266972678152
23.547823678633232
24.682990094394967
24.50510150968569
26.51886121235224
25.004999500099974
26.004807247891687
26.019223662515376
27.16615541441225
26.019223662515376
23.264780248263683
25.0
25.59785147234041
24.41823089414956
22.360679774997898
22.561028345356956
21.587033144922902
21.965882636488796
21.982947936980608
22.073740054644116
22.192341021172147
22.4610774452162
23.717082451262844
22.4610774452162
23.717082451262844
23.717082451262844
22.940139493908923
22.940139493908923
23.40939982143925
22.80350850198276
24.86463351831271
26.800186566514792
26.92582403567252
28.74456470360962
30.923292192132454
30.805843601498726
32.55764119219941
32.28002478313795
33.10966626228661
32.626676202150904
32.984845004941285
32.984845004941285
32.46921619010844
32.7566787083184
31.78049716414141
31.32091952673165
32.5
31.38470965295043
29.966648127543394
28.429737951659
27.95084971874737
28.88771365130858
28.50438562747845
28.324018076537094
27.829840100151493
27.408940147331492
28.935272592460574
28.53944638566067
29.017236257093817
29.5
30.5
31.50396800404673
31.51586901863885
32.00390601161052
31.0
32.0624390837628
31.00403199585499
30.56550343115585
30.700162866017504
30.99193443462347
29.124731758421397
30.99193443462347
30.20347662107791
31.12073263919087
31.752952618614856
32.684093990808435
33.44398301638129
34.30014577228499
34.9463875100131
34.9463875100131
35.92352989337211
34.55792239125495
34.132096331752024
34.73110997362451
33.32041416309227
33.1058907144937
31.48412298286233
32.42298567374695
31.32091952673165
31.184932259025352
31.084562084739105
30.99193443462347
30.438462510448847
29.231831964486933
31.662280397975127
30.700162866017504
30.438462510448847
30.700162866017504
31.80015723231569
31.662280397975127
31.531730050855124
32.25678223257862
32.57299494980466
33.67862823809782
32.72995569810628
33.06433123473088
31.945265689926575
33.36540124140574
33.53356527421443
33.53356527421443
35.00357124637428
34.15406271587613
34.64462440264001
37.04726710568541
40.577087130546964
41.140004861448425
41.140004861448425
43.01743832447488
40.96950085124299
40.47838929601819
41.382363393117124
39.147158262126766
38.73628789649313
36.50342449688796
38.34709897762802
37.42325480232846
37.821951298154886
38.73628789649313
39.274673773310965
37.63641853311763
37.63641853311763
35.41892149684968
35.106979363083916
36.50342449688796
35.92352989337211
36.585516259853435
35.58791929854849
36.776351096866584
38.6846222677694
38.942264957241505
39.90613987846983
39.90613987846983
38.451267859460756
38.242646351945886
37.074249823833256
37.26258176777342
36.28360511305347
35.4400902933387
36.40054944640259
35.11409973215888
35.11409973215888
32.89376840679705
33.61547262794322
35.4682957019364
35.73513677041127
35.4400902933387
35.73513677041127
33.83784863137726
36.05551275463989
35.73513677041127
37.94733192202055
35.4400902933387
36.40054944640259
37.107950630558946
36.40054944640259
36.40054944640259
38.07886552931954
38.3275357934736
38.3275357934736
37.107950630558946
36.138621999185304
38.600518131237564
35.73513677041127
34.17601498127012
33.24154027718932
34.17601498127012
33.83784863137726
32.89376840679705
32.89376840679705
32.89376840679705
33.83784863137726
33.61547262794322
33.24154027718932
32.89376840679705
38.41874542459709
39.698866482558415
41.773197148410844
42.44997055358225
43.86342439892262
42.44997055358225
41.012193308819754
41.036569057366385
41.72529209005013
41.72529209005013
41.72529209005013
41.036569057366385
41.036569057366385
39.824615503479755
40.0
37.21558813185679
35.77708763999664
35.77708763999664
35.34119409414458
35.34119409414458
35.34119409414458
38.8329756778952
41.23105625617661
41.10960958218893
43.18564576337837
43.18564576337837
43.18564576337837
43.18564576337837
43.18564576337837
43.18564576337837
43.18564576337837
43.18564576337837
41.773197148410844
40.607881008493905
37.21558813185679
36.235341863986875
35.34119409414458
35.34119409414458
34.92849839314596
34.92849839314596
