2.0
3.0
2.0
3.1622776601683795
2.0
2.5
4.716990566028302
6.946221994724902
3.905124837953327
6.946221994724902
5.5901699437494745
4.949747468305833
5.70087712549569
5.1478150704935
7.3824115301167
4.301162633521313
6.519202405202649
4.743416490252569
6.041522986797286
5.70087712549569
4.301162633521313
6.96419413859206
4.272001872658765
2.5
2.5
1.5811388300841898
3.3541019662496847
1.8027756377319946
2.5
2.692582403567252
3.640054944640259
2.692582403567252
1.118033988749895
2.692582403567252
3.640054944640259
3.5
3.1622776601683795
5.5901699437494745
5.5
6.020797289396148
7.0178344238090995
10.307764064044152
9.340770846134703
11.280514172678478
11.543396380615196
9.12414379544733
10.111874208078342
9.013878188659973
10.307764064044152
11.10180165558726
11.10180165558726
9.12414379544733
11.01135777277262
10.111874208078342
11.280514172678478
9.12414379544733
10.307764064044152
9.17877987534291
9.7082439194738
11.10180165558726
10.770329614269007
9.219544457292887
8.54400374531753
8.06225774829855
9.219544457292887
8.0
6.082762530298219
7.0
8.06225774829855
9.0
7.0
9.0
8.06225774829855
8.06225774829855
8.0
8.06225774829855
7.280109889280518
7.280109889280518
7.211102550927978
8.48528137423857
6.082762530298219
6.324555320336759
8.0
8.06225774829855
9.055385138137417
8.06225774829855
8.06225774829855
7.0710678118654755
7.0710678118654755
6.0
8.06225774829855
5.385164807134504
6.324555320336759
7.0710678118654755
5.385164807134504
5.830951894845301
8.246211251235321
11.180339887498949
11.180339887498949
7.615773105863909
12.649110640673518
13.152946437965905
10.770329614269007
9.848857801796104
11.661903789690601
15.231546211727817
15.041608956491324
15.660459763365825
16.070158679988197
15.976545308670458
14.705441169852742
15.660459763365825
15.041608956491324
16.91892431568863
15.435349040433131
16.77050983124842
15.532224567009067
12.419742348374221
12.619429464123963
12.093386622447824
11.01135777277262
9.899494936611665
10.816653826391969
11.180339887498949
11.180339887498949
14.7648230602334
13.46291201783626
11.01135777277262
13.0862523283024
12.619429464123963
12.419742348374221
11.800423721205947
11.672617529928752
13.200378782444085
11.800423721205947
10.920164833920778
11.629703349613008
11.629703349613008
10.735455276791944
8.077747210701755
12.619429464123963
7.762087348130012
12.971121771072847
12.971121771072847
16.224980739587952
14.326548781894402
11.629703349613008
12.093386622447824
12.093386622447824
12.539936203984453
9.962429422585638
12.175795661885921
12.093386622447824
15.337861650177967
14.396180048887969
15.692354826475215
14.773286702694158
14.080127840328723
17.44276354251241
17.414074767267998
18.062391868188442
12.727922061357855
13.892443989449804
14.422205101855956
15.116216457830975
14.916433890176299
14.916433890176299
16.32482771731451
16.98528775146303
18.398369492974098
15.700318468107582
15.890248582070704
16.80773631397161
17.67766952966369
16.80773631397161
16.347782724271816
17.67059704707229
18.580904176062045
16.77050983124842
19.5
17.269916039170543
15.976545308670458
17.867568385205637
15.660459763365825
15.660459763365825
16.977926846349646
13.756816492197604
16.62077013859466
17.867568385205637
16.3783393541592
16.62077013859466
16.194134740701646
13.009611831257688
14.080127840328723
14.577379737113251
14.508618128546908
14.713938969562161
12.589678312014172
10.51189802081432
17.0
13.0
14.508618128546908
16.867127793433
14.508618128546908
15.508062419270823
15.508062419270823
13.509256086106296
14.577379737113251
12.509996003196804
16.507574019219177
15.700318468107582
16.507574019219177
15.508062419270823
15.572411502397436
14.142135623730951
17.029386365926403
15.033296378372908
15.297058540778355
15.297058540778355
16.278820596099706
17.11724276862369
16.1245154965971
15.132745950421556
15.033296378372908
15.297058540778355
14.5
15.5
13.038404810405298
14.0
14.142135623730951
11.045361017187261
11.180339887498949
10.04987562112089
11.045361017187261
10.198039027185569
10.0
12.0
9.0
9.055385138137417
12.041594578792296
10.44030650891055
11.40175425099138
12.165525060596439
11.180339887498949
12.165525060596439
12.0
12.0
13.92838827718412
12.649110640673518
13.124404748406688
13.865424623862047
13.038404810405298
15.264337522473747
16.55294535724685
13.892443989449804
15.264337522473747
15.811388300841896
12.539936203984453
14.080127840328723
15.337861650177967
17.92344832893492
17.92344832893492
15.890248582070704
15.116216457830975
18.848076824970764
17.066048165876012
18.445866745696716
21.523243250030884
21.07723890835799
24.27447218787671
24.62214450449026
24.150569351466643
28.217902119044926
28.72716484444645
28.20017730440715
27.04163456597992
29.090376415577712
30.103986446980738
26.800186566514792
26.5
27.608875384557045
28.692333470807146
28.429737951659
25.93260495977988
23.717082451262844
24.9098374141623
25.93260495977988
24.438698819699873
24.12985702402731
24.12985702402731
21.914607000811127
21.914607000811127
21.360009363293827
22.74313083108832
23.070543990118654
20.402205763103165
20.402205763103165
20.22992832414391
21.219095173922945
20.402205763103165
21.639085008382402
22.983689869122408
24.052026941611388
21.965882636488796
24.9098374141623
22.627416997969522
25.104780421266383
24.748737341529164
23.30772404161333
23.90083680543424
25.51960031034969
22.80350850198276
25.656383221335
25.401771591761076
28.64000698323937
28.692333470807146
26.63174797117155
27.202941017470888
27.65863337187866
29.698484809834994
29.732137494637012
29.068883707497267
30.0
30.805843601498726
27.721832551258224
30.700162866017504
32.71849629796577
36.50342449688796
31.9100297712177
33.30540496676178
33.55964838909967
31.9100297712177
31.100643080167973
29.124731758421397
25.51960031034969
25.985572920372565
21.914607000811127
18.33712082089225
16.28649747490233
14.773286702694158
13.92838827718412
16.492422502470642
12.649110640673518
17.72004514666935
15.132745950421556
15.033296378372908
18.24828759089466
16.278820596099706
15.572411502397436
15.890248582070704
15.182226450688976
14.089002803605371
14.983324063771697
13.729530217745982
17.219175357722563
16.32482771731451
16.32482771731451
15.572411502397436
14.849242404917497
19.091883092036785
16.00781059358212
11.01135777277262
10.307764064044152
19.13765920900464
17.804493814764857
16.64331697709324
17.88854381999832
19.313207915827967
20.591260281974
16.1245154965971
16.00781059358212
14.150971698084906
14.983324063771697
12.206555615733702
11.180339887498949
13.341664064126334
12.747548783981962
10.124228365658293
11.180339887498949
10.547511554864494
10.44030650891055
9.055385138137417
8.54400374531753
6.5
4.924428900898052
5.656854249492381
5.70087712549569
3.905124837953327
1.8027756377319946
4.924428900898052
5.5901699437494745
5.5901699437494745
8.139410298049853
8.381527307120106
7.433034373659253
9.656603957913983
10.594810050208546
12.5
13.756816492197604
14.705441169852742
16.3783393541592
17.066048165876012
16.194134740701646
16.00781059358212
16.00781059358212
17.00735135169495
18.006943105369107
19.00657780874821
19.00657780874821
18.006943105369107
18.062391868188442
16.194134740701646
18.006943105369107
16.070158679988197
17.18284027743958
17.18284027743958
17.585505395068974
17.18284027743958
17.066048165876012
17.00735135169495
18.062391868188442
17.00735135169495
17.356554957709783
18.553975315279473
21.005951537600005
21.005951537600005
24.12985702402731
26.043233286210835
24.12985702402731
25.04495957273639
26.019223662515376
27.073972741361768
25.079872407968907
26.076809620810597
26.1725046566048
24.005207768315607
22.005681084665387
19.059118552545918
22.005681084665387
23.005434140654682
20.006249023742555
24.12985702402731
23.005434140654682
25.019992006393608
23.194827009486403
22.02271554554524
21.095023109728988
25.709920264364882
24.86463351831271
25.144581921360317
25.46075411294803
26.196373794859472
26.177280225416848
24.82438317461282
26.196373794859472
27.115493725912497
26.612966764342527
24.37724348649781
23.47871376374779
29.740544715926102
29.80771712157776
30.041637771599603
28.50438562747845
28.78367592924851
29.231831964486933
28.257742301889582
28.50438562747845
29.025850547399983
30.84234102658227
29.261749776799064
29.261749776799064
29.261749776799064
28.98706608127149
29.95413160150032
28.622543562723422
29.261749776799064
31.18092365533773
30.364452901377952
33.24154027718932
32.12864765283469
30.220026472523152
31.468237955119125
31.468237955119125
32.12864765283469
31.579265349276255
29.5296461204668
30.4138126514911
30.64718584144391
29.124731758421397
27.5
27.5
30.30264014900352
30.516389039334257
34.514489710844636
34.514489710844636
36.55475345286848
34.38386249390839
35.79455265819088
32.973474187595095
35.04639781775011
36.55475345286848
35.14612354157995
35.7246413557925
36.55475345286848
37.8714932369982
37.963798545456434
38.73306081372863
38.108398024582456
38.30469945058961
37.83186487605389
36.45888094826828
35.92005011132362
37.83186487605389
36.45888094826828
35.01785258978626
34.311076928595526
36.43144246389374
36.41771546926029
37.20551034457127
37.963798545456434
39.37321424522006
39.24601890638081
40.660177077823946
36.41771546926029
38.53894134508627
35.8503835404867
37.406550228536176
37.406550228536176
38.20013088982812
35.8503835404867
36.62308015445998
36.62308015445998
36.62308015445998
39.003204996512785
39.60113634733226
39.436658073421995
38.66846260197062
38.577843381920665
40.844216236818646
40.078048854703496
39.322385482063524
38.577843381920665
37.84507894033252
40.844216236818646
40.844216236818646
40.21504693519579
40.40111384603152
41.20982892466311
42.0267771783657
42.29952718411874
42.61748467472007
42.8981351576033
41.620307543313515
43.660622991432454
41.620307543313515
40.40111384603152
42.14558102577303
41.48795005781799
40.844216236818646
40.844216236818646
42.25221887664599
42.8981351576033
44.9694340635948
43.200115740585694
44.24081825644729
48.41745553000488
45.90479277809671
44.0028408173836
46.20876540224809
44.81350242951336
46.20876540224809
46.20876540224809
46.20876540224809
48.67494221876385
49.002550954006466
47.846107469678245
48.971930735881756
49.81214711292819
48.41745553000488
48.023431780746364
50.89449872039217
50.06246098625196
48.41745553000488
47.60514678057405
46.20876540224809
45.90479277809671
44.52246623896749
43.68352092036538
42.85148772213166
42.0267771783657
42.5
41.246211947280685
43.384905209070126
43.384905209070126
41.620307543313515
44.27471061452576
42.5
43.384905209070126
41.620307543313515
41.76421913552317
43.85487430149584
43.142206712220926
44.52246623896749
45.069390943299865
44.24081825644729
42.85148772213166
42.40577790820492
45.2133829745132
43.02615483633182
44.60100895719737
44.0028408173836
47.02393007820593
46.61812952060604
48.023431780746364
49.81214711292819
54.801916024898254
59.03600596246328
70.70537461890716
76.17250159998686
80.53725845843029
90.43920610000953
102.0992164514498
112.0100441924741
118.08577391032334
126.04860173758375
135.15639089588032
139.3960185945065
146.5341257182094
155.7730721273738
165.92543506045118
176.01846494047152
184.9229569307175
196.72950973354253
211.6329369450795
222.85084698066552
232.9517117344279
245.05611602243272
257.31789677362127
269.24384858339846
282.81840463449333
289.6571248907922
302.69497848494285
316.6642543767768
329.5197262683981
340.38287265959787
348.16447262752126
358.97701876304006
367.94055226354163
381.6886820433637
377.60726952748144
370.84531815839335
363.63752556632545
356.5504873085998
352.20448605888026
340.2116987994387
317.35469115801646
325.55491088294156
310.2809211021522
301.23288333115295
298.2402554988176
300.5415944590698
311.2093346929041
321.1872506809696
333.3650401586825
339.42193506018435
347.6294722833494
349.8760494803838
356.7635771768189
358.0195525386847
347.89941074971654
339.3287491504367
333.73642294481436
333.63602922945836
337.8179983363823
341.1982561502916
341.1000586338267
336.83861120720707
336.357324879361
326.24262443770283
330.6875413437888
332.5180446231452
333.43852506871485
336.03757230405057
335.9825144259743
334.8824420598966
336.79110736478776
338.8779278737404
341.8746115171467
331.9883281080827
329.0490085078513
328.9927810758163
328.7571292002654
323.2615040489665
323.05572274763995
319.100297712177
317.1907943178679
308.60371028229713
304.5804491427511
298.52679946698254
292.50683752692004
293.5017035725687
292.51538421081375
284.50175746381603
279.50715554346726
272.56604704181336
270.5166353479948
