3.1622776601683795
4.47213595499958
5.522680508593631
5.70087712549569
6.324555320336759
4.47213595499958
5.385164807134504
5.385164807134504
4.6097722286464435
4.6097722286464435
4.6097722286464435
5.5901699437494745
5.5901699437494745
5.5
5.024937810560445
5.024937810560445
5.024937810560445
5.70087712549569
5.220153254455275
6.18465843842649
3.5355339059327378
4.031128874149275
3.5355339059327378
2.9154759474226504
3.8078865529319543
3.3541019662496847
3.8078865529319543
4.272001872658765
4.272001872658765
3.3541019662496847
4.272001872658765
3.905124837953327
3.905124837953327
3.905124837953327
3.905124837953327
4.272001872658765
3.3541019662496847
4.716990566028302
3.905124837953327
4.716990566028302
4.716990566028302
4.716990566028302
4.716990566028302
4.716990566028302
5.220153254455275
4.924428900898052
4.031128874149275
6.020797289396148
5.5901699437494745
4.47213595499958
6.020797289396148
6.020797289396148
5.315072906367325
5.315072906367325
4.6097722286464435
5.315072906367325
5.315072906367325
7.615773105863909
5.656854249492381
5.0
5.315072906367325
6.946221994724902
3.5355339059327378
3.5355339059327378
4.031128874149275
3.905124837953327
4.031128874149275
5.220153254455275
5.852349955359813
4.242640687119285
5.315072906367325
6.96419413859206
4.924428900898052
4.924428900898052
5.852349955359813
6.082762530298219
5.852349955359813
6.264982043070834
6.264982043070834
6.264982043070834
6.264982043070834
5.315072906367325
3.5355339059327378
3.2015621187164243
4.6097722286464435
4.031128874149275
3.3541019662496847
3.905124837953327
4.6097722286464435
3.0413812651491097
2.5495097567963922
3.5
3.5355339059327378
4.272001872658765
2.23606797749979
3.1622776601683795
3.605551275463989
3.0
4.47213595499958
6.082762530298219
7.0
1.8027756377319946
3.2015621187164243
4.5
3.5355339059327378
4.301162633521313
2.23606797749979
7.566372975210778
5.5901699437494745
4.031128874149275
8.0156097709407
4.272001872658765
5.0990195135927845
2.5
3.8078865529319543
6.264982043070834
2.23606797749979
5.830951894845301
2.0
7.0
5.0
3.0
1.4142135623730951
0.0
2.23606797749979
1.118033988749895
2.9154759474226504
4.031128874149275
4.924428900898052
3.2015621187164243
4.031128874149275
3.5355339059327378
6.264982043070834
5.5901699437494745
6.4031242374328485
6.264982043070834
5.315072906367325
5.315072906367325
4.5
3.905124837953327
2.692582403567252
6.800735254367722
5.70087712549569
1.118033988749895
1.8027756377319946
3.3541019662496847
1.0
1.0
2.5
1.118033988749895
1.8027756377319946
1.0
3.0413812651491097
3.0413812651491097
4.272001872658765
3.2015621187164243
3.0413812651491097
3.3541019662496847
2.5
3.8078865529319543
2.0615528128088303
2.5
2.5
1.118033988749895
3.0413812651491097
3.5
1.5811388300841898
4.527692569068709
2.5
1.0
1.0
1.5
1.118033988749895
2.0615528128088303
1.118033988749895
1.118033988749895
0.5
3.1622776601683795
0.7071067811865476
2.1213203435596424
1.5811388300841898
3.2015621187164243
2.0615528128088303
3.1622776601683795
2.5
4.743416490252569
3.5
2.9154759474226504
4.301162633521313
4.301162633521313
3.0
3.905124837953327
4.301162633521313
2.5
4.47213595499958
4.0
4.272001872658765
4.031128874149275
3.0413812651491097
5.024937810560445
4.031128874149275
3.0413812651491097
5.5901699437494745
3.5355339059327378
2.5495097567963922
4.6097722286464435
4.5
4.6097722286464435
4.924428900898052
3.640054944640259
2.0615528128088303
4.031128874149275
0.5
2.5
2.9154759474226504
2.1213203435596424
4.924428900898052
1.8027756377319946
3.2015621187164243
4.6097722286464435
3.3541019662496847
3.2015621187164243
3.8078865529319543
3.640054944640259
2.5
3.0413812651491097
4.6097722286464435
3.5355339059327378
3.5355339059327378
4.5
5.522680508593631
5.852349955359813
4.5
4.527692569068709
6.5
7.648529270389178
7.5
6.670832032063167
5.5901699437494745
8.514693182963201
8.0
5.0990195135927845
5.024937810560445
6.708203932499369
6.041522986797286
6.324555320336759
6.96419413859206
7.516648189186454
6.670832032063167
9.013878188659973
5.522680508593631
2.9154759474226504
6.5
7.5
2.5
6.264982043070834
5.5901699437494745
3.5
5.522680508593631
4.743416490252569
3.5
6.519202405202649
6.020797289396148
6.946221994724902
5.0990195135927845
8.139410298049853
8.0
5.385164807134504
8.0156097709407
6.18465843842649
7.0178344238090995
6.020797289396148
9.12414379544733
9.5524865872714
9.617692030835672
12.539936203984453
9.513148795220223
9.82344135219425
11.510864433221338
12.010412149464313
12.041594578792296
13.038404810405298
13.729530217745982
14.807092894960848
10.51189802081432
10.816653826391969
16.00781059358212
22.20923231451281
22.610838109190027
28.429737951659
32.33032632065442
37.606515392947536
38.66846260197062
40.078048854703496
40.67247226319049
44.206899913927465
45.254833995939045
43.15669125408017
45.069390943299865
46.861498055439924
47.38143096192854
46.66904755831214
49.51767361255979
48.83646178829912
49.1553659329274
49.145193050795925
51.61879502661797
48.87228253314961
52.55949010407159
52.73755777432247
50.93132631298737
50.93132631298737
54.037024344425184
53.10602602341847
54.50917353987308
53.723830838837245
50.44799302251776
49.81214711292819
48.023431780746364
46.47848964843845
44.51123453691214
44.701789673345296
43.55743334954437
42.78142120126446
40.67247226319049
36.76955262170047
37.48332962798263
36.5
36.62308015445998
37.406550228536176
37.90118731649445
35.70014005574768
33.97793401606401
34.677081768799404
38.4252521136817
36.89173349139343
37.64306044943742
39.408120990476064
38.58756276314948
38.8329756778952
43.9089968002003
43.22614949310197
42.573465914816005
44.79397280885008
43.41082814229648
45.63441683641854
48.19232304008596
49.39635614091387
45.65084884205331
48.30113870293329
48.877397639399746
46.52956049652737
50.08991914547278
51.42956348249516
53.71219600798314
50.08991914547278
54.230987451824994
53.96758286230726
57.578207683115664
56.360447123847415
56.360447123847415
