138 113 51 36
136 114 51 36
135 115 51 36
135 116 51 36
135 116 51 36
135 116 51 36
135 116 51 36
135 116 51 36
135 116 51 36
135 116 51 36
135 116 51 36
133 116 51 36
133 116 51 36
132 115 51 36
132 115 51 36
132 115 51 36
132 114 51 36
132 114 51 36
132 113 51 36
132 112 51 36
132 112 51 36
132 111 51 36
132 111 51 36
132 111 51 36
132 110 51 36
133 109 51 36
133 109 51 36
134 109 51 36
134 108 51 36
135 108 51 36
136 107 51 36
136 107 51 36
137 107 51 36
138 107 51 36
138 107 51 36
140 107 51 36
142 106 51 36
144 105 51 36
146 105 51 36
149 105 51 36
152 105 51 36
155 105 51 36
158 106 51 36
160 107 51 36
163 109 51 36
165 110 51 36
166 111 51 36
168 110 51 36
170 109 51 36
172 107 51 36
175 105 51 36
177 103 51 36
179 102 51 36
180 101 51 36
181 100 51 36
181 99 51 36
182 98 51 36
183 98 51 36
184 98 51 36
185 98 51 36
186 99 51 36
186 100 51 36
187 100 51 36
187 101 51 36
187 101 51 36
186 101 51 36
186 101 51 36
186 101 51 36
186 101 51 36
186 101 51 36
186 101 51 36
186 101 51 36
185 101 51 36
184 101 51 36
183 101 51 36
182 101 51 36
181 101 51 36
180 101 51 36
179 100 51 36
178 100 51 36
177 99 51 36
176 99 51 36
175 98 51 36
174 98 51 36
173 98 51 36
172 98 51 36
171 98 51 36
170 97 51 36
170 97 51 36
169 98 51 36
169 98 51 36
168 99 51 36
167 99 51 36
167 99 51 36
166 99 51 36
166 100 51 36
166 101 51 36
166 102 51 36
166 102 51 36
166 102 51 36
165 102 51 36
165 101 51 36
164 100 51 36
163 100 51 36
163 101 51 36
163 101 51 36
162 102 51 36
162 102 51 36
161 101 51 36
160 102 51 36
160 102 51 36
160 102 51 36
160 102 51 36
159 102 51 36
159 101 51 36
159 101 51 36
159 100 51 36
159 99 51 36
159 99 51 36
159 98 51 36
159 97 51 36
159 96 51 36
159 94 51 36
159 93 51 36
159 92 51 36
159 90 51 36
159 90 51 36
159 90 51 36
159 89 51 36
159 89 51 36
160 88 51 36
160 89 51 36
160 90 51 36
160 89 51 36
161 88 51 36
161 88 51 36
161 88 51 36
162 87 51 36
162 86 51 36
162 85 51 36
163 85 51 36
163 85 51 36
163 84 51 36
163 84 51 36
163 84 51 36
163 83 51 36
163 83 51 36
163 83 51 36
163 83 51 36
163 83 51 36
162 83 51 36
162 83 51 36
162 83 51 36
163 82 51 36
163 81 51 36
163 81 51 36
164 81 51 36
164 81 51 36
164 81 51 36
164 81 51 36
164 81 51 36
164 81 51 36
164 81 51 36
164 81 51 36
164 80 51 36
164 80 51 36
164 80 51 36
164 80 51 36
164 80 51 36
164 80 51 36
164 83 51 36
164 85 51 36
164 85 51 36
164 85 51 36
164 85 51 36
164 88 51 36
164 88 51 36
164 89 51 36
164 89 51 36
164 89 51 36
164 91 51 36
164 92 51 36
164 93 51 36
164 94 51 36
165 95 51 36
165 96 51 36
166 96 51 36
166 96 51 36
166 97 51 36
166 98 51 36
167 97 51 36
167 98 51 36
167 99 51 36
167 100 51 36
168 100 51 36
168 101 51 36
168 102 51 36
168 102 51 36
168 103 51 36
168 104 51 36
168 104 51 36
168 105 51 36
169 107 51 36
169 108 51 36
169 109 51 36
169 111 51 36
169 111 51 36
170 112 51 36
170 114 51 36
170 115 51 36
170 116 51 36
170 117 51 36
170 119 51 36
170 120 51 36
170 121 51 36
170 123 51 36
170 125 51 36
170 127 51 36
170 129 51 36
170 131 51 36
170 132 51 36
170 133 51 36
170 134 51 36
170 135 51 36
170 135 51 36
170 136 51 36
169 136 51 36
170 137 51 36
169 137 51 36
170 138 51 36
169 138 51 36
169 138 51 36
169 138 51 36
170 139 51 36
170 139 51 36
170 139 51 36
169 138 51 36
169 137 51 36
169 136 51 36
169 135 51 36
168 133 51 36
168 130 51 36
167 128 51 36
167 125 51 36
166 122 51 36
166 120 51 36
166 118 51 36
166 117 51 36
166 115 51 36
166 114 51 36
166 113 51 36
166 112 51 36
166 112 51 36
166 111 51 36
166 111 51 36
165 110 51 36
164 109 51 36
163 108 51 36
161 108 51 36
160 107 51 36
159 106 51 36
158 105 51 36
158 103 51 36
158 102 51 36
158 101 51 36
158 100 51 36
158 98 51 36
158 97 51 36
157 96 51 36
157 95 51 36
157 94 51 36
157 94 51 36
157 94 51 36
158 94 51 36
158 94 51 36
159 94 51 36
159 94 51 36
159 93 51 36
160 93 51 36
161 93 51 36
162 93 51 36
161 93 51 36
161 93 51 36
161 93 51 36
161 93 51 36
162 93 51 36
162 93 51 36
162 93 51 36
162 93 51 36
162 93 51 36
162 93 51 36
162 93 51 36
162 93 51 36
161 93 51 36
161 93 51 36
161 94 51 36
160 94 51 36
160 94 51 36
161 95 51 36
161 95 51 36
161 95 51 36
161 95 51 36
162 95 51 36
162 95 51 36
162 95 51 36
163 94 51 36
163 94 51 36
163 94 51 36
163 93 51 36
164 93 51 36
165 92 51 36
165 92 51 36
165 92 51 36
165 92 51 36
165 92 51 36
165 92 51 36
165 92 51 36
165 92 51 36
166 92 51 36
166 92 51 36
167 92 51 36
168 92 51 36
168 91 51 36
169 91 51 36
170 91 51 36
171 91 51 36
171 90 51 36
171 90 51 36
172 91 51 36
172 91 51 36
172 91 51 36
173 91 51 36
173 92 51 36
174 92 51 36
175 92 51 36
175 93 51 36
176 93 51 36
176 93 51 36
177 93 51 36
177 93 51 36
177 93 51 36
177 92 51 36
177 93 51 36
177 93 51 36
177 93 51 36
177 93 51 36
176 93 51 36
176 94 51 36
176 94 51 36
176 94 51 36
177 95 51 36
177 95 51 36
177 95 51 36
177 95 51 36
177 95 51 36
177 95 51 36
177 95 51 36
178 95 51 36
179 95 51 36
179 95 51 36
180 95 51 36
180 94 51 36
180 94 51 36
181 94 51 36
181 94 51 36
181 94 51 36
182 94 51 36
183 94 51 36
183 94 51 36
184 94 51 36
184 94 51 36
185 94 51 36
185 94 51 36
185 94 51 36
186 94 51 36
186 94 51 36
187 94 51 36
187 94 51 36
187 94 51 36
188 95 51 36
188 95 51 36
188 95 51 36
188 95 51 36
188 95 51 36
189 95 51 36
189 96 51 36
190 96 51 36
190 96 51 36
190 96 51 36
190 96 51 36
190 96 51 36
190 96 51 36
190 96 51 36
190 96 51 36
190 96 51 36
190 96 51 36
190 96 51 36
190 96 51 36
190 96 51 36
190 96 51 36
190 96 51 36
191 96 51 36
191 96 51 36
191 96 51 36
191 96 51 36
191 96 51 36
191 96 51 36
191 96 51 36
191 96 51 36
191 96 51 36
191 96 51 36
191 96 51 36
191 96 51 36
191 96 51 36
191 96 51 36
191 96 51 36
191 96 51 36
191 96 51 36
191 96 51 36
191 96 51 36
192 95 51 36
191 95 51 36
191 95 51 36
191 95 51 36
191 95 51 36
191 95 51 36
192 95 51 36
192 95 51 36
192 95 51 36
192 95 51 36
193 95 51 36
193 95 51 36
194 95 51 36
195 95 51 36
195 95 51 36
195 95 51 36
195 95 51 36
194 95 51 36
193 95 51 36
192 95 51 36
191 95 51 36
190 95 51 36
188 95 51 36
187 95 51 36
186 95 51 36
185 95 51 36
185 95 51 36
185 95 51 36
184 96 51 36
184 96 51 36
183 96 51 36
183 96 51 36
182 96 51 36
182 96 51 36
181 96 51 36
181 96 51 36
181 96 51 36
180 96 51 36
180 96 51 36
180 97 51 36
179 97 51 36
179 97 51 36
180 97 51 36
180 97 51 36
180 97 51 36
180 97 51 36
181 97 51 36
181 97 51 36
182 97 51 36
182 98 51 36
183 98 51 36
184 98 51 36
185 98 51 36
186 98 51 36
187 98 51 36
188 99 51 36
188 99 51 36
188 99 51 36
189 99 51 36
190 99 51 36
191 99 51 36
192 100 51 36
193 99 51 36
194 99 51 36
195 99 51 36
196 99 51 36
197 99 51 36
198 99 51 36
199 99 51 36
200 99 51 36
201 99 51 36
202 98 51 36
204 98 51 36
205 98 51 36
205 99 51 36
206 99 51 36
206 99 51 36
207 100 51 36
206 100 51 36
206 100 51 36
205 100 51 36
204 100 51 36
203 100 51 36
201 100 51 36
200 100 51 36
198 100 51 36
196 100 51 36
195 100 51 36
193 100 51 36
192 100 51 36
191 100 51 36
190 100 51 36
189 100 51 36
188 100 51 36
187 100 51 36
187 99 51 36
186 99 51 36
186 98 51 36
186 98 51 36
186 98 51 36
186 98 51 36
186 98 51 36
185 99 51 36
185 98 51 36
184 98 51 36
184 97 51 36
183 97 51 36
183 95 51 36
182 95 51 36
182 94 51 36
182 92 51 36
182 92 51 36
182 91 51 36
181 91 51 36
181 91 51 36
181 91 51 36
181 91 51 36
181 91 51 36
181 91 51 36
182 90 51 36
182 90 51 36
182 90 51 36
182 90 51 36
182 90 51 36
182 89 51 36
182 89 51 36
182 89 51 36
182 89 51 36
182 90 51 36
182 91 51 36
182 92 51 36
182 93 51 36
182 94 51 36
182 96 51 36
182 97 51 36
182 98 51 36
182 99 51 36
182 100 51 36
182 101 51 36
181 102 51 36
181 104 51 36
181 105 51 36
181 104 51 36
181 105 51 36
181 106 51 36
180 108 51 36
180 109 51 36
180 111 51 36
179 113 51 36
179 115 51 36
178 118 51 36
177 121 51 36
176 124 51 36
175 125 51 36
175 127 51 36
174 129 51 36
173 131 51 36
173 132 51 36
172 133 51 36
171 133 51 36
170 133 51 36
169 133 51 36
168 132 51 36
168 131 51 36
167 130 51 36
166 129 51 36
165 128 51 36
164 127 51 36
164 127 51 36
164 126 51 36
164 125 51 36
164 124 51 36
164 124 51 36
164 124 51 36
165 126 51 36
165 127 51 36
165 126 51 36
164 124 51 36
163 120 51 36
160 117 51 36
157 115 51 36
154 115 51 36
153 116 51 36
154 117 51 36
154 118 51 36
155 120 51 36
157 121 51 36
158 123 51 36
159 123 51 36
159 123 51 36
159 122 51 36
159 120 51 36
158 117 51 36
158 114 51 36
157 112 51 36
156 110 51 36
155 109 51 36
154 109 51 36
154 108 51 36
153 108 51 36
152 108 51 36
151 109 51 36
151 108 51 36
150 107 51 36
149 106 51 36
148 105 51 36
148 104 51 36
148 102 51 36
148 101 51 36
149 101 51 36
150 101 51 36
150 103 51 36
149 105 51 36
148 104 51 36
148 104 51 36
148 103 51 36
147 102 51 36
146 100 51 36
145 99 51 36
144 97 51 36
144 96 51 36
145 97 51 36
146 98 51 36
146 101 51 36
146 103 51 36
145 105 51 36
144 105 51 36
144 105 51 36
144 105 51 36
144 105 51 36
143 105 51 36
142 104 51 36
142 102 51 36
142 100 51 36
142 101 51 36
144 103 51 36
145 103 51 36
146 104 51 36
149 105 51 36
151 106 51 36
152 106 51 36
151 107 51 36
150 107 51 36
149 107 51 36
148 105 51 36
146 105 51 36
144 105 51 36
141 106 51 36
139 109 51 36
137 112 51 36
136 113 51 36
137 114 51 36
138 114 51 36
138 114 51 36
137 114 51 36
136 114 51 36
136 114 51 36
138 112 51 36
140 111 51 36
141 110 51 36
142 111 51 36
144 111 51 36
147 111 51 36
150 110 51 36
152 110 51 36
153 110 51 36
152 109 51 36
149 108 51 36
145 108 51 36
142 109 51 36
139 111 51 36
137 114 51 36
137 116 51 36
138 117 51 36
138 118 51 36
137 119 51 36
135 119 51 36
133 120 51 36
132 121 51 36
132 121 51 36
133 120 51 36
135 118 51 36
136 116 51 36
135 115 51 36
134 113 51 36
132 111 51 36
130 109 51 36
127 107 51 36
123 105 51 36
118 103 51 36
113 102 51 36
107 102 51 36
103 102 51 36
102 100 51 36
102 99 51 36
103 98 51 36
104 98 51 36
103 98 51 36
102 98 51 36
101 98 51 36
101 98 51 36
102 97 51 36
103 97 51 36
103 97 51 36
103 97 51 36
103 98 51 36
103 98 51 36
103 98 51 36
101 98 51 36
97 97 51 36
93 98 51 36
88 98 51 36
82 98 51 36
78 98 51 36
77 98 51 36
79 98 51 36
84 100 51 36
93 101 51 36
103 104 51 36
110 107 51 36
113 109 51 36
113 109 51 36
109 110 51 36
105 109 51 36
102 108 51 36
101 107 51 36
102 107 51 36
103 107 51 36
106 108 51 36
110 109 51 36
113 110 51 36
116 110 51 36
119 110 51 36
123 109 51 36
128 109 51 36
134 111 51 36
140 112 51 36
143 112 51 36
144 112 51 36
145 111 51 36
144 111 51 36
144 111 51 36
147 110 51 36
152 108 51 36
160 107 51 36
168 107 51 36
174 108 51 36
179 109 51 36
183 109 51 36
187 110 51 36
191 111 51 36
196 112 51 36
200 113 51 36
205 114 51 36
209 115 51 36
212 115 51 36
217 115 51 36
221 115 51 36
225 114 51 36
229 114 51 36
232 113 51 36
235 112 51 36
238 112 51 36
240 112 51 36
242 113 51 36
243 113 51 36
243 112 51 36
243 112 51 36
243 112 51 36
243 112 51 36
243 111 51 36
243 111 51 36
243 111 51 36
242 112 51 36
240 112 51 36
237 112 51 36
232 111 51 36
227 110 51 36
224 109 51 36
222 107 51 36
221 107 51 36
223 110 51 36
223 112 51 36
221 114 51 36
216 113 51 36
211 112 51 36
205 111 51 36
199 109 51 36
193 109 51 36
188 108 51 36
184 107 51 36
180 107 51 36
177 107 51 36
172 106 51 36
168 106 51 36
164 106 51 36
160 105 51 36
157 105 51 36
154 105 51 36
151 106 51 36
148 106 51 36
145 106 51 36
143 107 51 36
141 108 51 36
139 108 51 36
138 110 51 36
136 112 51 36
134 112 51 36
132 113 51 36
130 113 51 36
129 112 51 36
126 110 51 36
125 110 51 36
121 110 51 36
119 110 51 36
117 110 51 36
120 110 51 36
118 107 51 36
119 106 51 36
121 106 51 36
121 107 51 36
123 111 51 36
123 114 51 36
122 118 51 36
121 121 51 36
119 123 51 36
118 124 51 36
117 123 51 36
117 118 51 36
118 112 51 36
119 106 51 36
120 100 51 36
120 95 51 36
121 91 51 36
122 89 51 36
125 89 51 36
129 92 51 36
131 95 51 36
132 101 51 36
132 108 51 36
130 114 51 36
129 118 51 36
129 120 51 36
128 119 51 36
128 117 51 36
128 114 51 36
127 111 51 36
127 108 51 36
127 102 51 36
128 97 51 36
128 92 51 36
128 88 51 36
129 87 51 36
130 88 51 36
132 92 51 36
135 98 51 36
139 104 51 36
142 108 51 36
144 109 51 36
145 108 51 36
146 105 51 36
146 101 51 36
146 97 51 36
146 93 51 36
146 90 51 36
145 89 51 36
144 87 51 36
144 86 51 36
143 85 51 36
144 83 51 36
143 79 51 36
143 77 51 36
142 77 51 36
142 78 51 36
144 81 51 36
145 85 51 36
146 92 51 36
147 99 51 36
149 104 51 36
150 107 51 36
149 108 51 36
148 106 51 36
148 103 51 36
148 100 51 36
149 96 51 36
149 93 51 36
151 90 51 36
150 86 51 36
151 82 51 36
151 80 51 36
151 82 51 36
151 85 51 36
151 91 51 36
151 102 51 36
150 115 51 36
148 127 51 36
148 133 51 36
148 133 51 36
146 128 51 36
145 121 51 36
143 114 51 36
143 104 51 36
144 95 51 36
144 88 51 36
145 83 51 36
145 81 51 36
145 83 51 36
143 87 51 36
141 96 51 36
139 107 51 36
137 120 51 36
136 131 51 36
135 138 51 36
134 139 51 36
132 133 51 36
131 122 51 36
130 110 51 36
129 99 51 36
128 90 51 36
127 84 51 36
125 83 51 36
123 87 51 36
122 95 51 36
121 107 51 36
121 121 51 36
121 131 51 36
121 134 51 36
119 131 51 36
118 122 51 36
119 109 51 36
123 96 51 36
124 85 51 36
124 76 51 36
124 70 51 36
123 66 51 36
121 65 51 36
120 68 51 36
119 74 51 36
117 85 51 36
116 97 51 36
114 111 51 36
113 123 51 36
112 131 51 36
110 133 51 36
109 127 51 36
109 118 51 36
110 106 51 36
111 94 51 36
112 83 51 36
113 74 51 36
114 68 51 36
114 66 51 36
113 69 51 36
113 77 51 36
113 91 51 36
113 108 51 36
111 125 51 36
109 140 51 36
107 150 51 36
105 152 51 36
104 146 51 36
104 134 51 36
107 120 51 36
111 105 51 36
115 91 51 36
118 81 51 36
120 75 51 36
121 74 51 36
121 78 51 36
121 88 51 36
121 104 51 36
121 121 51 36
121 137 51 36
120 149 51 36
118 154 51 36
116 148 51 36
117 136 51 36
119 120 51 36
122 103 51 36
125 86 51 36
127 73 51 36
128 64 51 36
128 61 51 36
127 63 51 36
126 71 51 36
125 85 51 36
123 102 51 36
121 118 51 36
118 129 51 36
116 131 51 36
114 126 51 36
114 115 51 36
115 100 51 36
117 83 51 36
120 69 51 36
122 58 51 36
124 51 51 36
125 48 51 36
125 50 51 36
126 56 51 36
124 68 51 36
123 85 51 36
124 104 51 36
124 122 51 36
123 135 51 36
124 140 51 36
124 139 51 36
125 129 51 36
126 115 51 36
128 101 51 36
128 89 51 36
128 80 51 36
129 75 51 36
130 75 51 36
131 81 51 36
132 93 51 36
132 108 51 36
131 123 51 36
129 132 51 36
128 133 51 36
127 126 51 36
127 116 51 36
129 104 51 36
130 94 51 36
131 85 51 36
133 79 51 36
133 80 51 36
133 86 51 36
133 99 51 36
130 121 51 36
128 138 51 36
126 144 51 36
125 138 51 36
125 126 51 36
127 115 51 36
130 101 51 36
136 85 51 36
140 72 51 36
143 63 51 36
145 58 51 36
147 59 51 36
149 65 51 36
150 75 51 36
150 85 51 36
150 93 51 36
151 99 51 36
153 98 51 36
155 92 51 36
157 83 51 36
159 73 51 36
162 64 51 36
164 56 51 36
167 53 51 36
170 54 51 36
172 60 51 36
172 70 51 36
172 85 51 36
172 100 51 36
171 114 51 36
169 122 51 36
168 124 51 36
169 117 51 36
171 105 51 36
174 92 51 36
178 80 51 36
181 69 51 36
184 60 51 36
185 54 51 36
186 52 51 36
187 55 51 36
188 62 51 36
188 73 51 36
190 88 51 36
193 105 51 36
194 118 51 36
193 126 51 36
192 125 51 36
192 118 51 36
192 106 51 36
193 92 51 36
194 78 51 36
196 67 51 36
197 58 51 36
198 53 51 36
198 51 51 36
198 53 51 36
197 58 51 36
196 67 51 36
196 80 51 36
195 95 51 36
197 108 51 36
197 118 51 36
196 122 51 36
195 120 51 36
193 113 51 36
192 104 51 36
192 93 51 36
192 83 51 36
192 74 51 36
192 68 51 36
191 64 51 36
191 63 51 36
190 65 51 36
189 70 51 36
188 78 51 36
188 87 51 36
188 98 51 36
188 107 51 36
187 111 51 36
186 111 51 36
185 107 51 36
184 100 51 36
184 92 51 36
184 83 51 36
185 77 51 36
185 73 51 36
185 73 51 36
186 77 51 36
186 85 51 36
186 95 51 36
186 106 51 36
186 116 51 36
185 122 51 36
185 124 51 36
185 120 51 36
186 113 51 36
187 106 51 36
190 99 51 36
192 93 51 36
194 88 51 36
196 85 51 36
197 84 51 36
197 86 51 36
197 90 51 36
197 96 51 36
197 103 51 36
198 110 51 36
198 114 51 36
197 114 51 36
195 110 51 36
195 103 51 36
195 96 51 36
195 90 51 36
196 86 51 36
196 84 51 36
196 85 51 36
196 88 51 36
196 92 51 36
197 98 51 36
198 104 51 36
198 108 51 36
197 109 51 36
195 107 51 36
194 103 51 36
193 99 51 36
192 95 51 36
191 94 51 36
189 94 51 36
187 95 51 36
183 97 51 36
180 98 51 36
177 100 51 36
176 102 51 36
179 104 51 36
184 106 51 36
190 108 51 36
198 109 51 36
205 111 51 36
211 112 51 36
217 114 51 36
223 117 51 36
228 120 51 36
232 121 51 36
236 123 51 36
238 124 51 36
239 125 51 36
238 125 51 36
236 125 51 36
233 124 51 36
230 124 51 36
227 123 51 36
223 122 51 36
219 121 51 36
215 119 51 36
210 118 51 36
206 116 51 36
202 115 51 36
197 114 51 36
193 112 51 36
188 110 51 36
184 108 51 36
180 106 51 36
177 105 51 36
173 103 51 36
170 101 51 36
167 100 51 36
165 98 51 36
163 97 51 36
162 96 51 36
161 96 51 36
161 96 51 36
160 96 51 36
160 96 51 36
159 96 51 36
159 97 51 36
159 97 51 36
159 97 51 36
160 98 51 36
160 98 51 36
161 99 51 36
162 100 51 36
163 101 51 36
165 101 51 36
167 102 51 36
168 104 51 36
169 105 51 36
171 107 51 36
173 110 51 36
175 111 51 36
178 113 51 36
180 114 51 36
182 116 51 36
183 118 51 36
185 120 51 36
187 122 51 36
188 123 51 36
190 124 51 36
192 126 51 36
194 127 51 36
195 128 51 36
197 129 51 36
199 130 51 36
200 131 51 36
201 131 51 36
202 130 51 36
204 130 51 36
205 129 51 36
207 128 51 36
209 128 51 36
210 128 51 36
211 127 51 36
213 127 51 36
214 128 51 36
215 128 51 36
216 129 51 36
217 129 51 36
217 130 51 36
217 131 51 36
218 132 51 36
218 133 51 36
218 133 51 36
219 132 51 36
219 131 51 36
219 131 51 36
219 130 51 36
218 130 51 36
219 129 51 36
221 127 51 36
221 125 51 36
221 123 51 36
221 122 51 36
221 121 51 36
221 121 51 36
221 121 51 36
221 121 51 36
221 122 51 36
221 122 51 36
220 123 51 36
220 123 51 36
219 123 51 36
218 123 51 36
219 124 51 36
221 124 51 36
223 124 51 36
224 124 51 36
224 124 51 36
223 124 51 36
221 124 51 36
218 124 51 36
215 125 51 36
211 125 51 36
207 125 51 36
204 125 51 36
201 124 51 36
198 124 51 36
196 124 51 36
195 124 51 36
194 124 51 36
193 124 51 36
192 124 51 36
192 124 51 36
192 125 51 36
192 125 51 36
192 125 51 36
193 125 51 36
193 125 51 36
194 125 51 36
195 125 51 36
195 124 51 36
196 124 51 36
196 123 51 36
196 124 51 36
198 124 51 36
200 125 51 36
201 128 51 36
202 130 51 36
202 133 51 36
202 136 51 36
202 138 51 36
201 140 51 36
201 141 51 36
201 142 51 36
201 142 51 36
202 142 51 36
204 142 51 36
205 141 51 36
207 141 51 36
208 142 51 36
209 142 51 36
211 142 51 36
212 142 51 36
212 141 51 36
213 141 51 36
215 142 51 36
217 144 51 36
218 147 51 36
217 152 51 36
213 161 51 36
208 175 51 36
