133 111 51 36
133 112 51 36
133 114 51 36
132 115 51 36
132 116 51 36
132 116 51 36
132 117 51 36
132 117 51 36
132 117 51 36
132 117 51 36
132 117 51 36
130 116 51 36
130 117 51 36
130 116 51 36
129 116 51 36
129 115 51 36
129 115 51 36
129 114 51 36
129 114 51 36
129 113 51 36
129 113 51 36
129 112 51 36
130 111 51 36
130 111 51 36
130 110 51 36
130 110 51 36
131 109 51 36
131 109 51 36
132 108 51 36
133 107 51 36
133 107 51 36
134 107 51 36
135 106 51 36
135 106 51 36
136 106 51 36
137 106 51 36
140 105 51 36
142 104 51 36
144 103 51 36
146 103 51 36
150 103 51 36
153 103 51 36
156 104 51 36
158 105 51 36
161 106 51 36
163 107 51 36
164 108 51 36
165 108 51 36
168 106 51 36
170 105 51 36
172 103 51 36
174 101 51 36
176 100 51 36
178 99 51 36
178 98 51 36
179 97 51 36
180 96 51 36
181 95 51 36
182 95 51 36
183 96 51 36
184 97 51 36
184 97 51 36
185 98 51 36
185 99 51 36
185 99 51 36
184 99 51 36
184 99 51 36
184 100 51 36
184 100 51 36
184 100 51 36
184 100 51 36
184 100 51 36
183 100 51 36
182 100 51 36
181 100 51 36
180 100 51 36
179 100 51 36
178 100 51 36
177 99 51 36
176 99 51 36
175 98 51 36
174 98 51 36
173 97 51 36
172 97 51 36
170 97 51 36
169 97 51 36
168 97 51 36
168 96 51 36
167 96 51 36
167 97 51 36
166 97 51 36
166 98 51 36
165 98 51 36
165 98 51 36
164 98 51 36
163 99 51 36
163 99 51 36
164 99 51 36
164 100 51 36
164 100 51 36
164 99 51 36
163 99 51 36
162 99 51 36
161 99 51 36
160 99 51 36
160 99 51 36
159 100 51 36
159 100 51 36
159 100 51 36
158 100 51 36
158 100 51 36
158 100 51 36
157 101 51 36
157 100 51 36
156 100 51 36
156 99 51 36
156 99 51 36
156 98 51 36
156 98 51 36
156 97 51 36
156 96 51 36
157 95 51 36
157 93 51 36
157 92 51 36
157 90 51 36
157 89 51 36
157 88 51 36
157 87 51 36
157 86 51 36
157 85 51 36
158 84 51 36
158 83 51 36
158 82 51 36
160 82 51 36
160 82 51 36
161 81 51 36
161 81 51 36
161 80 51 36
161 79 51 36
162 79 51 36
162 78 51 36
163 78 51 36
163 78 51 36
163 77 51 36
163 77 51 36
163 77 51 36
163 76 51 36
163 76 51 36
163 76 51 36
163 76 51 36
162 76 51 36
162 75 51 36
162 75 51 36
162 74 51 36
162 74 51 36
162 74 51 36
162 74 51 36
162 74 51 36
163 74 51 36
163 74 51 36
163 74 51 36
163 74 51 36
163 74 51 36
163 73 51 36
163 73 51 36
163 73 51 36
163 73 51 36
163 73 51 36
163 73 51 36
163 73 51 36
162 75 51 36
163 76 51 36
163 76 51 36
163 76 51 36
163 76 51 36
163 78 51 36
162 78 51 36
162 78 51 36
162 78 51 36
162 78 51 36
162 79 51 36
163 79 51 36
163 80 51 36
163 81 51 36
163 82 51 36
163 83 51 36
164 84 51 36
164 85 51 36
164 88 51 36
164 89 51 36
164 91 51 36
165 92 51 36
165 94 51 36
165 95 51 36
165 96 51 36
165 97 51 36
165 98 51 36
165 99 51 36
165 100 51 36
165 101 51 36
165 102 51 36
165 103 51 36
165 105 51 36
165 106 51 36
166 108 51 36
166 109 51 36
166 110 51 36
167 111 51 36
167 112 51 36
167 113 51 36
167 114 51 36
167 116 51 36
167 117 51 36
167 118 51 36
167 120 51 36
167 122 51 36
167 123 51 36
167 125 51 36
167 127 51 36
167 129 51 36
167 130 51 36
167 132 51 36
167 133 51 36
167 133 51 36
167 134 51 36
167 135 51 36
167 135 51 36
167 136 51 36
167 136 51 36
167 137 51 36
167 137 51 36
167 138 51 36
167 138 51 36
167 138 51 36
167 138 51 36
167 138 51 36
167 137 51 36
167 137 51 36
166 136 51 36
166 134 51 36
166 133 51 36
165 130 51 36
165 127 51 36
164 125 51 36
164 122 51 36
164 120 51 36
163 118 51 36
163 117 51 36
163 115 51 36
163 114 51 36
163 113 51 36
164 112 51 36
163 112 51 36
163 112 51 36
163 111 51 36
162 111 51 36
161 110 51 36
160 109 51 36
159 109 51 36
158 108 51 36
157 107 51 36
156 106 51 36
156 104 51 36
156 103 51 36
156 102 51 36
156 101 51 36
156 99 51 36
156 98 51 36
155 97 51 36
155 96 51 36
156 95 51 36
156 95 51 36
156 95 51 36
156 94 51 36
157 94 51 36
157 94 51 36
157 94 51 36
158 94 51 36
159 93 51 36
160 94 51 36
161 94 51 36
161 94 51 36
161 94 51 36
161 94 51 36
161 93 51 36
161 93 51 36
161 93 51 36
161 93 51 36
161 93 51 36
161 93 51 36
161 93 51 36
161 93 51 36
161 93 51 36
161 94 51 36
161 94 51 36
160 94 51 36
160 94 51 36
160 95 51 36
160 95 51 36
160 95 51 36
160 95 51 36
161 95 51 36
162 95 51 36
162 95 51 36
162 94 51 36
162 94 51 36
162 94 51 36
162 94 51 36
162 93 51 36
163 93 51 36
163 93 51 36
163 93 51 36
164 93 51 36
164 93 51 36
164 93 51 36
164 93 51 36
164 93 51 36
164 93 51 36
164 93 51 36
165 93 51 36
165 93 51 36
166 92 51 36
166 92 51 36
167 91 51 36
168 91 51 36
168 90 51 36
169 90 51 36
169 90 51 36
169 90 51 36
170 90 51 36
170 90 51 36
170 90 51 36
171 90 51 36
171 90 51 36
172 90 51 36
172 90 51 36
173 91 51 36
173 91 51 36
174 91 51 36
174 91 51 36
174 91 51 36
174 91 51 36
174 91 51 36
174 91 51 36
174 91 51 36
174 91 51 36
174 92 51 36
174 92 51 36
174 92 51 36
174 93 51 36
174 93 51 36
174 93 51 36
174 93 51 36
174 93 51 36
175 93 51 36
175 94 51 36
175 94 51 36
176 94 51 36
177 93 51 36
177 93 51 36
177 93 51 36
178 93 51 36
178 93 51 36
179 93 51 36
179 93 51 36
179 93 51 36
180 93 51 36
180 93 51 36
181 93 51 36
181 92 51 36
182 92 51 36
182 92 51 36
183 92 51 36
183 92 51 36
184 92 51 36
184 92 51 36
185 92 51 36
185 92 51 36
185 92 51 36
186 93 51 36
186 93 51 36
186 93 51 36
187 94 51 36
187 94 51 36
187 94 51 36
188 95 51 36
188 95 51 36
188 95 51 36
189 96 51 36
189 96 51 36
189 96 51 36
189 96 51 36
189 96 51 36
190 97 51 36
190 96 51 36
190 96 51 36
190 97 51 36
190 97 51 36
190 97 51 36
190 97 51 36
190 97 51 36
191 97 51 36
191 97 51 36
191 97 51 36
191 97 51 36
191 97 51 36
191 97 51 36
191 97 51 36
191 97 51 36
191 97 51 36
191 97 51 36
191 97 51 36
191 97 51 36
191 97 51 36
191 97 51 36
191 97 51 36
191 97 51 36
191 97 51 36
191 97 51 36
191 97 51 36
192 97 51 36
192 97 51 36
192 97 51 36
192 97 51 36
192 97 51 36
192 97 51 36
192 97 51 36
192 97 51 36
192 97 51 36
192 97 51 36
193 97 51 36
193 97 51 36
194 98 51 36
195 98 51 36
195 98 51 36
194 98 51 36
194 98 51 36
193 97 51 36
192 97 51 36
192 97 51 36
190 96 51 36
189 96 51 36
188 96 51 36
187 96 51 36
186 96 51 36
185 96 51 36
184 96 51 36
183 96 51 36
183 96 51 36
182 96 51 36
182 97 51 36
181 97 51 36
181 97 51 36
180 97 51 36
180 97 51 36
180 97 51 36
179 97 51 36
179 97 51 36
179 97 51 36
179 97 51 36
178 97 51 36
178 97 51 36
178 97 51 36
178 97 51 36
179 97 51 36
179 97 51 36
180 98 51 36
180 98 51 36
181 98 51 36
181 98 51 36
182 98 51 36
183 98 51 36
184 98 51 36
185 99 51 36
186 99 51 36
187 99 51 36
187 99 51 36
188 99 51 36
188 99 51 36
189 99 51 36
190 100 51 36
191 100 51 36
192 100 51 36
193 99 51 36
194 99 51 36
195 99 51 36
196 99 51 36
197 99 51 36
199 99 51 36
200 99 51 36
201 98 51 36
202 98 51 36
204 98 51 36
205 98 51 36
205 97 51 36
206 97 51 36
207 98 51 36
207 98 51 36
207 98 51 36
206 98 51 36
205 98 51 36
204 98 51 36
203 98 51 36
201 98 51 36
199 98 51 36
197 97 51 36
196 97 51 36
193 97 51 36
192 97 51 36
191 97 51 36
189 96 51 36
188 96 51 36
187 95 51 36
186 95 51 36
185 95 51 36
185 94 51 36
184 94 51 36
184 94 51 36
184 94 51 36
184 94 51 36
184 94 51 36
184 94 51 36
183 94 51 36
183 94 51 36
182 93 51 36
182 93 51 36
181 91 51 36
180 90 51 36
180 89 51 36
180 88 51 36
179 86 51 36
179 85 51 36
179 84 51 36
179 83 51 36
179 83 51 36
179 83 51 36
179 82 51 36
179 82 51 36
179 82 51 36
179 81 51 36
179 81 51 36
179 80 51 36
180 79 51 36
180 79 51 36
180 78 51 36
180 77 51 36
180 77 51 36
180 77 51 36
180 77 51 36
180 77 51 36
180 78 51 36
181 79 51 36
181 80 51 36
181 81 51 36
181 83 51 36
181 84 51 36
180 86 51 36
180 87 51 36
180 89 51 36
180 91 51 36
179 93 51 36
179 95 51 36
179 97 51 36
178 100 51 36
178 101 51 36
178 103 51 36
177 105 51 36
177 107 51 36
176 110 51 36
176 112 51 36
175 115 51 36
175 118 51 36
174 121 51 36
174 123 51 36
173 126 51 36
172 128 51 36
172 130 51 36
171 132 51 36
170 133 51 36
169 133 51 36
168 133 51 36
167 133 51 36
166 132 51 36
166 131 51 36
165 130 51 36
164 129 51 36
163 129 51 36
162 128 51 36
162 127 51 36
161 126 51 36
162 125 51 36
162 124 51 36
163 124 51 36
163 124 51 36
164 126 51 36
164 127 51 36
163 126 51 36
163 123 51 36
161 120 51 36
159 117 51 36
155 115 51 36
153 116 51 36
152 117 51 36
152 119 51 36
153 120 51 36
154 121 51 36
155 122 51 36
157 123 51 36
157 124 51 36
157 123 51 36
157 122 51 36
157 120 51 36
156 117 51 36
155 115 51 36
155 113 51 36
154 112 51 36
153 111 51 36
153 110 51 36
152 109 51 36
151 109 51 36
150 109 51 36
150 109 51 36
149 109 51 36
148 108 51 36
147 107 51 36
146 105 51 36
146 104 51 36
146 103 51 36
146 102 51 36
147 102 51 36
148 102 51 36
149 103 51 36
148 104 51 36
147 105 51 36
147 104 51 36
147 103 51 36
146 102 51 36
144 101 51 36
143 99 51 36
142 98 51 36
142 97 51 36
143 97 51 36
144 98 51 36
145 100 51 36
145 102 51 36
144 104 51 36
143 105 51 36
143 105 51 36
143 105 51 36
143 105 51 36
141 105 51 36
141 104 51 36
140 102 51 36
139 101 51 36
140 102 51 36
141 103 51 36
143 104 51 36
145 104 51 36
148 105 51 36
150 106 51 36
151 106 51 36
150 107 51 36
149 107 51 36
148 106 51 36
146 105 51 36
144 104 51 36
142 104 51 36
139 106 51 36
137 108 51 36
135 111 51 36
134 112 51 36
136 113 51 36
137 113 51 36
137 113 51 36
136 113 51 36
135 114 51 36
134 113 51 36
136 111 51 36
139 110 51 36
140 110 51 36
141 110 51 36
143 110 51 36
146 110 51 36
149 109 51 36
151 109 51 36
152 109 51 36
151 109 51 36
148 108 51 36
144 108 51 36
141 109 51 36
138 111 51 36
137 114 51 36
137 116 51 36
138 118 51 36
137 118 51 36
136 119 51 36
135 120 51 36
132 120 51 36
131 121 51 36
130 121 51 36
131 121 51 36
133 120 51 36
133 119 51 36
133 118 51 36
133 116 51 36
131 115 51 36
129 112 51 36
126 110 51 36
121 108 51 36
116 106 51 36
110 104 51 36
105 103 51 36
101 101 51 36
99 100 51 36
100 100 51 36
101 99 51 36
102 99 51 36
102 99 51 36
101 99 51 36
99 99 51 36
99 99 51 36
100 99 51 36
102 98 51 36
102 99 51 36
103 99 51 36
103 100 51 36
103 100 51 36
102 100 51 36
100 99 51 36
96 99 51 36
92 99 51 36
87 98 51 36
80 97 51 36
77 97 51 36
75 97 51 36
77 98 51 36
82 99 51 36
91 101 51 36
102 104 51 36
110 107 51 36
113 109 51 36
112 109 51 36
108 109 51 36
104 108 51 36
101 107 51 36
100 106 51 36
100 106 51 36
102 107 51 36
105 108 51 36
108 109 51 36
111 109 51 36
114 110 51 36
117 109 51 36
121 109 51 36
126 110 51 36
132 112 51 36
137 113 51 36
141 113 51 36
142 112 51 36
142 112 51 36
141 112 51 36
142 112 51 36
144 111 51 36
149 109 51 36
158 108 51 36
166 109 51 36
173 110 51 36
178 111 51 36
182 112 51 36
186 113 51 36
191 115 51 36
195 116 51 36
200 117 51 36
204 118 51 36
208 119 51 36
212 119 51 36
216 119 51 36
220 119 51 36
224 119 51 36
228 118 51 36
232 118 51 36
235 118 51 36
238 118 51 36
240 118 51 36
241 118 51 36
242 119 51 36
243 119 51 36
243 118 51 36
243 118 51 36
243 118 51 36
243 118 51 36
243 117 51 36
243 117 51 36
243 118 51 36
241 118 51 36
237 118 51 36
232 117 51 36
227 116 51 36
223 114 51 36
221 112 51 36
221 112 51 36
222 114 51 36
223 116 51 36
220 118 51 36
216 118 51 36
211 117 51 36
205 116 51 36
199 115 51 36
192 113 51 36
187 112 51 36
183 111 51 36
179 111 51 36
175 111 51 36
171 111 51 36
167 111 51 36
162 110 51 36
159 110 51 36
156 110 51 36
152 110 51 36
149 110 51 36
146 110 51 36
143 110 51 36
141 111 51 36
139 112 51 36
137 112 51 36
135 114 51 36
133 115 51 36
132 116 51 36
130 117 51 36
128 118 51 36
126 116 51 36
124 115 51 36
122 115 51 36
120 115 51 36
118 116 51 36
117 117 51 36
117 115 51 36
118 113 51 36
118 111 51 36
119 111 51 36
120 111 51 36
121 114 51 36
121 119 51 36
121 124 51 36
121 128 51 36
120 130 51 36
119 131 51 36
118 130 51 36
118 126 51 36
118 119 51 36
118 112 51 36
119 106 51 36
119 100 51 36
120 96 51 36
121 94 51 36
124 93 51 36
128 95 51 36
130 99 51 36
131 106 51 36
131 113 51 36
130 120 51 36
129 125 51 36
128 127 51 36
127 126 51 36
127 124 51 36
126 121 51 36
125 118 51 36
125 115 51 36
125 110 51 36
125 104 51 36
126 99 51 36
126 94 51 36
128 93 51 36
129 94 51 36
132 97 51 36
134 104 51 36
137 110 51 36
140 114 51 36
142 115 51 36
143 113 51 36
144 110 51 36
144 106 51 36
145 102 51 36
145 99 51 36
144 96 51 36
143 95 51 36
141 94 51 36
141 93 51 36
140 92 51 36
140 90 51 36
140 86 51 36
140 84 51 36
140 83 51 36
141 84 51 36
143 86 51 36
145 90 51 36
145 98 51 36
147 106 51 36
148 111 51 36
148 115 51 36
147 116 51 36
146 115 51 36
146 112 51 36
146 109 51 36
146 105 51 36
146 101 51 36
147 99 51 36
147 94 51 36
149 89 51 36
150 87 51 36
150 88 51 36
151 92 51 36
151 99 51 36
150 110 51 36
149 123 51 36
148 135 51 36
148 142 51 36
147 142 51 36
146 137 51 36
144 130 51 36
143 122 51 36
142 112 51 36
143 103 51 36
144 96 51 36
145 91 51 36
146 89 51 36
146 90 51 36
145 95 51 36
143 104 51 36
140 115 51 36
138 128 51 36
136 139 51 36
135 146 51 36
133 147 51 36
132 141 51 36
131 130 51 36
130 118 51 36
129 107 51 36
128 98 51 36
127 92 51 36
125 91 51 36
124 95 51 36
123 103 51 36
122 116 51 36
121 129 51 36
121 139 51 36
120 142 51 36
119 139 51 36
118 130 51 36
119 118 51 36
120 105 51 36
122 93 51 36
123 84 51 36
124 78 51 36
122 74 51 36
121 73 51 36
120 75 51 36
119 82 51 36
117 92 51 36
116 105 51 36
114 119 51 36
112 131 51 36
111 139 51 36
110 141 51 36
108 135 51 36
108 126 51 36
109 115 51 36
110 103 51 36
111 92 51 36
112 83 51 36
113 78 51 36
113 76 51 36
112 78 51 36
112 86 51 36
112 100 51 36
111 116 51 36
110 133 51 36
107 147 51 36
105 156 51 36
103 158 51 36
102 152 51 36
102 141 51 36
105 128 51 36
108 113 51 36
112 101 51 36
115 92 51 36
117 86 51 36
118 85 51 36
118 89 51 36
118 98 51 36
119 113 51 36
119 129 51 36
119 144 51 36
117 156 51 36
115 160 51 36
114 154 51 36
115 143 51 36
117 129 51 36
120 112 51 36
123 97 51 36
124 84 51 36
125 75 51 36
125 72 51 36
125 74 51 36
123 82 51 36
123 95 51 36
121 111 51 36
119 126 51 36
117 136 51 36
115 139 51 36
113 133 51 36
112 123 51 36
113 109 51 36
115 93 51 36
118 80 51 36
120 69 51 36
122 62 51 36
123 59 51 36
123 61 51 36
122 68 51 36
121 80 51 36
121 96 51 36
123 115 51 36
122 132 51 36
122 145 51 36
123 151 51 36
123 149 51 36
123 139 51 36
124 125 51 36
126 112 51 36
126 99 51 36
126 90 51 36
127 85 51 36
128 85 51 36
129 91 51 36
130 102 51 36
130 117 51 36
130 133 51 36
128 142 51 36
126 142 51 36
126 136 51 36
125 125 51 36
127 114 51 36
128 104 51 36
129 95 51 36
130 90 51 36
130 90 51 36
130 96 51 36
130 110 51 36
128 130 51 36
126 147 51 36
124 153 51 36
123 147 51 36
124 136 51 36
125 124 51 36
128 111 51 36
132 96 51 36
136 83 51 36
140 74 51 36
142 69 51 36
144 70 51 36
145 75 51 36
147 86 51 36
147 97 51 36
147 106 51 36
149 111 51 36
151 111 51 36
153 104 51 36
155 95 51 36
157 84 51 36
160 73 51 36
163 65 51 36
166 61 51 36
169 62 51 36
171 69 51 36
171 79 51 36
171 94 51 36
171 110 51 36
170 125 51 36
169 135 51 36
168 136 51 36
169 129 51 36
172 117 51 36
175 103 51 36
178 89 51 36
181 77 51 36
183 67 51 36
185 61 51 36
186 59 51 36
187 62 51 36
188 70 51 36
188 82 51 36
190 98 51 36
192 115 51 36
194 130 51 36
193 138 51 36
193 138 51 36
193 130 51 36
192 117 51 36
193 102 51 36
195 87 51 36
197 74 51 36
198 64 51 36
199 58 51 36
199 56 51 36
199 58 51 36
198 64 51 36
198 74 51 36
198 87 51 36
198 103 51 36
198 117 51 36
198 128 51 36
196 132 51 36
195 129 51 36
194 122 51 36
193 112 51 36
193 101 51 36
194 90 51 36
194 81 51 36
194 74 51 36
193 70 51 36
192 69 51 36
192 71 51 36
190 76 51 36
190 84 51 36
190 94 51 36
190 105 51 36
190 114 51 36
189 119 51 36
188 119 51 36
187 114 51 36
186 107 51 36
185 98 51 36
186 90 51 36
186 83 51 36
187 79 51 36
187 79 51 36
187 83 51 36
187 91 51 36
188 102 51 36
187 113 51 36
187 123 51 36
186 130 51 36
186 131 51 36
186 127 51 36
186 120 51 36
188 113 51 36
190 106 51 36
193 99 51 36
195 95 51 36
197 92 51 36
198 91 51 36
199 92 51 36
198 97 51 36
198 104 51 36
198 111 51 36
200 117 51 36
200 122 51 36
199 122 51 36
198 118 51 36
198 111 51 36
198 104 51 36
198 98 51 36
198 93 51 36
198 91 51 36
198 91 51 36
198 93 51 36
199 97 51 36
200 103 51 36
200 109 51 36
200 113 51 36
199 114 51 36
197 111 51 36
196 107 51 36
195 103 51 36
194 99 51 36
193 97 51 36
191 96 51 36
188 97 51 36
184 98 51 36
180 99 51 36
177 101 51 36
177 103 51 36
179 106 51 36
184 108 51 36
191 110 51 36
198 111 51 36
205 112 51 36
212 112 51 36
218 113 51 36
224 115 51 36
229 118 51 36
233 120 51 36
236 122 51 36
238 123 51 36
239 124 51 36
239 124 51 36
238 123 51 36
235 123 51 36
232 122 51 36
229 122 51 36
225 121 51 36
221 119 51 36
217 118 51 36
212 117 51 36
207 116 51 36
203 115 51 36
198 114 51 36
193 113 51 36
188 111 51 36
183 109 51 36
179 107 51 36
175 105 51 36
170 104 51 36
167 102 51 36
165 101 51 36
163 100 51 36
162 99 51 36
161 99 51 36
160 99 51 36
159 99 51 36
159 99 51 36
159 99 51 36
158 99 51 36
158 99 51 36
158 99 51 36
158 100 51 36
159 100 51 36
160 101 51 36
160 101 51 36
161 102 51 36
163 103 51 36
165 104 51 36
167 105 51 36
168 106 51 36
169 107 51 36
171 110 51 36
173 112 51 36
176 114 51 36
177 115 51 36
180 116 51 36
181 118 51 36
183 120 51 36
185 121 51 36
187 123 51 36
188 124 51 36
190 125 51 36
192 126 51 36
194 127 51 36
196 129 51 36
198 129 51 36
199 130 51 36
200 130 51 36
202 130 51 36
202 129 51 36
203 128 51 36
204 126 51 36
207 126 51 36
208 125 51 36
209 125 51 36
210 125 51 36
211 125 51 36
212 125 51 36
213 126 51 36
214 126 51 36
214 127 51 36
215 127 51 36
215 128 51 36
215 129 51 36
216 130 51 36
217 130 51 36
217 129 51 36
218 128 51 36
218 128 51 36
217 128 51 36
217 127 51 36
218 126 51 36
219 124 51 36
220 123 51 36
220 121 51 36
220 120 51 36
220 119 51 36
220 119 51 36
220 119 51 36
220 119 51 36
220 120 51 36
220 120 51 36
219 120 51 36
218 121 51 36
218 121 51 36
217 121 51 36
218 122 51 36
220 122 51 36
221 122 51 36
222 122 51 36
222 122 51 36
221 122 51 36
218 122 51 36
215 122 51 36
211 122 51 36
208 122 51 36
204 122 51 36
201 121 51 36
198 121 51 36
196 121 51 36
194 121 51 36
193 121 51 36
191 121 51 36
190 121 51 36
190 121 51 36
190 121 51 36
190 121 51 36
190 122 51 36
190 122 51 36
191 122 51 36
191 122 51 36
192 122 51 36
193 122 51 36
193 121 51 36
194 121 51 36
194 120 51 36
195 121 51 36
196 121 51 36
198 122 51 36
199 124 51 36
200 127 51 36
200 130 51 36
200 132 51 36
200 134 51 36
200 136 51 36
199 137 51 36
199 138 51 36
198 138 51 36
200 138 51 36
201 138 51 36
203 138 51 36
204 138 51 36
205 138 51 36
207 139 51 36
208 139 51 36
209 139 51 36
209 138 51 36
210 138 51 36
212 139 51 36
214 141 51 36
214 144 51 36
214 149 51 36
211 158 51 36
208 171 51 36
