133 111 51 36
133 112 51 36
133 114 51 36
132 115 51 36
132 116 51 36
132 116 51 36
132 117 51 36
132 117 51 36
132 117 51 36
132 117 51 36
132 117 51 36
130 116 51 36
130 117 51 36
130 116 51 36
129 116 51 36
129 115 51 36
129 115 51 36
129 114 51 36
129 114 51 36
129 113 51 36
129 113 51 36
129 112 51 36
130 111 51 36
130 111 51 36
130 110 51 36
130 110 51 36
131 109 51 36
131 109 51 36
132 108 51 36
133 107 51 36
133 107 51 36
134 107 51 36
135 106 51 36
135 106 51 36
136 106 51 36
137 106 51 36
140 105 51 36
142 104 51 36
144 103 51 36
146 103 51 36
150 103 51 36
153 103 51 36
156 104 51 36
158 105 51 36
161 106 51 36
163 107 51 36
164 108 51 36
165 108 51 36
168 106 51 36
170 105 51 36
172 103 51 36
174 101 51 36
176 100 51 36
178 99 51 36
178 98 51 36
179 97 51 36
180 96 51 36
181 95 51 36
182 95 51 36
183 96 51 36
184 97 51 36
184 97 51 36
185 98 51 36
185 99 51 36
185 99 51 36
184 99 51 36
184 99 51 36
184 100 51 36
184 100 51 36
184 100 51 36
184 100 51 36
184 100 51 36
183 100 51 36
182 100 51 36
181 100 51 36
180 100 51 36
179 100 51 36
178 100 51 36
177 99 51 36
176 99 51 36
175 98 51 36
174 98 51 36
173 97 51 36
172 97 51 36
170 97 51 36
169 97 51 36
168 97 51 36
168 96 51 36
167 96 51 36
167 97 51 36
166 97 51 36
166 98 51 36
165 98 51 36
165 98 51 36
164 98 51 36
163 99 51 36
163 99 51 36
164 99 51 36
164 100 51 36
164 100 51 36
164 99 51 36
163 99 51 36
162 99 51 36
161 99 51 36
160 99 51 36
160 99 51 36
159 100 51 36
159 100 51 36
159 100 51 36
158 100 51 36
158 100 51 36
158 100 51 36
157 101 51 36
157 100 51 36
156 100 51 36
156 99 51 36
156 99 51 36
156 98 51 36
156 98 51 36
156 97 51 36
156 96 51 36
157 95 51 36
157 93 51 36
157 92 51 36
157 90 51 36
157 89 51 36
157 88 51 36
157 87 51 36
157 86 51 36
157 85 51 36
158 84 51 36
158 83 51 36
158 82 51 36
160 82 51 36
160 82 51 36
161 81 51 36
161 81 51 36
161 80 51 36
161 79 51 36
162 79 51 36
162 78 51 36
163 78 51 36
163 78 51 36
163 77 51 36
163 77 51 36
163 77 51 36
163 76 51 36
163 76 51 36
163 76 51 36
163 76 51 36
162 76 51 36
162 75 51 36
162 75 51 36
162 74 51 36
162 74 51 36
162 74 51 36
162 74 51 36
162 74 51 36
163 74 51 36
163 74 51 36
163 74 51 36
163 74 51 36
163 74 51 36
163 73 51 36
163 73 51 36
163 73 51 36
163 73 51 36
163 73 51 36
163 73 51 36
163 73 51 36
162 75 51 36
163 76 51 36
163 76 51 36
163 76 51 36
163 76 51 36
163 78 51 36
162 78 51 36
162 78 51 36
162 78 51 36
162 78 51 36
162 79 51 36
163 79 51 36
163 80 51 36
163 81 51 36
163 82 51 36
163 83 51 36
164 84 51 36
164 85 51 36
164 88 51 36
164 89 51 36
164 91 51 36
165 92 51 36
165 94 51 36
165 95 51 36
165 96 51 36
165 97 51 36
165 98 51 36
165 99 51 36
165 100 51 36
165 101 51 36
165 102 51 36
165 103 51 36
165 105 51 36
165 106 51 36
166 108 51 36
166 109 51 36
166 110 51 36
167 111 51 36
167 112 51 36
167 113 51 36
167 114 51 36
167 116 51 36
167 117 51 36
167 118 51 36
167 120 51 36
167 122 51 36
167 123 51 36
167 125 51 36
167 127 51 36
167 129 51 36
167 130 51 36
167 132 51 36
167 133 51 36
167 133 51 36
167 134 51 36
167 135 51 36
167 135 51 36
167 136 51 36
167 136 51 36
167 137 51 36
167 137 51 36
167 138 51 36
167 138 51 36
167 138 51 36
167 138 51 36
167 138 51 36
167 137 51 36
167 137 51 36
166 136 51 36
166 134 51 36
166 133 51 36
165 130 51 36
165 127 51 36
164 125 51 36
164 122 51 36
164 120 51 36
163 118 51 36
163 117 51 36
163 115 51 36
163 114 51 36
163 113 51 36
164 112 51 36
163 112 51 36
163 112 51 36
163 111 51 36
162 111 51 36
161 110 51 36
160 109 51 36
159 109 51 36
158 108 51 36
157 107 51 36
156 106 51 36
156 104 51 36
156 103 51 36
156 102 51 36
156 101 51 36
156 99 51 36
156 98 51 36
155 97 51 36
155 96 51 36
156 95 51 36
156 95 51 36
156 95 51 36
156 94 51 36
157 94 51 36
157 94 51 36
157 94 51 36
158 94 51 36
159 93 51 36
160 94 51 36
161 94 51 36
161 94 51 36
161 94 51 36
161 94 51 36
161 93 51 36
161 93 51 36
161 93 51 36
161 93 51 36
161 93 51 36
161 93 51 36
161 93 51 36
161 93 51 36
161 93 51 36
161 94 51 36
161 94 51 36
160 94 51 36
160 94 51 36
160 95 51 36
160 95 51 36
