0.500000
1.118034
1.118034
3.640055
0.500000
2.061553
1.500000
2.500000
24.274472
20.718349
22.051077
21.914607
24.150569
22.388613
22.808989
24.824383
24.824383
21.914607
23.307724
22.808989
24.274472
22.610838
26.725456
26.725456
26.196374
21.360009
25.480385
26.725456
25.480385
23.837995
23.837995
27.663152
26.800187
25.675864
27.789386
30.907119
26.967573
28.376927
26.443336
27.408940
27.681221
27.408940
25.985573
25.675864
23.690715
21.708293
24.824383
24.824383
25.005000
23.690715
25.811819
28.376927
27.500000
24.824383
23.307724
24.682990
24.824383
27.500000
28.779333
29.652150
31.894357
37.845079
38.745968
37.473324
13.009612
14.080128
15.074813
12.093387
16.007811
14.008926
10.012492
13.009612
10.594810
14.534442
10.594810
17.007351
14.008926
12.093387
6.184658
10.111874
4.609772
6.103278
7.826238
8.015610
9.340771
10.062306
7.500000
6.184658
11.280514
10.965856
9.178780
8.732125
17.240940
11.011358
15.206906
12.010412
10.012492
10.547512
9.656604
7.500000
10.062306
8.902247
9.708244
6.800735
7.017834
8.321658
7.017834
6.184658
6.184658
6.726812
7.500000
6.500000
8.732125
9.124144
8.732125
10.111874
4.031129
7.017834
7.017834
7.433034
7.158911
6.184658
7.017834
8.015610
7.826238
8.732125
5.315073
9.708244
11.101802
6.103278
8.200610
10.062306
8.139410
7.433034
8.139410
5.315073
9.340771
8.321658
6.726812
9.178780
7.433034
10.404326
8.902247
9.708244
7.500000
8.139410
7.433034
4.031129
4.716991
6.500000
6.020797
5.315073
7.017834
4.031129
6.500000
8.845903
6.020797
3.354102
8.381527
5.220153
5.220153
9.340771
7.826238
4.272002
7.500000
6.184658
5.315073
8.321658
6.264982
8.902247
6.103278
6.020797
8.321658
5.315073
4.031129
8.139410
7.826238
8.732125
9.178780
8.732125
10.307764
9.552487
7.500000
5.590170
8.321658
6.726812
6.103278
6.020797
6.726812
5.590170
4.272002
4.031129
4.609772
3.905125
3.905125
3.905125
1.500000
2.692582
2.692582
3.640055
3.640055
4.031129
5.408327
4.500000
3.905125
3.041381
6.500000
5.590170
4.031129
4.031129
5.024938
1.118034
4.272002
5.024938
1.118034
2.061553
4.031129
4.031129
4.272002
5.024938
5.220153
6.103278
4.272002
4.272002
5.220153
2.692582
1.802776
4.031129
3.640055
4.609772
1.118034
4.031129
1.802776
3.354102
3.041381
5.024938
1.118034
5.315073
1.118034
2.500000
2.500000
4.924429
2.692582
3.640055
1.118034
2.061553
0.500000
0.500000
1.118034
3.354102
2.500000
7.500000
5.500000
4.609772
2.692582
5.220153
3.201562
5.220153
3.041381
5.024938
8.139410
8.015610
6.184658
9.340771
8.381527
9.124144
8.139410
6.184658
8.139410
4.272002
4.716991
5.220153
6.726812
6.103278
6.500000
6.500000
6.020797
6.103278
7.017834
6.500000
8.321658
9.656604
8.321658
9.178780
9.178780
10.594810
7.433034
7.826238
11.011358
6.726812
8.200610
7.433034
6.946222
6.020797
8.845903
5.220153
7.826238
3.354102
6.020797
8.139410
5.024938
4.716991
8.015610
8.139410
5.220153
5.220153
9.340771
7.158911
10.111874
6.020797
5.220153
5.024938
1.118034
5.852350
3.500000
4.609772
5.315073
5.590170
5.408327
5.590170
5.590170
7.826238
9.124144
8.381527
10.062306
6.946222
9.656604
7.433034
8.732125
8.381527
6.500000
6.500000
5.220153
5.590170
7.017834
7.017834
6.020797
7.017834
8.015610
6.184658
6.184658
8.381527
7.017834
9.013878
7.017834
6.184658
6.500000
4.272002
6.184658
6.184658
8.381527
5.590170
4.272002
4.272002
4.716991
5.590170
8.381527
8.321658
9.178780
6.726812
7.500000
6.726812
8.139410
7.826238
8.321658
5.315073
5.590170
4.716991
4.716991
4.716991
2.061553
6.020797
6.184658
5.024938
4.031129
3.354102
2.500000
2.500000
6.184658
4.031129
4.031129
3.354102
4.031129
2.061553
3.354102
6.103278
5.024938
7.158911
4.031129
4.272002
6.184658
5.590170
2.500000
4.031129
4.031129
6.020797
6.020797
6.726812
5.220153
9.656604
8.381527
6.946222
8.139410
3.354102
7.826238
8.321658
10.965856
7.433034
3.905125
8.732125
6.946222
6.946222
7.158911
10.062306
9.178780
8.732125
7.433034
6.103278
8.732125
4.716991
5.315073
5.315073
8.381527
8.732125
8.732125
7.826238
5.590170
3.905125
6.103278
6.020797
2.692582
5.590170
4.031129
1.802776
4.716991
2.692582
4.031129
4.609772
2.500000
5.590170
3.201562
5.590170
4.609772
6.103278
4.031129
6.800735
6.020797
8.321658
9.013878
9.394147
4.716991
5.590170
7.826238
6.946222
8.139410
4.031129
10.307764
9.552487
6.103278
8.077747
9.708244
8.500000
7.826238
6.020797
8.845903
7.632169
8.845903
8.200610
7.826238
5.315073
8.139410
9.708244
6.946222
6.946222
8.139410
8.845903
9.178780
7.826238
8.381527
2.500000
2.692582
3.201562
3.201562
1.118034
4.031129
3.201562
4.924429
4.609772
5.590170
9.708244
8.902247
10.404326
11.011358
10.307764
10.547512
6.726812
8.381527
8.845903
5.590170
2.500000
4.031129
1.118034
5.220153
7.017834
6.946222
9.124144
8.200610
10.307764
8.321658
10.965856
8.902247
9.178780
7.500000
7.826238
10.547512
7.433034
9.861541
7.826238
8.500000
7.433034
6.264982
8.845903
9.013878
6.800735
7.500000
6.103278
6.946222
9.604686
8.200610
7.762087
9.861541
9.861541
9.861541
5.590170
5.852350
7.158911
8.077747
9.178780
6.264982
5.315073
6.103278
0.500000
4.031129
6.800735
6.576473
4.609772
0.500000
4.924429
2.500000
3.041381
0.500000
2.061553
2.061553
5.024938
1.802776
3.041381
6.500000
7.158911
4.272002
3.354102
5.220153
3.041381
5.024938
5.220153
8.139410
6.946222
8.381527
4.716991
8.139410
6.500000
4.031129
5.024938
7.433034
7.826238
8.015610
9.178780
10.594810
10.062306
10.062306
9.708244
8.732125
8.902247
8.321658
10.062306
8.381527
8.381527
9.656604
10.594810
9.340771
9.656604
10.012492
10.062306
9.340771
7.826238
7.500000
8.902247
10.307764
9.124144
9.708244
8.321658
10.062306
8.845903
8.321658
5.408327
6.726812
8.381527
8.321658
7.826238
4.272002
7.632169
5.408327
6.500000
6.103278
10.547512
7.826238
8.902247
8.139410
9.013878
12.419742
15.206906
8.902247
10.307764
7.500000
9.708244
12.379418
10.307764
9.604686
9.013878
8.200610
5.408327
8.500000
5.408327
5.408327
4.031129
3.041381
4.716991
4.031129
3.354102
3.354102
0.500000
1.118034
5.220153
6.103278
5.590170
6.726812
2.500000
3.640055
3.905125
5.220153
8.845903
6.020797
3.905125
4.609772
1.118034
6.020797
3.041381
2.500000
3.905125
1.118034
2.061553
0.500000
3.041381
4.272002
5.315073
3.500000
0.500000
1.500000
1.500000
1.802776
1.500000
1.802776
1.118034
2.061553
1.802776
2.500000
5.590170
1.802776
1.118034
1.500000
3.500000
5.408327
4.924429
4.924429
4.924429
4.924429
8.077747
5.408327
2.500000
4.924429
4.924429
1.118034
3.354102
6.264982
5.408327
5.590170
3.640055
3.640055
3.640055
2.692582
4.609772
5.590170
5.408327
6.020797
5.590170
5.852350
6.500000
7.762087
10.688779
5.590170
6.576473
5.500000
6.800735
3.201562
1.802776
3.201562
7.433034
4.924429
6.264982
7.762087
5.408327
5.408327
8.845903
6.020797
0.500000
4.609772
