0.500000
3.354102
3.905125
7.433034
8.321658
5.408327
6.264982
5.590170
13.124405
13.124405
3.640055
2.692582
1.118034
6.020797
6.726812
7.433034
10.735455
10.735455
24.824383
13.124405
11.236103
4.031129
23.837995
24.520400
29.601520
8.015610
5.024938
4.924429
4.031129
5.408327
12.539936
4.031129
3.041381
1.118034
2.692582
5.590170
5.590170
6.020797
7.433034
5.590170
7.632169
3.354102
2.500000
1.802776
1.802776
1.802776
6.184658
5.590170
7.433034
7.433034
10.307764
12.619429
8.500000
8.845903
3.201562
4.716991
3.905125
3.354102
6.264982
8.139410
6.726812
6.726812
3.640055
4.716991
6.020797
5.852350
5.852350
6.103278
8.321658
5.315073
9.394147
7.632169
8.077747
8.500000
5.315073
2.692582
2.692582
2.500000
7.632169
6.020797
6.264982
7.500000
6.726812
7.632169
7.158911
8.200610
3.041381
3.041381
6.264982
6.264982
5.590170
9.013878
8.500000
6.726812
7.433034
5.408327
6.726812
6.020797
6.020797
6.800735
4.609772
6.946222
6.946222
6.946222
7.500000
7.500000
3.905125
6.500000
7.433034
4.609772
5.315073
8.200610
8.200610
7.433034
7.500000
6.264982
4.924429
6.726812
5.220153
7.826238
6.726812
6.020797
8.902247
11.101802
11.412712
9.708244
8.077747
6.184658
5.220153
7.017834
5.408327
9.552487
9.552487
8.845903
9.708244
10.307764
8.200610
6.264982
6.020797
4.609772
6.946222
5.408327
5.852350
10.404326
10.547512
9.708244
7.433034
7.433034
8.139410
7.632169
6.500000
6.500000
3.201562
7.762087
8.732125
8.500000
12.419742
12.419742
5.852350
5.852350
4.031129
6.103278
6.103278
7.566373
7.158911
6.800735
8.321658
6.500000
4.716991
6.500000
6.500000
5.315073
3.041381
3.500000
4.031129
4.609772
7.500000
8.381527
4.609772
5.852350
3.354102
4.272002
5.220153
5.408327
6.264982
3.905125
7.632169
6.264982
7.500000
7.500000
7.762087
6.800735
7.632169
6.800735
1.802776
6.800735
6.500000
7.566373
7.632169
6.103278
6.264982
6.800735
6.576473
2.692582
3.201562
5.590170
2.500000
4.609772
4.924429
4.500000
6.020797
6.020797
6.264982
5.852350
4.609772
1.802776
4.924429
6.264982
5.590170
5.852350
5.408327
6.020797
7.433034
5.590170
6.500000
7.566373
3.640055
6.800735
8.732125
9.552487
7.158911
5.590170
9.500000
6.576473
6.800735
8.558621
4.500000
4.609772
5.408327
6.800735
10.307764
7.158911
8.077747
8.500000
5.408327
4.609772
2.692582
8.077747
3.201562
3.905125
5.408327
3.041381
2.500000
6.103278
4.500000
1.802776
5.852350
4.272002
2.692582
3.905125
4.609772
3.354102
3.354102
6.576473
3.640055
7.762087
9.394147
8.558621
7.500000
6.800735
7.500000
6.576473
7.566373
5.500000
8.732125
6.800735
7.762087
6.576473
6.500000
5.590170
4.609772
7.158911
5.408327
7.433034
7.433034
4.031129
4.924429
6.264982
6.576473
4.924429
6.576473
6.576473
5.500000
5.500000
6.800735
6.020797
4.924429
3.905125
6.800735
4.924429
4.716991
3.640055
3.640055
4.609772
6.800735
4.031129
8.732125
7.158911
5.500000
6.800735
4.609772
4.609772
4.031129
5.315073
7.433034
4.609772
6.800735
5.315073
7.632169
3.905125
6.020797
6.020797
5.852350
5.408327
4.031129
5.220153
4.716991
4.031129
5.590170
4.031129
1.500000
3.640055
7.158911
7.158911
5.408327
4.031129
5.852350
6.800735
3.905125
3.640055
4.031129
3.640055
6.800735
4.609772
7.762087
6.576473
7.566373
4.609772
4.609772
4.924429
