0.500000
2.692582
2.061553
2.500000
3.041381
1.118034
1.118034
1.581139
2.000000
3.201562
2.915476
2.692582
1.000000
2.500000
2.061553
2.236068
2.236068
3.201562
1.500000
1.581139
3.500000
2.549510
1.118034
1.118034
2.000000
1.118034
1.581139
0.707107
2.500000
1.500000
3.162278
3.162278
2.236068
2.061553
3.162278
1.581139
2.500000
1.802776
1.000000
1.581139
2.061553
2.000000
2.061553
1.581139
3.000000
2.500000
1.500000
1.118034
2.000000
2.236068
2.236068
1.802776
2.236068
1.118034
1.581139
1.500000
1.802776
2.236068
2.061553
1.500000
1.500000
1.118034
2.549510
1.802776
2.121320
3.041381
3.162278
3.354102
2.549510
2.061553
0.707107
1.500000
2.915476
1.414214
3.000000
2.692582
0.500000
2.549510
1.118034
1.000000
2.236068
2.061553
2.000000
1.500000
1.802776
1.802776
1.500000
1.500000
2.915476
3.000000
2.121320
5.385165
1.500000
1.581139
2.915476
2.549510
1.118034
3.000000
2.121320
1.581139
1.802776
2.000000
2.549510
0.707107
2.061553
2.692582
0.707107
2.915476
3.041381
2.500000
1.500000
2.500000
0.707107
2.236068
1.581139
3.201562
3.605551
2.692582
1.581139
2.828427
1.581139
4.500000
3.000000
2.549510
3.000000
5.099020
2.549510
2.500000
2.500000
4.031129
1.118034
4.123106
6.184658
3.535534
3.535534
3.807887
3.535534
4.123106
0.500000
2.549510
1.414214
4.123106
3.354102
3.535534
2.915476
2.692582
2.061553
0.707107
1.118034
1.802776
1.500000
2.692582
2.692582
0.707107
2.236068
2.061553
2.000000
2.061553
1.500000
0.500000
2.236068
2.692582
3.041381
2.500000
2.061553
2.549510
2.500000
1.118034
1.000000
2.236068
2.549510
0.500000
1.414214
2.061553
2.121320
2.061553
2.236068
1.118034
1.414214
3.201562
2.061553
2.121320
3.041381
3.201562
1.802776
3.807887
2.500000
3.162278
1.802776
3.162278
4.609772
3.201562
3.354102
3.807887
1.414214
1.118034
3.041381
2.549510
0.500000
4.242641
3.354102
1.414214
3.201562
4.472136
3.162278
5.099020
5.700877
1.414214
0.000000
1.118034
1.118034
1.118034
2.500000
2.000000
2.061553
3.640055
3.640055
1.118034
2.500000
2.500000
3.201562
3.535534
2.500000
3.162278
2.061553
3.905125
3.041381
3.905125
2.549510
2.915476
1.000000
2.828427
3.535534
1.500000
3.500000
2.236068
4.000000
3.807887
2.000000
3.605551
3.905125
0.500000
2.549510
2.000000
0.500000
2.236068
2.915476
3.605551
3.535534
2.061553
3.500000
3.041381
4.272002
3.605551
2.549510
3.500000
2.549510
2.500000
3.640055
3.807887
5.024938
3.162278
3.162278
2.828427
3.905125
6.020797
3.201562
3.162278
2.692582
1.414214
4.924429
3.354102
2.692582
1.500000
2.236068
4.031129
1.500000
2.915476
3.354102
4.031129
4.272002
3.535534
3.201562
1.581139
2.828427
1.118034
1.802776
2.549510
2.549510
3.000000
3.041381
3.535534
4.242641
1.500000
2.692582
3.000000
3.201562
4.031129
2.692582
1.000000
3.000000
2.500000
1.581139
2.915476
3.162278
2.692582
2.236068
3.535534
3.905125
3.354102
2.500000
1.581139
1.500000
0.500000
1.000000
1.000000
3.605551
1.118034
0.500000
2.915476
3.000000
4.242641
2.061553
0.500000
3.162278
3.162278
2.000000
1.500000
4.031129
2.121320
1.118034
1.802776
3.354102
3.605551
3.041381
1.581139
0.000000
3.535534
3.041381
3.535534
2.061553
2.549510
4.031129
1.581139
4.272002
4.272002
4.123106
2.000000
1.118034
2.549510
2.236068
2.061553
4.000000
3.201562
4.301163
4.123106
3.535534
3.605551
4.031129
5.147815
1.414214
3.807887
4.123106
3.201562
2.500000
1.118034
1.500000
1.118034
3.605551
3.605551
1.581139
2.549510
4.527693
2.121320
0.500000
1.118034
2.549510
1.118034
3.162278
0.500000
3.201562
4.924429
6.264982
5.099020
4.000000
4.609772
0.707107
2.915476
5.590170
3.807887
5.385165
3.535534
4.031129
1.118034
1.802776
1.581139
2.121320
3.640055
2.236068
2.915476
3.162278
3.000000
1.802776
2.500000
0.500000
1.118034
1.500000
3.535534
1.414214
2.915476
1.118034
1.118034
4.301163
0.000000
1.802776
1.118034
4.609772
3.201562
3.905125
3.905125
1.802776
2.828427
3.041381
2.549510
3.162278
2.549510
5.315073
3.535534
5.220153
4.716991
3.201562
4.743416
4.031129
2.500000
4.031129
1.000000
4.123106
1.414214
1.581139
3.905125
4.031129
0.707107
2.500000
3.807887
2.121320
2.500000
1.802776
2.549510
2.236068
3.354102
4.031129
2.549510
2.121320
3.500000
3.354102
4.609772
5.099020
3.041381
7.516648
6.082763
5.315073
6.184658
2.692582
1.414214
4.123106
0.500000
2.061553
3.807887
1.414214
2.236068
2.915476
4.272002
4.743416
5.315073
2.500000
2.500000
3.354102
1.118034
0.500000
4.031129
0.500000
2.692582
1.802776
3.162278
4.472136
6.020797
4.031129
6.020797
5.590170
4.301163
5.385165
1.118034
2.061553
5.700877
1.802776
2.500000
1.581139
3.201562
1.802776
2.236068
2.061553
2.061553
4.031129
1.581139
4.000000
4.031129
1.802776
0.500000
2.236068
5.385165
4.031129
3.807887
2.828427
5.315073
1.581139
4.031129
3.905125
4.272002
1.000000
4.609772
2.236068
4.609772
0.707107
1.118034
1.500000
2.915476
2.061553
0.707107
1.581139
2.121320
0.707107
2.061553
3.201562
1.000000
3.041381
2.549510
1.118034
1.581139
2.000000
2.500000
4.272002
4.031129
0.707107
2.000000
4.924429
4.472136
2.915476
3.041381
2.549510
3.605551
2.915476
2.915476
2.915476
3.535534
4.123106
3.201562
3.041381
1.802776
2.500000
3.500000
2.692582
3.500000
4.609772
1.802776
1.802776
5.590170
5.852350
5.315073
4.609772
2.692582
3.640055
3.640055
5.590170
2.692582
1.500000
4.716991
3.201562
4.609772
5.852350
7.762087
4.500000
3.000000
8.246211
8.062258
8.062258
9.013878
8.845903
8.077747
8.732125
6.800735
5.852350
6.264982
6.576473
6.264982
6.500000
5.220153
8.139410
9.013878
6.519202
8.746428
10.511898
7.905694
