0.707107
0.707107
0.707107
0.707107
4.527693
3.535534
3.535534
2.549510
0.500000
0.500000
0.500000
2.000000
2.692582
2.549510
0.707107
1.118034
0.707107
1.118034
0.000000
1.500000
1.118034
1.118034
2.692582
1.581139
1.581139
2.500000
2.061553
3.162278
2.061553
1.118034
1.118034
1.118034
0.500000
1.414214
2.549510
1.802776
0.707107
1.414214
1.118034
0.707107
1.500000
2.236068
2.549510
2.500000
3.162278
3.500000
3.535534
1.581139
0.707107
1.414214
0.707107
1.802776
0.707107
2.692582
3.201562
1.581139
1.500000
1.581139
2.692582
3.500000
3.162278
3.905125
2.828427
1.581139
3.201562
3.201562
4.949747
4.242641
4.301163
3.000000
6.020797
4.000000
4.031129
1.802776
2.828427
2.121320
1.802776
0.500000
0.707107
1.118034
0.707107
1.000000
1.802776
1.000000
2.692582
1.581139
1.118034
2.000000
3.041381
1.118034
1.581139
0.500000
3.162278
2.549510
2.061553
2.000000
2.549510
1.581139
0.500000
0.000000
0.500000
2.500000
1.414214
1.581139
1.414214
2.549510
1.118034
1.802776
4.527693
1.414214
1.000000
1.581139
1.118034
1.000000
2.549510
2.500000
3.905125
2.692582
3.807887
0.707107
0.707107
2.549510
1.500000
1.581139
1.414214
2.692582
4.031129
4.301163
5.408327
0.707107
1.802776
1.802776
3.640055
3.807887
2.915476
2.915476
3.354102
1.581139
5.024938
2.500000
1.802776
2.692582
3.807887
4.716991
4.609772
3.000000
0.500000
2.121320
2.121320
2.692582
3.354102
4.527693
4.000000
1.500000
2.000000
4.472136
3.605551
4.500000
5.590170
6.000000
6.082763
3.500000
3.354102
3.640055
5.099020
6.020797
6.020797
3.605551
7.433034
5.700877
4.242641
4.472136
5.147815
5.590170
5.700877
5.220153
6.519202
7.071068
3.500000
5.500000
5.500000
6.576473
7.632169
8.062258
6.726812
4.609772
5.590170
6.708204
6.670832
8.732125
4.123106
6.000000
6.082763
6.576473
5.522681
7.566373
7.516648
7.648529
5.220153
5.590170
6.800735
7.071068
7.826238
5.147815
6.946222
7.158911
8.544004
8.944272
9.013878
6.082763
5.099020
6.576473
7.516648
8.631338
10.012492
11.672618
8.015610
8.514693
10.111874
10.547512
7.280110
7.648529
9.124144
9.708244
10.012492
11.768602
8.000000
9.000000
9.513149
10.012492
11.000000
8.062258
8.514693
10.012492
9.552487
10.500000
11.000000
11.510864
12.539936
9.013878
10.000000
10.000000
11.543396
12.000000
12.539936
14.000000
10.049876
10.049876
11.045361
12.093387
12.500000
13.729530
9.617692
10.000000
12.509996
12.165525
13.038405
13.536986
13.536986
10.688779
10.000000
11.543396
12.658989
12.000000
13.583078
14.508618
11.045361
12.041595
11.180340
11.280514
13.038405
13.038405
13.729530
9.013878
9.013878
9.513149
11.180340
10.547512
13.086252
9.013878
8.558621
9.013878
8.514693
9.513149
12.175796
10.307764
10.793517
10.124228
11.884864
12.529964
10.606602
11.597414
11.768602
13.038405
13.152946
12.509996
13.946326
13.341664
13.729530
10.793517
11.067972
10.606602
10.793517
13.000000
10.547512
12.980755
12.658989
13.729530
8.860023
10.511898
10.688779
10.198039
12.093387
12.649111
13.200379
14.230249
14.866069
11.423660
11.280514
10.793517
10.793517
13.009612
13.086252
13.086252
13.000000
14.534442
14.508618
10.511898
10.000000
13.038405
13.009612
13.038405
13.000000
13.509256
14.637281
14.534442
14.508618
11.597414
11.011358
12.000000
12.010412
12.010412
14.142136
15.074813
15.041609
14.508618
15.532225
14.807093
14.637281
14.317821
14.713939
11.884864
12.093387
13.536986
13.341664
13.647344
14.534442
14.430870
14.500000
12.041595
12.000000
11.101802
10.000000
11.000000
11.543396
11.543396
12.000000
12.010412
13.000000
13.000000
15.000000
14.500000
15.033296
14.080128
11.101802
10.920165
11.768602
11.011358
11.101802
11.180340
12.509996
11.011358
11.101802
10.000000
11.543396
11.543396
12.658989
10.547512
12.041595
10.012492
11.000000
13.152946
12.539936
13.009612
11.543396
13.152946
12.509996
12.539936
11.672618
10.500000
11.510864
12.093387
10.198039
11.011358
10.012492
10.198039
10.606602
10.547512
10.511898
11.510864
10.049876
11.000000
11.597414
10.606602
11.401754
11.000000
13.583078
12.500000
12.165525
13.000000
11.045361
13.086252
11.510864
11.543396
9.823441
7.500000
9.055385
9.708244
8.631338
11.597414
11.884864
12.369317
11.280514
10.049876
9.013878
9.708244
9.486833
9.340771
7.566373
10.606602
12.500000
11.045361
11.101802
9.219544
9.617692
8.558621
8.732125
8.860023
12.041595
13.086252
10.049876
11.011358
12.509996
10.688779
8.500000
10.000000
9.219544
8.631338
9.013878
9.962429
6.082763
11.401754
13.462912
12.349089
11.884864
10.688779
9.513149
9.708244
11.280514
9.124144
11.045361
11.280514
10.000000
10.198039
9.013878
10.547512
8.514693
8.015610
7.516648
9.219544
6.576473
7.516648
7.566373
11.280514
9.708244
9.124144
13.729530
12.165525
12.165525
11.884864
11.045361
10.606602
10.049876
11.543396
11.011358
10.511898
11.011358
11.000000
11.011358
11.672618
10.511898
10.511898
8.558621
9.552487
9.513149
8.062258
12.509996
10.793517
9.552487
13.009612
11.500000
12.589678
11.045361
12.093387
12.509996
11.597414
11.011358
11.000000
11.543396
11.045361
11.101802
12.093387
11.884864
11.768602
11.101802
10.511898
11.011358
11.101802
11.401754
12.165525
12.658989
14.080128
13.509256
13.647344
14.142136
14.008926
13.729530
9.617692
10.049876
10.012492
11.000000
11.011358
10.500000
11.768602
11.510864
12.509996
12.093387
12.539936
12.093387
13.086252
12.539936
13.086252
14.142136
9.486833
11.401754
11.180340
12.165525
12.257651
13.238202
11.597414
12.509996
14.230249
13.729530
15.337862
10.965856
12.093387
12.093387
11.510864
12.539936
14.713939
15.787653
12.539936
11.500000
11.500000
12.589678
14.142136
12.509996
14.008926
16.568042
11.101802
12.010412
13.729530
15.132746
15.008331
11.011358
14.230249
14.577380
15.700318
18.172782
17.677670
14.713939
14.705441
16.918924
15.572412
17.613915
15.890249
14.713939
14.807093
16.070159
17.182840
14.534442
16.140012
16.007811
17.846568
19.104973
21.587033
15.976545
19.137659
19.319679
15.787653
16.007811
15.500000
16.124515
19.557607
20.099751
18.500000
18.500000
19.906029
21.095023
21.224985
16.867128
18.172782
20.155644
20.500000
21.289669
18.527007
19.906029
19.039433
18.927493
22.073740
23.420077
17.677670
18.927493
22.360680
21.552262
20.651876
19.163768
19.906029
21.783021
21.523243
23.690715
29.017236
29.017236
31.064449
29.068884
29.068884
32.062439
32.062439
30.265492
29.154759
29.274562
29.274562
29.154759
29.154759
29.832868
29.832868
25.961510
25.961510
25.961510
