0.707107
0.707107
1.500000
2.500000
1.000000
0.500000
0.500000
1.000000
2.000000
1.118034
1.802776
1.414214
1.500000
2.061553
1.802776
2.236068
2.236068
1.414214
1.414214
0.500000
0.707107
0.707107
1.118034
1.414214
2.061553
1.802776
2.121320
1.581139
1.802776
1.500000
1.581139
1.581139
2.121320
2.121320
2.915476
2.121320
2.121320
2.121320
2.121320
2.692582
3.041381
1.414214
0.707107
0.707107
0.707107
1.500000
1.414214
2.236068
2.236068
3.201562
3.201562
3.201562
2.692582
2.236068
1.581139
1.802776
1.500000
1.118034
1.000000
1.414214
1.414214
1.581139
1.118034
2.061553
2.061553
2.500000
2.549510
2.061553
1.000000
1.500000
1.500000
1.500000
0.500000
0.500000
0.000000
0.000000
0.000000
1.000000
0.500000
1.118034
1.000000
0.500000
1.500000
1.581139
1.500000
2.000000
2.061553
2.061553
2.061553
2.000000
2.000000
2.500000
2.549510
2.500000
2.000000
3.000000
3.000000
2.500000
2.500000
3.000000
3.000000
3.500000
3.000000
3.000000
3.500000
4.000000
3.535534
3.041381
3.535534
4.031129
4.031129
4.031129
4.527693
4.123106
4.031129
4.123106
3.640055
4.609772
4.609772
4.743416
4.924429
4.924429
4.924429
5.590170
5.147815
4.924429
4.716991
5.147815
5.590170
5.147815
4.924429
4.924429
4.924429
5.220153
4.472136
4.743416
4.924429
4.924429
4.924429
4.924429
5.385165
4.924429
4.472136
5.830952
5.408327
4.716991
5.147815
5.147815
5.147815
4.716991
5.147815
5.147815
4.716991
4.716991
4.716991
4.716991
4.716991
4.716991
4.472136
4.924429
4.924429
4.716991
5.590170
4.743416
4.272002
5.220153
5.220153
5.220153
5.220153
5.220153
5.220153
5.220153
5.220153
4.924429
5.385165
5.852350
6.041523
5.852350
5.852350
6.500000
6.324555
6.324555
6.800735
6.800735
6.184658
6.576473
6.576473
7.071068
7.071068
7.071068
7.071068
7.071068
7.017834
7.071068
7.017834
8.062258
8.062258
8.246211
8.732125
8.732125
9.219544
8.246211
5.385165
4.924429
5.590170
6.041523
6.324555
6.708204
6.500000
6.500000
6.964194
6.800735
6.800735
7.648529
7.280110
8.139410
8.015610
8.015610
7.566373
8.015610
8.500000
9.000000
9.055385
9.552487
9.055385
9.617692
10.111874
11.180340
7.280110
6.964194
7.615773
8.544004
8.732125
8.544004
8.381527
9.486833
8.381527
5.590170
5.590170
6.500000
6.964194
6.800735
7.762087
6.964194
7.648529
7.762087
8.544004
4.924429
5.147815
6.041523
7.158911
7.382412
7.826238
8.732125
9.394147
8.944272
6.403124
6.800735
7.632169
8.062258
8.500000
9.394147
9.848858
6.403124
7.211103
7.158911
7.826238
8.732125
9.192388
9.656604
5.830952
6.946222
7.826238
8.062258
9.617692
8.514693
8.860023
6.041523
6.964194
7.158911
8.276473
8.732125
9.192388
9.656604
9.962429
6.041523
6.964194
6.964194
7.905694
7.762087
8.860023
8.732125
8.732125
9.124144
11.101802
8.015610
8.015610
8.015610
9.124144
9.124144
9.124144
9.124144
11.011358
11.011358
11.011358
11.011358
11.011358
12.010412
12.010412
12.500000
12.500000
11.101802
11.101802
11.011358
11.011358
11.280514
11.101802
11.101802
11.101802
11.101802
11.101802
11.011358
9.124144
9.340771
9.340771
8.732125
12.010412
11.011358
9.013878
9.013878
9.013878
7.017834
7.017834
10.012492
10.012492
9.340771
9.340771
7.017834
11.011358
10.012492
10.012492
8.139410
7.433034
10.307764
9.124144
8.139410
7.158911
10.012492
9.013878
8.015610
7.017834
10.012492
9.013878
8.732125
10.307764
10.307764
9.340771
8.381527
11.101802
9.124144
8.139410
11.101802
10.594810
8.732125
8.732125
11.011358
9.000000
8.000000
10.000000
10.000000
8.000000
11.000000
10.000000
8.000000
11.000000
9.513149
7.566373
10.547512
8.558621
7.500000
9.500000
8.062258
8.062258
10.049876
8.246211
8.246211
11.180340
9.552487
8.732125
11.672618
9.962429
8.558621
6.576473
