0.000000
1.118034
0.707107
1.581139
1.118034
1.000000
2.500000
2.236068
2.915476
2.500000
1.118034
1.581139
2.121320
1.581139
2.000000
3.354102
2.121320
0.500000
2.549510
1.581139
0.707107
0.500000
1.000000
1.118034
1.118034
2.061553
1.500000
0.000000
1.802776
2.121320
2.236068
2.500000
2.236068
3.201562
1.581139
1.500000
2.000000
2.500000
2.915476
2.061553
2.061553
3.905125
1.000000
2.692582
3.201562
1.414214
2.061553
2.828427
1.802776
1.802776
2.692582
0.707107
0.707107
2.828427
2.236068
1.802776
0.707107
1.414214
0.000000
0.707107
1.802776
3.354102
3.201562
2.500000
1.500000
1.581139
2.500000
3.041381
3.000000
2.500000
3.500000
3.041381
4.527693
3.354102
0.707107
1.500000
0.707107
1.581139
2.236068
1.414214
2.061553
1.118034
1.581139
1.802776
2.828427
2.500000
3.535534
2.915476
3.905125
2.915476
3.807887
3.535534
3.162278
3.640055
3.807887
4.301163
4.272002
4.472136
4.472136
4.609772
5.408327
5.000000
4.949747
4.609772
5.315073
6.020797
4.609772
5.656854
5.700877
4.272002
4.716991
6.020797
5.315073
6.500000
7.810250
6.946222
4.609772
5.385165
4.609772
5.315073
4.949747
7.071068
7.211103
8.276473
6.020797
4.301163
6.041523
3.201562
4.949747
5.147815
5.830952
3.905125
5.408327
5.700877
8.062258
4.301163
4.609772
5.852350
7.280110
5.656854
5.830952
7.632169
3.201562
6.103278
3.605551
5.830952
6.324555
5.315073
5.408327
6.020797
5.385165
4.031129
4.472136
5.385165
1.414214
3.162278
3.162278
4.301163
5.500000
3.162278
2.692582
2.692582
4.716991
3.201562
4.031129
4.301163
1.802776
1.118034
2.121320
3.354102
4.500000
2.692582
2.000000
3.201562
3.807887
3.905125
2.236068
2.549510
2.549510
2.500000
3.041381
3.535534
2.236068
6.670832
7.762087
6.500000
6.324555
6.670832
7.905694
11.180340
10.000000
6.519202
11.101802
13.086252
12.020815
12.658989
13.000000
14.035669
16.507574
19.163768
17.000000
19.006578
21.552262
17.117243
25.519600
27.613403
31.642535
30.647186
31.563428
36.503424
40.049969
41.593269
37.503333
42.002976
44.045431
47.594643
50.159745
52.509523
53.500000
54.509174
59.518905
58.519228
61.532512
62.531992
68.529191
69.001812
71.611801
75.006666
78.025637
74.501678
79.039547
78.040054
80.000000
81.513803
82.013718
84.001488
86.000000
87.501429
86.500000
88.512711
88.501412
90.505525
87.001437
90.012499
89.001404
85.211502
85.094066
85.036757
88.501412
86.501445
88.000000
85.000000
