0.000000
0.500000
4.031129
4.031129
5.000000
2.061553
3.201562
4.472136
8.246211
6.324555
10.198039
10.198039
10.000000
12.000000
12.000000
8.246211
10.198039
8.246211
8.246211
10.198039
8.944272
10.770330
11.180340
11.180340
12.529964
13.152946
10.295630
11.180340
13.152946
10.816654
11.661904
16.124515
11.180340
10.816654
12.649111
8.944272
12.083046
12.165525
12.165525
12.165525
10.000000
4.000000
9.848858
12.083046
10.440307
9.486833
7.280110
9.055385
9.219544
7.000000
10.770330
14.142136
14.142136
14.142136
12.165525
13.416408
12.369317
10.440307
12.369317
13.000000
15.231546
18.681542
18.248288
17.720045
17.000000
18.439089
18.439089
18.439089
15.231546
15.231546
12.083046
8.246211
10.000000
8.246211
8.246211
8.944272
7.211103
6.708204
6.500000
3.354102
5.000000
7.071068
10.000000
10.770330
8.000000
10.198039
14.142136
12.165525
14.000000
12.649111
14.560220
17.088007
18.439089
19.235384
19.416488
22.360680
22.360680
20.396078
24.331050
22.360680
22.360680
22.360680
22.360680
26.305893
26.305893
19.646883
23.086793
21.377558
20.223748
17.088007
16.124515
10.000000
8.485281
7.211103
6.324555
6.000000
8.246211
8.944272
6.324555
7.211103
6.324555
7.211103
10.000000
8.944272
11.661904
14.560220
14.142136
14.142136
14.142136
14.142136
14.142136
11.704700
11.661904
14.560220
13.416408
12.649111
10.770330
13.416408
11.661904
13.416408
12.806248
12.806248
14.422205
14.422205
15.652476
14.317821
12.529964
10.816654
9.219544
11.704700
7.071068
4.242641
5.385165
4.123106
4.242641
6.324555
3.162278
4.242641
6.082763
5.656854
6.324555
4.472136
4.242641
7.211103
12.727922
9.219544
12.041595
7.071068
10.440307
13.038405
13.000000
14.764823
15.811388
14.317821
14.035669
18.000000
17.117243
15.524175
14.560220
15.297059
13.416408
13.601471
12.649111
12.206556
12.206556
11.661904
9.848858
9.219544
8.062258
10.000000
6.708204
10.630146
10.295630
12.529964
14.317821
8.944272
11.313708
14.422205
14.422205
10.198039
11.180340
8.602325
6.324555
6.324555
5.656854
6.403124
7.615773
6.708204
16.124515
17.204651
10.000000
12.727922
12.206556
7.615773
5.099020
2.000000
8.062258
5.099020
11.401754
12.083046
12.649111
12.649111
13.416408
15.652476
11.180340
14.000000
10.770330
10.770330
11.704700
13.601471
10.770330
12.649111
12.649111
12.649111
12.649111
16.492423
16.124515
16.124515
16.000000
16.000000
12.165525
12.369317
13.928388
12.649111
11.401754
10.770330
11.661904
15.652476
13.601471
10.630146
11.661904
5.656854
7.810250
4.123106
6.082763
6.082763
16.124515
25.079872
32.249031
34.365681
35.510562
36.400549
31.016125
26.627054
25.806976
26.683328
26.076810
34.539832
37.802116
35.608988
42.941821
40.447497
50.009999
54.120237
60.901560
69.656299
84.148678
95.015788
101.044545
108.977062
104.690019
107.898100
110.462663
114.843372
118.697093
124.064499
126.321020
130.049990
133.150291
138.463894
138.708327
