0.500000
3.000000
1.802776
2.061553
5.000000
1.118034
2.828427
1.500000
3.500000
3.000000
2.828427
4.123106
4.924429
4.123106
2.061553
4.031129
1.802776
2.236068
1.118034
3.354102
2.236068
3.640055
1.581139
4.031129
3.535534
0.707107
2.500000
2.549510
3.162278
1.581139
2.236068
4.000000
6.324555
3.354102
27.577164
34.820971
35.217183
25.714782
46.518813
54.316204
59.424322
60.104076
61.351447
61.832435
69.025358
72.639521
46.518813
24.083189
22.627417
13.656500
27.950850
28.692333
32.202484
37.583241
40.561681
38.587563
30.302640
25.401772
27.586228
25.164459
46.703854
56.920998
43.382024
48.749359
42.296572
41.967249
47.856556
50.916598
56.515485
38.483763
43.832066
42.077310
36.796739
21.023796
18.867962
25.144582
30.364453
36.989863
44.911023
53.352601
43.777848
53.284613
67.403635
70.576200
75.599272
84.789445
87.911888
88.127748
91.231848
93.151758
51.195703
38.461019
50.500000
51.295711
52.392748
57.658477
58.694122
70.615154
74.048970
63.837685
68.638546
72.091955
68.031243
63.265314
95.312643
104.560987
103.754518
102.569489
107.622024
90.117978
97.407649
96.598395
88.862253
64.903775
62.020158
50.122350
49.731781
46.173586
43.683521
50.420730
70.714214
77.131381
75.538070
71.506993
77.027592
82.219219
109.041277
112.589964
117.606335
114.109596
115.682756
104.543053
108.725572
96.563451
88.252479
86.834613
97.862148
81.487729
84.172442
82.886971
