0.500000
2.121320
1.802776
2.692582
3.905125
3.354102
3.535534
2.500000
1.000000
1.000000
3.535534
1.802776
1.118034
0.707107
0.500000
1.000000
0.000000
2.236068
2.121320
1.118034
0.707107
1.802776
3.500000
3.162278
1.414214
2.549510
2.549510
1.581139
1.581139
3.905125
0.707107
0.707107
0.500000
0.707107
3.041381
2.121320
2.692582
1.802776
1.414214
1.414214
3.500000
1.802776
1.500000
0.707107
0.500000
0.707107
2.121320
2.061553
2.500000
3.162278
2.236068
1.118034
1.581139
1.414214
0.500000
2.500000
1.581139
1.802776
2.692582
2.828427
1.500000
3.605551
0.500000
1.500000
3.535534
1.118034
1.118034
1.581139
3.041381
3.162278
2.000000
3.162278
3.535534
4.242641
1.118034
1.118034
1.000000
1.118034
1.414214
2.915476
1.500000
2.236068
1.581139
1.000000
2.692582
2.549510
2.915476
3.807887
4.527693
2.061553
1.802776
2.000000
2.500000
2.236068
3.201562
5.000000
3.640055
3.807887
2.692582
2.061553
2.692582
3.605551
3.807887
4.500000
3.640055
4.242641
4.500000
5.590170
1.802776
2.500000
2.236068
2.915476
1.118034
1.581139
3.905125
4.272002
4.924429
1.000000
1.581139
2.236068
