0.000000
2.061553
1.802776
4.743416
3.605551
5.408327
4.000000
1.802776
2.236068
3.354102
2.500000
5.024938
3.162278
2.549510
4.924429
5.590170
5.000000
5.024938
1.581139
5.522681
4.527693
1.581139
5.220153
3.640055
6.324555
4.924429
4.743416
3.605551
2.828427
1.414214
4.272002
1.118034
3.000000
3.535534
4.272002
2.121320
3.640055
4.609772
4.031129
4.123106
4.472136
6.708204
5.700877
6.020797
7.158911
6.000000
3.640055
3.162278
1.118034
4.743416
2.500000
3.354102
2.500000
3.807887
4.031129
4.472136
2.500000
2.692582
3.500000
2.000000
6.800735
3.500000
3.041381
6.964194
2.692582
6.519202
5.830952
5.385165
3.605551
3.535534
5.315073
4.031129
6.726812
4.527693
6.264982
5.220153
4.472136
6.708204
5.700877
6.403124
4.949747
5.099020
6.726812
5.000000
5.700877
5.408327
8.902247
5.000000
5.147815
5.590170
4.472136
2.915476
7.500000
7.433034
6.726812
6.946222
5.830952
7.433034
7.905694
5.700877
6.264982
7.433034
6.403124
7.433034
6.800735
6.082763
5.315073
9.552487
7.615773
7.500000
7.433034
6.800735
8.485281
7.778175
7.810250
5.315073
8.062258
5.000000
7.632169
4.472136
7.433034
6.020797
8.077747
4.242641
4.123106
5.220153
8.139410
4.716991
5.590170
8.276473
9.192388
7.106335
5.385165
8.139410
6.082763
7.905694
9.486833
7.280110
9.708244
10.735455
9.219544
8.602325
9.708244
8.381527
8.944272
6.500000
9.848858
6.726812
9.192388
5.500000
7.433034
10.977249
9.192388
8.902247
11.335784
14.866069
16.324828
12.500000
13.200379
11.715375
10.630146
9.192388
11.661904
9.552487
8.200610
10.965856
10.965856
10.259142
13.313527
15.206906
11.236103
7.382412
5.830952
9.300538
9.300538
9.178780
9.394147
7.211103
9.013878
11.926860
10.440307
11.401754
11.629703
9.013878
9.394147
8.500000
11.423660
10.770330
8.944272
8.732125
9.962429
12.539936
9.000000
12.010412
7.905694
9.617692
11.101802
10.688779
8.732125
9.617692
6.946222
9.340771
10.511898
10.511898
9.513149
8.062258
10.049876
8.381527
8.246211
9.219544
10.688779
9.013878
10.111874
9.013878
11.510864
8.732125
9.055385
8.514693
11.011358
11.672618
8.015610
11.101802
10.012492
9.219544
10.770330
7.017834
10.500000
8.062258
9.848858
9.552487
10.606602
9.617692
9.013878
9.552487
11.672618
7.211103
10.000000
10.000000
9.513149
9.513149
9.617692
9.500000
8.514693
11.000000
9.823441
8.514693
9.340771
6.964194
7.516648
7.500000
7.500000
11.672618
11.672618
8.558621
9.708244
8.062258
9.124144
7.280110
9.219544
7.433034
9.513149
11.543396
11.280514
12.747549
9.708244
7.017834
8.732125
6.576473
10.049876
6.946222
4.031129
8.015610
9.000000
8.732125
9.708244
9.340771
8.514693
9.013878
10.124228
9.219544
6.800735
9.394147
9.055385
11.101802
12.010412
11.101802
10.606602
8.062258
7.071068
10.547512
11.101802
9.513149
10.920165
10.012492
12.649111
7.762087
6.576473
5.522681
7.158911
5.590170
7.382412
6.708204
6.500000
7.648529
8.514693
10.012492
13.038405
9.513149
9.823441
12.854960
12.010412
11.045361
9.500000
9.013878
7.158911
10.049876
6.708204
4.123106
9.617692
4.527693
6.576473
11.045361
8.558621
11.045361
7.648529
10.111874
10.049876
11.884864
12.747549
10.198039
9.000000
8.631338
9.617692
11.884864
11.672618
10.547512
13.009612
8.558621
7.500000
8.381527
10.124228
10.688779
11.672618
9.962429
11.280514
13.086252
11.101802
10.049876
11.704700
8.514693
7.516648
7.280110
7.071068
8.062258
9.340771
11.045361
10.012492
6.184658
10.920165
6.500000
7.158911
9.013878
8.500000
11.045361
11.000000
11.597414
12.257651
10.000000
8.514693
6.519202
5.700877
8.246211
9.708244
11.000000
10.606602
9.552487
12.500000
9.656604
8.015610
8.381527
9.340771
11.067972
10.547512
6.403124
9.486833
10.124228
8.062258
10.307764
7.648529
9.000000
6.041523
6.576473
8.944272
11.180340
6.103278
3.354102
4.500000
5.220153
3.640055
5.147815
6.020797
9.848858
5.000000
7.632169
7.778175
7.017834
5.700877
3.605551
8.077747
8.746428
11.423660
11.401754
12.349089
10.770330
9.552487
8.631338
5.385165
7.071068
4.609772
10.062306
9.513149
9.486833
9.617692
9.340771
8.015610
4.031129
10.770330
6.964194
6.800735
6.082763
6.800735
8.902247
7.762087
9.861541
8.276473
9.124144
8.860023
9.394147
6.946222
11.180340
9.340771
9.823441
8.544004
10.793517
10.920165
10.688779
9.513149
11.011358
9.486833
9.708244
5.852350
7.615773
8.631338
7.433034
12.529964
12.369317
12.854960
13.209845
11.011358
10.735455
7.810250
10.062306
12.083046
8.860023
10.295630
11.101802
7.280110
9.708244
8.062258
10.440307
11.412712
