0.707107
1.802776
1.118034
1.802776
0.707107
2.061553
3.041381
1.000000
2.236068
4.716991
2.236068
3.354102
1.581139
3.605551
3.041381
1.000000
3.535534
1.802776
1.414214
2.061553
3.041381
5.099020
1.000000
1.581139
2.000000
3.041381
1.581139
1.118034
2.061553
3.162278
4.609772
5.024938
1.414214
3.201562
4.123106
5.000000
4.123106
3.201562
4.609772
5.099020
5.147815
4.242641
4.031129
4.000000
1.581139
1.581139
2.915476
1.118034
0.500000
2.061553
1.500000
0.707107
2.061553
3.162278
2.915476
2.692582
2.692582
3.000000
4.609772
3.354102
3.535534
6.726812
6.020797
6.403124
6.020797
3.535534
3.640055
2.061553
0.707107
2.500000
3.905125
3.640055
3.640055
4.527693
1.581139
1.118034
1.581139
1.000000
2.236068
1.581139
3.201562
1.802776
1.802776
2.692582
2.692582
5.590170
9.340771
5.220153
7.017834
7.017834
9.013878
9.013878
4.609772
7.826238
4.609772
3.041381
3.041381
7.017834
7.433034
3.905125
3.905125
3.905125
3.905125
3.905125
3.905125
3.905125
3.354102
5.315073
5.315073
5.590170
5.590170
8.200610
8.200610
6.576473
6.576473
6.576473
6.576473
6.576473
6.500000
2.500000
3.905125
3.905125
1.802776
6.020797
5.590170
5.099020
7.615773
7.615773
8.544004
10.440307
13.000000
12.369317
10.295630
9.486833
7.615773
10.062306
9.656604
9.656604
8.732125
5.315073
7.632169
4.609772
4.609772
4.609772
6.103278
3.807887
4.301163
5.700877
4.301163
3.535534
3.535534
3.535534
5.147815
4.301163
3.535534
5.700877
3.535534
3.807887
3.807887
5.700877
4.301163
3.807887
2.915476
2.915476
3.535534
3.535534
3.535534
6.964194
3.535534
3.535534
3.535534
5.147815
1.581139
1.581139
4.301163
3.201562
3.201562
3.201562
3.640055
3.354102
3.354102
3.905125
4.609772
5.408327
5.315073
4.272002
6.020797
0.500000
3.041381
1.118034
4.031129
5.315073
5.590170
4.031129
3.041381
5.408327
3.041381
1.802776
3.041381
6.103278
5.220153
5.590170
9.340771
6.103278
8.276473
5.700877
5.700877
2.121320
2.121320
6.519202
6.519202
7.382412
7.382412
4.301163
6.519202
5.147815
5.147815
5.147815
5.147815
7.905694
3.807887
6.519202
2.915476
6.670832
5.147815
5.147815
4.527693
3.535534
2.549510
6.519202
4.301163
4.301163
7.382412
2.549510
6.519202
4.301163
4.301163
2.121320
2.121320
5.700877
5.700877
4.301163
3.905125
2.061553
4.924429
2.061553
3.041381
1.118034
1.802776
3.201562
1.802776
3.605551
