0.500000
0.500000
1.118034
0.707107
0.707107
1.802776
2.121320
2.121320
1.802776
1.414214
1.118034
1.118034
1.118034
1.414214
2.236068
1.802776
1.414214
1.000000
1.414214
2.236068
1.802776
1.118034
3.354102
1.581139
2.121320
1.802776
2.000000
1.802776
2.500000
1.500000
1.802776
1.802776
1.500000
2.500000
2.915476
1.581139
1.581139
1.802776
2.500000
2.121320
2.061553
2.500000
2.000000
2.061553
2.061553
2.061553
2.000000
2.061553
2.500000
3.201562
2.061553
2.061553
2.500000
2.061553
1.581139
3.201562
2.061553
2.500000
2.061553
2.500000
2.500000
2.828427
1.802776
1.802776
1.802776
1.802776
2.692582
0.707107
2.061553
1.118034
1.000000
1.118034
1.500000
0.707107
1.500000
0.500000
1.000000
2.692582
0.707107
1.581139
3.000000
3.041381
2.549510
2.915476
2.915476
3.535534
3.535534
2.061553
2.500000
2.061553
1.581139
2.236068
2.236068
2.121320
2.236068
2.692582
3.162278
1.581139
0.707107
0.500000
1.118034
1.118034
1.118034
1.118034
1.118034
3.041381
3.041381
3.041381
1.118034
5.024938
3.041381
3.041381
1.500000
3.354102
1.118034
1.118034
0.500000
3.041381
1.118034
1.118034
2.061553
2.061553
0.500000
1.118034
2.061553
1.118034
1.118034
2.061553
2.061553
1.118034
1.118034
1.118034
2.061553
0.500000
2.000000
1.581139
1.802776
1.802776
1.802776
2.236068
0.500000
0.500000
0.000000
0.000000
0.500000
1.000000
2.549510
1.581139
0.707107
0.707107
1.000000
0.707107
2.061553
2.000000
1.000000
1.118034
0.500000
1.118034
1.500000
0.000000
1.000000
1.000000
1.500000
2.000000
2.500000
2.000000
3.041381
2.500000
3.041381
2.692582
2.692582
1.581139
1.802776
1.802776
1.802776
2.061553
2.500000
3.041381
3.640055
2.500000
1.802776
1.500000
0.500000
0.500000
2.121320
2.500000
2.061553
1.581139
2.236068
2.915476
2.915476
2.121320
2.236068
2.236068
2.061553
2.000000
1.500000
2.000000
2.000000
2.000000
1.802776
1.414214
1.414214
1.802776
2.236068
2.236068
2.000000
2.061553
2.236068
2.500000
2.828427
3.201562
1.581139
1.581139
2.692582
1.000000
1.802776
1.118034
2.549510
1.414214
3.000000
3.000000
1.000000
0.000000
2.549510
1.000000
3.500000
1.500000
0.500000
2.000000
1.000000
1.414214
2.549510
2.692582
1.500000
1.802776
1.802776
2.061553
3.041381
3.041381
3.535534
4.031129
4.031129
4.000000
4.000000
4.123106
4.031129
4.472136
4.301163
4.031129
2.549510
2.549510
2.000000
1.802776
3.535534
3.905125
4.301163
5.147815
2.500000
3.535534
2.915476
2.915476
4.301163
3.640055
3.905125
2.915476
3.041381
0.707107
3.041381
2.061553
3.041381
3.041381
2.549510
1.802776
4.000000
3.535534
2.549510
1.581139
1.414214
4.031129
2.000000
1.000000
4.000000
2.549510
1.118034
3.041381
0.707107
2.692582
0.707107
2.549510
2.236068
2.549510
3.640055
1.581139
1.581139
3.535534
0.500000
1.581139
2.500000
3.041381
0.500000
0.707107
1.414214
0.707107
1.414214
1.414214
1.118034
1.802776
1.802776
1.414214
1.802776
1.414214
1.802776
1.581139
1.500000
1.000000
1.118034
3.162278
2.236068
1.000000
2.236068
2.236068
2.061553
2.500000
0.500000
1.118034
2.692582
3.000000
4.472136
0.707107
1.581139
1.581139
1.581139
2.236068
4.031129
0.500000
1.581139
3.354102
4.000000
2.236068
1.500000
2.000000
3.000000
1.118034
2.915476
0.000000
3.354102
2.061553
2.549510
2.000000
2.828427
3.201562
2.692582
3.162278
2.000000
0.500000
3.000000
1.802776
2.549510
3.535534
0.000000
0.500000
2.500000
1.500000
0.707107
1.581139
3.640055
2.549510
2.915476
2.692582
1.581139
2.121320
1.118034
0.000000
3.041381
2.500000
2.121320
0.500000
0.707107
2.915476
1.802776
2.121320
1.500000
1.000000
0.500000
2.549510
2.549510
2.692582
3.201562
2.828427
3.605551
2.692582
2.236068
2.061553
2.000000
0.500000
1.414214
2.236068
1.000000
2.121320
2.121320
1.802776
1.581139
3.201562
2.915476
1.000000
1.118034
1.581139
2.500000
1.802776
3.162278
1.500000
2.061553
1.118034
1.414214
1.802776
2.692582
2.692582
3.535534
3.640055
0.500000
0.707107
0.500000
1.118034
1.581139
2.061553
2.692582
1.802776
1.581139
1.802776
1.500000
1.500000
2.500000
1.500000
2.061553
2.500000
3.201562
3.535534
3.535534
4.301163
0.500000
0.500000
1.000000
2.915476
2.692582
3.905125
1.000000
2.061553
1.500000
1.802776
2.692582
3.162278
3.500000
3.807887
2.549510
1.118034
0.500000
2.000000
0.707107
1.118034
1.118034
1.118034
2.915476
1.581139
3.535534
0.707107
1.802776
2.692582
1.118034
2.500000
2.000000
1.500000
1.581139
2.549510
2.500000
1.118034
1.802776
2.500000
3.201562
3.201562
3.535534
3.905125
2.500000
2.236068
2.061553
3.162278
1.802776
0.500000
0.707107
3.807887
2.061553
2.915476
2.500000
1.500000
1.802776
1.000000
0.000000
3.640055
3.535534
3.201562
2.549510
2.121320
1.802776
1.581139
1.414214
1.000000
2.915476
1.118034
2.121320
2.121320
2.121320
2.121320
2.500000
1.581139
2.061553
2.236068
2.692582
2.692582
2.915476
3.162278
3.162278
3.162278
3.354102
3.640055
3.162278
4.000000
4.000000
3.535534
3.535534
3.807887
4.609772
4.609772
4.609772
0.707107
1.118034
1.802776
2.236068
