0.707107
5.830952
6.020797
9.219544
7.000000
3.162278
4.716991
5.590170
6.041523
6.800735
2.061553
2.828427
2.121320
4.743416
5.408327
2.000000
1.000000
3.162278
4.472136
2.500000
3.807887
10.198039
7.382412
6.726812
41.318882
69.218856
98.164403
115.383058
125.219807
134.759972
125.872952
113.495595
116.199182
123.984878
98.183502
68.676779
8.746428
0.500000
3.535534
4.500000
5.024938
2.061553
3.605551
5.830952
5.852350
3.905125
3.041381
3.041381
2.000000
6.082763
1.802776
5.700877
6.041523
5.220153
22.808989
2.000000
1.414214
2.915476
9.340771
1.000000
6.500000
8.200610
4.031129
3.905125
3.041381
0.500000
1.000000
4.123106
3.500000
5.099020
2.828427
