0.500000
2.061553
0.500000
1.118034
1.500000
0.707107
0.707107
0.500000
0.500000
0.707107
0.000000
0.500000
2.500000
2.000000
1.581139
1.802776
2.121320
2.236068
2.500000
1.802776
1.581139
1.500000
1.500000
2.500000
2.828427
2.236068
2.061553
2.000000
1.000000
1.414214
2.000000
2.692582
2.236068
2.500000
1.414214
1.118034
1.118034
0.707107
2.121320
1.802776
2.500000
2.236068
1.000000
1.581139
1.802776
2.000000
2.236068
0.707107
1.581139
2.692582
1.118034
2.000000
2.061553
0.500000
2.500000
2.121320
2.500000
1.118034
1.118034
1.802776
2.061553
2.500000
0.500000
1.000000
2.000000
2.000000
1.802776
1.802776
1.802776
1.581139
1.581139
1.802776
1.414214
2.915476
1.802776
2.000000
1.500000
1.118034
2.500000
1.802776
2.061553
2.500000
2.915476
1.118034
0.707107
2.061553
1.414214
0.500000
1.118034
1.802776
2.236068
1.118034
1.118034
0.707107
1.500000
2.236068
1.414214
0.707107
1.118034
1.581139
2.236068
2.061553
2.061553
3.162278
2.000000
2.000000
1.118034
1.802776
2.236068
2.236068
2.692582
2.000000
3.041381
3.162278
0.707107
0.500000
1.500000
2.500000
3.000000
0.500000
1.118034
0.500000
1.414214
1.802776
2.000000
1.000000
1.500000
0.500000
1.500000
2.000000
0.500000
0.500000
1.414214
1.802776
2.121320
1.802776
2.500000
2.000000
2.000000
1.802776
3.041381
2.549510
1.118034
1.000000
0.500000
0.500000
0.707107
1.118034
1.000000
0.707107
1.414214
1.802776
2.236068
1.802776
2.692582
1.802776
2.692582
1.500000
1.000000
2.236068
2.000000
0.500000
1.000000
1.500000
1.118034
0.707107
1.000000
1.802776
1.118034
0.000000
0.500000
2.500000
1.000000
1.000000
0.707107
1.581139
2.500000
3.000000
0.000000
1.000000
0.707107
1.500000
2.692582
1.000000
1.000000
1.802776
2.500000
2.500000
2.549510
1.802776
3.905125
2.061553
1.500000
2.828427
3.201562
1.500000
1.118034
3.807887
3.162278
1.414214
0.707107
1.000000
2.500000
3.000000
1.000000
3.041381
2.549510
2.061553
1.118034
4.527693
1.581139
2.549510
6.500000
3.000000
3.041381
5.000000
5.000000
3.500000
6.020797
4.500000
8.015610
7.000000
3.041381
7.000000
6.500000
6.000000
6.082763
3.640055
4.527693
3.162278
7.566373
6.670832
6.576473
6.576473
6.020797
6.500000
6.519202
6.576473
7.000000
4.527693
6.082763
7.158911
4.123106
1.581139
4.743416
3.354102
5.220153
3.535534
4.301163
1.000000
2.549510
3.807887
4.000000
4.031129
4.609772
0.707107
3.354102
3.807887
2.915476
4.272002
6.103278
4.527693
5.220153
5.000000
5.590170
6.324555
7.905694
7.516648
8.062258
7.566373
9.219544
9.617692
11.000000
10.000000
11.011358
7.000000
8.015610
8.000000
7.566373
9.013878
10.547512
10.500000
10.511898
12.000000
11.500000
11.000000
10.547512
11.500000
10.500000
10.511898
11.045361
11.011358
11.000000
11.000000
9.513149
10.049876
11.000000
10.000000
9.513149
9.513149
8.631338
9.124144
8.558621
9.552487
9.552487
8.062258
8.514693
8.500000
8.514693
9.013878
9.513149
10.049876
5.000000
5.522681
4.527693
4.527693
4.609772
4.609772
3.807887
4.527693
5.220153
4.743416
6.082763
6.264982
6.670832
3.605551
4.609772
4.716991
5.385165
4.272002
5.000000
5.147815
5.220153
4.924429
5.852350
2.121320
2.061553
2.692582
2.549510
2.061553
3.162278
2.692582
3.162278
2.549510
1.802776
2.000000
2.236068
1.802776
2.061553
1.500000
1.581139
2.000000
1.802776
1.802776
1.802776
1.802776
3.354102
3.354102
3.201562
3.201562
2.061553
2.061553
2.061553
2.061553
2.061553
2.061553
2.500000
2.500000
2.692582
2.692582
2.692582
1.118034
1.118034
1.118034
1.000000
1.000000
1.118034
1.118034
1.118034
1.118034
1.802776
1.802776
2.692582
2.692582
2.692582
2.692582
2.692582
2.061553
2.061553
2.061553
2.061553
2.061553
2.061553
2.061553
2.061553
2.061553
2.061553
2.061553
1.802776
1.802776
1.802776
1.802776
1.802776
1.802776
1.802776
1.802776
1.802776
1.802776
1.802776
1.802776
1.802776
1.802776
1.802776
1.802776
1.802776
1.802776
1.802776
1.802776
1.802776
1.802776
1.802776
1.802776
1.802776
1.802776
1.802776
1.802776
1.802776
1.802776
1.802776
1.802776
2.692582
2.692582
2.692582
1.118034
1.118034
1.500000
1.500000
0.500000
0.500000
0.500000
2.692582
1.581139
1.581139
1.581139
3.807887
2.121320
2.121320
2.121320
1.581139
1.581139
3.807887
3.807887
3.807887
2.121320
2.121320
2.121320
2.121320
2.121320
2.121320
2.121320
2.121320
4.743416
4.743416
4.743416
4.743416
1.581139
1.581139
1.581139
1.581139
2.121320
2.121320
1.581139
1.581139
0.707107
0.707107
0.707107
0.707107
0.707107
2.549510
1.118034
0.500000
0.500000
2.500000
2.500000
1.802776
1.802776
1.802776
2.500000
2.500000
1.118034
1.118034
3.041381
1.118034
1.118034
3.041381
3.041381
3.041381
1.118034
1.118034
1.118034
1.118034
1.118034
3.041381
1.118034
1.118034
1.118034
1.500000
1.500000
1.118034
1.118034
2.061553
2.061553
0.500000
1.118034
2.500000
3.201562
2.692582
2.692582
2.692582
2.692582
2.692582
2.692582
2.692582
2.692582
2.692582
4.301163
4.301163
2.549510
3.535534
3.535534
0.707107
3.535534
2.549510
2.549510
2.549510
1.581139
1.581139
1.581139
1.581139
1.118034
1.118034
3.041381
3.041381
3.041381
3.041381
2.061553
2.061553
1.118034
1.118034
1.118034
1.118034
3.041381
3.041381
1.118034
1.118034
3.041381
1.118034
1.118034
4.031129
0.500000
2.061553
2.061553
1.802776
3.354102
2.500000
2.692582
2.500000
1.500000
2.500000
2.500000
3.041381
1.500000
2.500000
3.354102
1.500000
3.354102
5.522681
4.527693
2.915476
6.670832
6.670832
6.519202
7.905694
5.147815
2.915476
4.743416
4.527693
5.522681
3.807887
3.807887
3.807887
3.807887
1.581139
1.581139
2.549510
2.549510
1.581139
1.581139
4.527693
2.549510
3.041381
1.118034
1.802776
4.031129
4.031129
2.500000
4.272002
4.609772
2.061553
2.915476
3.807887
4.949747
2.915476
3.807887
2.549510
0.707107
2.915476
2.915476
2.549510
2.549510
4.301163
4.301163
4.301163
4.301163
3.535534
2.915476
6.041523
3.535534
2.915476
2.915476
2.915476
2.915476
0.707107
0.707107
0.707107
4.527693
4.527693
4.924429
4.924429
2.500000
5.852350
5.408327
5.408327
5.408327
2.692582
2.692582
3.201562
3.201562
3.201562
3.201562
3.201562
4.924429
4.924429
4.924429
3.201562
3.201562
3.201562
3.201562
1.414214
5.830952
3.162278
2.828427
2.828427
1.414214
5.099020
4.123106
1.000000
5.385165
5.000000
7.810250
5.000000
7.071068
7.810250
5.385165
5.385165
7.810250
7.810250
7.211103
7.211103
6.082763
6.082763
4.472136
6.324555
4.472136
3.605551
5.385165
5.385165
5.385165
6.708204
8.544004
9.848858
6.708204
9.848858
11.401754
11.180340
9.848858
8.544004
8.246211
11.661904
10.000000
10.000000
10.000000
10.000000
8.246211
8.732125
8.139410
5.315073
6.726812
6.500000
7.500000
6.500000
6.946222
10.111874
11.768602
9.192388
9.192388
9.192388
9.192388
9.192388
7.106335
5.147815
5.147815
2.549510
2.549510
2.549510
2.549510
4.743416
4.743416
5.147815
5.522681
4.743416
6.519202
4.527693
7.648529
8.860023
8.860023
8.860023
7.106335
3.807887
4.743416
1.581139
4.743416
4.609772
4.609772
4.924429
7.500000
6.020797
6.500000
10.307764
8.902247
8.139410
6.726812
9.656604
7.826238
7.433034
4.716991
6.041523
5.147815
4.743416
4.743416
6.363961
6.363961
7.106335
6.363961
6.041523
5.700877
4.527693
4.527693
3.535534
7.648529
6.020797
4.031129
4.031129
7.017834
6.184658
5.220153
5.220153
3.807887
4.743416
5.522681
6.519202
6.519202
7.648529
9.617692
7.905694
9.300538
6.500000
6.500000
6.500000
6.500000
6.500000
6.500000
6.500000
6.500000
6.500000
6.726812
6.103278
7.017834
7.017834
4.031129
5.024938
6.500000
6.500000
7.433034
7.211103
7.071068
6.708204
6.324555
3.162278
3.605551
3.162278
5.385165
5.385165
5.830952
3.162278
3.162278
2.236068
2.236068
4.123106
2.236068
2.828427
3.605551
3.605551
2.000000
5.830952
4.123106
3.605551
4.472136
5.000000
4.472136
5.656854
6.324555
4.000000
4.123106
5.656854
8.246211
8.246211
4.472136
6.324555
6.324555
6.708204
5.830952
3.000000
3.000000
3.000000
6.403124
8.544004
8.544004
8.544004
9.219544
7.071068
9.486833
7.211103
7.211103
6.403124
2.236068
3.605551
4.031129
3.500000
2.692582
2.549510
6.519202
7.433034
7.433034
7.905694
6.670832
8.732125
7.762087
8.500000
8.500000
10.735455
6.726812
2.915476
3.535534
5.147815
2.915476
3.807887
3.905125
3.201562
2.500000
1.802776
1.118034
1.118034
1.118034
4.609772
3.640055
5.522681
5.315073
5.000000
7.158911
5.408327
6.020797
6.020797
4.123106
6.403124
1.414214
1.414214
1.414214
3.354102
3.201562
4.716991
5.220153
2.500000
6.500000
6.670832
6.041523
7.382412
6.519202
6.020797
4.031129
2.061553
4.609772
3.201562
3.041381
2.692582
5.700877
6.964194
10.793517
10.793517
8.860023
9.617692
6.500000
8.139410
8.321658
6.103278
3.640055
4.609772
3.640055
0.500000
3.000000
1.802776
3.905125
6.670832
11.236103
8.944272
12.529964
9.192388
8.276473
7.905694
7.778175
3.807887
4.743416
5.147815
4.031129
7.632169
5.852350
9.552487
10.062306
6.726812
8.845903
8.845903
6.946222
6.800735
6.500000
7.566373
5.852350
5.852350
7.500000
5.590170
3.640055
6.576473
7.905694
11.335784
9.192388
7.106335
7.778175
9.300538
9.617692
10.124228
5.700877
6.519202
5.700877
6.519202
5.147815
6.964194
4.743416
4.609772
9.604686
6.964194
9.924717
12.903488
12.747549
13.435029
11.011358
7.158911
10.547512
6.184658
7.158911
2.061553
5.220153
5.220153
7.071068
7.211103
10.440307
10.606602
12.747549
13.946326
10.594810
11.412712
7.826238
6.726812
3.640055
6.576473
6.670832
6.670832
6.041523
8.860023
8.276473
11.510864
8.746428
11.335784
13.509256
8.746428
9.617692
8.514693
10.793517
9.192388
11.510864
10.307764
10.307764
8.558621
6.800735
6.264982
8.845903
8.845903
11.236103
13.793114
13.793114
10.547512
8.321658
11.011358
9.861541
10.688779
10.547512
6.576473
6.800735
8.558621
8.139410
8.845903
7.905694
10.700467
12.747549
10.511898
5.522681
6.041523
9.823441
9.513149
7.158911
6.500000
10.307764
8.139410
10.547512
13.829317
12.379418
11.715375
6.726812
10.062306
8.860023
4.924429
3.807887
7.516648
4.609772
5.500000
4.031129
3.640055
4.924429
7.158911
3.905125
5.024938
3.000000
2.121320
3.535534
3.500000
4.743416
4.743416
3.535534
0.707107
2.549510
6.041523
5.700877
8.514693
8.514693
9.192388
1.581139
5.147815
1.581139
3.807887
4.743416
4.301163
3.041381
8.321658
5.315073
3.354102
4.716991
5.590170
8.845903
9.604686
9.604686
7.433034
4.716991
4.272002
6.041523
3.535534
5.220153
6.726812
5.385165
7.826238
4.031129
4.031129
3.201562
4.031129
6.020797
5.408327
7.632169
5.590170
4.924429
6.103278
4.609772
2.692582
1.414214
5.385165
3.905125
2.915476
2.915476
4.301163
3.535534
3.354102
3.041381
6.800735
6.726812
4.609772
6.726812
5.315073
3.905125
3.905125
1.118034
2.121320
2.121320
2.549510
3.535534
3.807887
0.707107
2.549510
6.041523
6.041523
5.147815
1.581139
2.500000
2.061553
1.414214
1.500000
2.500000
4.609772
2.500000
2.500000
2.692582
4.472136
5.385165
5.385165
5.000000
3.807887
2.061553
2.549510
2.692582
2.236068
1.000000
0.000000
2.000000
2.000000
1.000000
5.830952
5.000000
3.000000
1.118034
1.118034
2.236068
1.414214
1.414214
2.500000
1.118034
2.500000
3.041381
1.118034
4.609772
0.500000
3.041381
1.500000
3.500000
5.408327
4.609772
5.590170
8.558621
7.632169
11.401754
9.433981
11.180340
8.944272
8.944272
11.704700
8.944272
8.062258
7.211103
5.000000
2.000000
2.236068
2.236068
5.000000
3.500000
1.118034
1.118034
4.272002
2.121320
2.549510
0.707107
4.743416
2.549510
4.527693
3.041381
4.031129
3.354102
3.354102
3.354102
3.354102
3.354102
7.158911
6.020797
6.020797
6.020797
2.061553
2.061553
3.905125
5.024938
6.020797
4.272002
5.220153
3.041381
4.031129
4.272002
2.500000
4.716991
2.500000
3.041381
1.802776
3.041381
2.692582
4.031129
0.500000
3.201562
1.118034
1.118034
2.692582
1.118034
2.061553
1.118034
1.118034
3.605551
2.500000
3.640055
1.802776
3.640055
1.581139
1.581139
4.743416
2.121320
2.121320
4.527693
3.535534
3.535534
5.147815
3.807887
3.807887
2.549510
5.147815
5.147815
4.527693
4.527693
4.527693
3.535534
2.915476
1.581139
3.807887
1.581139
1.581139
1.581139
1.581139
1.581139
1.581139
1.581139
0.707107
2.549510
2.549510
3.807887
2.915476
2.121320
4.272002
4.272002
4.272002
1.500000
3.807887
2.915476
2.915476
2.121320
2.549510
2.915476
2.549510
1.581139
2.121320
1.581139
1.581139
2.915476
2.915476
2.915476
2.915476
2.915476
3.535534
2.915476
2.500000
2.500000
1.500000
1.500000
2.061553
2.061553
0.500000
2.692582
2.500000
2.061553
2.500000
0.500000
0.500000
2.500000
2.500000
2.061553
3.905125
3.905125
3.905125
2.500000
3.905125
3.905125
2.692582
3.905125
1.802776
1.500000
1.500000
4.272002
4.272002
4.031129
3.354102
3.041381
0.500000
3.201562
