0.500000
1.118034
2.061553
2.236068
2.061553
2.061553
2.121320
2.500000
2.500000
2.692582
2.500000
3.535534
3.535534
2.692582
1.414214
2.500000
1.118034
1.000000
1.581139
1.802776
1.118034
1.118034
1.414214
0.707107
0.500000
1.118034
1.581139
1.414214
1.118034
1.118034
1.581139
0.707107
1.118034
1.000000
1.118034
2.549510
3.162278
2.121320
2.500000
1.581139
0.707107
0.500000
1.581139
2.061553
2.549510
2.061553
1.118034
1.500000
1.581139
2.061553
1.118034
2.236068
2.549510
1.581139
1.581139
2.500000
2.236068
2.236068
1.802776
1.581139
1.581139
1.581139
0.707107
0.707107
0.707107
0.707107
0.500000
0.707107
1.118034
0.500000
0.707107
0.500000
0.707107
1.118034
0.707107
1.000000
1.118034
1.118034
1.414214
1.118034
1.802776
1.118034
2.061553
2.000000
1.581139
2.121320
2.692582
2.121320
2.500000
1.414214
1.118034
1.500000
0.707107
0.707107
1.000000
1.500000
1.581139
2.236068
2.236068
2.828427
2.828427
2.500000
2.500000
1.802776
2.121320
1.802776
1.802776
2.061553
1.581139
1.581139
1.581139
0.707107
2.121320
1.118034
1.118034
1.118034
1.000000
1.414214
1.581139
1.581139
1.581139
0.707107
0.707107
0.707107
1.118034
0.500000
0.500000
1.000000
0.707107
0.707107
1.118034
1.118034
1.118034
1.500000
2.121320
2.500000
2.236068
2.236068
2.121320
2.500000
2.121320
2.500000
2.915476
2.915476
2.915476
2.121320
1.581139
2.500000
2.549510
2.061553
1.802776
2.500000
1.802776
2.121320
1.802776
1.802776
2.915476
2.692582
3.162278
3.162278
1.118034
1.581139
2.000000
1.581139
1.581139
2.236068
2.236068
2.000000
2.000000
1.500000
1.500000
1.581139
1.581139
2.236068
2.236068
1.802776
2.236068
1.802776
1.414214
1.802776
1.414214
1.414214
1.802776
1.414214
0.500000
1.414214
1.581139
0.000000
2.061553
1.500000
2.236068
2.121320
1.118034
0.000000
3.905125
2.000000
2.500000
1.581139
1.802776
3.605551
1.802776
1.414214
0.707107
3.535534
3.000000
0.707107
3.500000
2.828427
4.123106
2.061553
2.500000
3.905125
3.605551
2.692582
2.236068
2.549510
1.581139
4.242641
1.581139
2.061553
0.500000
1.581139
0.500000
2.549510
1.000000
2.500000
3.535534
2.000000
2.828427
3.354102
1.581139
1.581139
1.802776
3.354102
2.061553
1.802776
3.807887
1.000000
1.500000
2.692582
1.500000
2.236068
1.414214
0.000000
3.000000
3.605551
2.500000
1.118034
0.707107
3.535534
3.535534
2.500000
1.000000
3.535534
3.354102
3.162278
7.071068
5.024938
4.609772
2.500000
2.061553
6.020797
5.522681
5.500000
5.099020
6.041523
5.700877
5.000000
5.500000
5.000000
5.099020
5.220153
4.924429
5.590170
5.000000
5.522681
5.385165
4.527693
4.500000
5.000000
5.099020
5.852350
5.590170
2.500000
3.807887
4.609772
4.500000
5.700877
3.354102
2.915476
4.949747
4.031129
4.472136
5.024938
3.162278
3.354102
3.905125
4.716991
3.162278
3.605551
5.315073
0.500000
1.802776
4.031129
3.640055
3.201562
2.061553
4.949747
4.031129
3.201562
2.828427
3.041381
3.500000
2.915476
3.807887
3.000000
3.000000
2.061553
2.000000
2.915476
2.915476
2.121320
1.000000
0.707107
4.123106
2.915476
2.236068
4.609772
3.162278
3.807887
5.024938
6.403124
3.201562
6.020797
4.031129
6.670832
4.743416
5.700877
6.184658
5.656854
4.609772
6.184658
6.041523
4.123106
3.807887
6.964194
7.106335
5.700877
5.656854
2.549510
6.184658
6.000000
7.071068
6.519202
6.800735
3.162278
3.535534
4.301163
3.162278
3.162278
3.905125
1.581139
2.828427
2.000000
5.000000
2.500000
4.472136
2.236068
4.242641
0.707107
2.121320
3.535534
0.707107
2.915476
5.000000
2.500000
3.640055
4.031129
5.220153
2.121320
4.031129
5.700877
2.500000
3.354102
2.500000
5.656854
2.236068
4.272002
2.500000
1.500000
3.354102
3.605551
5.099020
3.354102
1.000000
3.905125
3.807887
3.162278
2.000000
2.549510
3.807887
3.640055
4.527693
4.123106
5.590170
5.024938
1.802776
4.123106
5.000000
4.609772
5.830952
6.082763
3.807887
4.031129
6.500000
2.549510
4.031129
4.031129
4.527693
1.802776
3.162278
5.590170
1.118034
4.527693
5.024938
5.852350
3.605551
3.201562
2.828427
5.590170
4.031129
6.000000
3.000000
2.692582
5.590170
7.280110
7.280110
8.015610
4.609772
6.964194
2.915476
5.500000
5.024938
3.807887
3.354102
7.280110
5.852350
5.147815
4.949747
4.272002
3.640055
6.800735
4.031129
5.000000
5.024938
5.408327
6.264982
2.000000
2.500000
4.500000
4.000000
3.500000
2.500000
5.099020
4.031129
2.692582
1.414214
3.905125
2.692582
3.605551
2.121320
3.162278
0.500000
1.581139
3.201562
2.828427
3.354102
1.500000
1.581139
2.915476
3.354102
3.605551
4.242641
4.242641
4.716991
4.472136
3.162278
2.692582
3.000000
4.031129
1.118034
3.605551
4.031129
4.609772
1.414214
4.272002
2.500000
3.041381
4.609772
5.408327
2.061553
2.061553
3.905125
3.535534
4.743416
5.000000
2.236068
4.242641
4.949747
3.905125
5.147815
6.800735
4.123106
5.590170
4.031129
5.099020
5.099020
3.807887
3.535534
6.020797
2.500000
6.264982
5.408327
2.236068
3.605551
2.121320
4.031129
5.024938
3.041381
4.609772
3.041381
5.315073
3.201562
4.609772
2.500000
3.807887
6.103278
3.000000
5.852350
4.609772
3.041381
5.099020
3.535534
2.236068
4.716991
3.354102
2.061553
1.802776
5.220153
3.807887
3.807887
4.609772
2.000000
2.549510
2.549510
3.640055
2.915476
4.272002
1.802776
2.000000
4.031129
3.807887
4.123106
1.802776
2.500000
3.000000
1.000000
2.061553
0.707107
2.692582
1.414214
2.549510
0.707107
3.162278
0.707107
3.162278
2.692582
2.061553
4.609772
1.802776
3.201562
3.201562
2.915476
3.535534
3.500000
3.640055
3.500000
3.535534
4.743416
3.640055
2.500000
4.123106
6.184658
5.220153
4.123106
5.024938
4.609772
6.184658
4.031129
2.500000
2.828427
2.061553
4.527693
3.162278
2.549510
1.581139
1.581139
5.522681
4.743416
4.272002
4.301163
3.000000
2.828427
4.609772
1.000000
3.640055
2.915476
1.500000
4.924429
2.692582
0.707107
1.414214
3.201562
1.118034
0.500000
3.041381
0.707107
2.549510
0.707107
2.236068
3.162278
1.802776
2.500000
4.000000
1.414214
2.828427
3.354102
4.000000
1.118034
1.500000
2.692582
3.041381
1.414214
2.236068
4.031129
1.118034
2.236068
1.500000
2.236068
3.640055
3.201562
1.118034
4.272002
3.041381
2.061553
2.692582
4.716991
2.915476
0.707107
3.500000
3.201562
1.118034
3.162278
2.828427
0.500000
0.500000
3.000000
1.500000
0.000000
0.000000
2.692582
2.236068
0.500000
4.949747
3.535534
2.121320
0.707107
5.147815
4.472136
4.609772
6.363961
4.272002
2.236068
3.807887
3.807887
2.121320
5.315073
5.830952
2.828427
2.236068
3.354102
3.162278
4.500000
2.915476
3.535534
2.121320
2.692582
3.354102
1.802776
3.162278
3.535534
3.500000
4.924429
5.590170
3.000000
3.535534
2.236068
3.905125
4.716991
2.061553
2.915476
3.807887
4.000000
3.201562
2.061553
4.743416
2.915476
1.000000
4.031129
2.061553
2.236068
2.915476
1.802776
2.549510
2.692582
1.118034
2.121320
3.354102
1.118034
3.535534
0.707107
2.692582
1.500000
3.000000
1.000000
3.535534
2.915476
4.301163
1.500000
1.500000
2.236068
2.000000
4.609772
4.272002
1.500000
2.236068
3.905125
5.408327
4.272002
2.828427
4.272002
3.354102
2.549510
4.472136
5.385165
2.692582
3.535534
6.041523
4.242641
6.708204
3.000000
2.061553
5.522681
4.472136
6.000000
6.184658
7.071068
5.099020
5.590170
6.519202
4.743416
7.516648
4.472136
5.385165
7.071068
3.535534
4.123106
4.301163
3.041381
2.236068
1.581139
2.236068
6.041523
3.500000
3.535534
3.041381
1.500000
0.000000
2.549510
1.000000
2.500000
4.272002
1.802776
1.581139
1.500000
3.201562
2.500000
2.061553
4.609772
2.236068
1.414214
5.830952
1.000000
2.692582
1.581139
1.414214
1.802776
1.118034
1.500000
0.500000
0.707107
1.118034
2.061553
2.692582
3.535534
0.500000
1.802776
3.041381
4.924429
1.802776
2.692582
4.031129
3.640055
4.301163
5.099020
2.692582
4.000000
1.118034
3.807887
4.500000
5.147815
4.272002
1.802776
2.121320
2.915476
1.581139
0.707107
1.581139
1.500000
3.535534
4.031129
6.103278
3.605551
3.162278
4.609772
7.071068
1.118034
3.605551
0.707107
1.581139
4.272002
4.949747
2.549510
3.201562
4.031129
3.201562
2.236068
2.500000
2.500000
5.315073
5.385165
5.700877
5.315073
3.354102
5.590170
1.802776
3.640055
4.743416
6.041523
1.581139
2.692582
3.041381
3.162278
5.590170
1.118034
3.500000
5.700877
4.527693
7.433034
9.433981
7.810250
5.147815
6.726812
8.321658
6.020797
7.905694
8.077747
6.800735
6.708204
7.500000
6.519202
6.184658
8.902247
7.106335
9.604686
10.307764
11.101802
9.013878
10.816654
11.401754
10.307764
11.510864
6.519202
9.924717
9.433981
6.403124
10.124228
6.363961
10.259142
10.404326
10.307764
10.606602
11.335784
11.715375
11.401754
8.746428
8.732125
7.106335
9.899495
6.519202
5.852350
8.381527
7.280110
4.716991
7.017834
6.264982
7.017834
7.017834
5.024938
5.099020
3.162278
2.500000
2.692582
6.020797
4.924429
5.408327
8.200610
7.810250
6.363961
9.394147
8.485281
9.848858
11.101802
11.101802
7.810250
7.632169
9.617692
6.103278
6.103278
4.609772
6.800735
5.385165
8.514693
6.519202
2.549510
3.162278
3.354102
2.549510
5.700877
2.236068
2.500000
4.242641
1.118034
2.915476
4.527693
5.590170
3.162278
3.605551
5.220153
4.272002
4.031129
4.527693
5.024938
6.082763
4.123106
5.024938
6.000000
6.020797
6.576473
4.609772
7.500000
4.527693
2.500000
7.905694
7.000000
6.184658
7.158911
3.041381
4.301163
7.632169
3.535534
5.220153
5.024938
2.692582
4.609772
2.549510
5.000000
2.061553
2.500000
3.500000
2.828427
2.000000
2.500000
0.707107
2.915476
4.301163
4.031129
3.640055
3.201562
2.915476
5.000000
4.242641
2.500000
3.905125
2.915476
4.301163
2.121320
4.527693
3.041381
4.500000
2.500000
4.716991
5.000000
4.743416
2.236068
4.743416
3.354102
4.031129
4.031129
4.123106
6.020797
3.041381
5.024938
6.519202
5.024938
7.017834
5.024938
7.158911
5.220153
7.905694
5.024938
6.519202
4.527693
6.500000
7.071068
7.071068
3.354102
3.041381
3.605551
6.000000
6.324555
4.031129
6.184658
7.000000
4.716991
4.031129
3.807887
5.522681
4.609772
6.800735
3.041381
4.272002
5.590170
4.000000
5.099020
3.905125
2.061553
6.500000
4.000000
2.549510
5.500000
4.527693
3.500000
2.500000
5.000000
4.123106
4.472136
6.184658
4.000000
6.000000
4.031129
5.700877
5.000000
6.670832
5.000000
5.408327
7.566373
6.519202
5.700877
6.082763
8.246211
5.099020
6.082763
4.609772
6.519202
5.852350
4.500000
4.472136
4.500000
4.609772
6.324555
3.041381
6.324555
5.099020
4.527693
4.031129
4.031129
4.031129
4.031129
3.162278
6.020797
4.609772
6.020797
7.071068
3.535534
6.082763
7.071068
3.640055
5.220153
6.082763
4.272002
6.184658
2.121320
3.354102
3.640055
5.590170
4.527693
4.609772
5.590170
4.272002
3.535534
2.828427
5.522681
4.031129
5.522681
2.549510
3.807887
4.743416
3.535534
4.743416
4.123106
3.605551
3.000000
6.184658
3.535534
5.590170
7.280110
7.648529
7.158911
6.519202
5.500000
4.527693
5.024938
5.522681
6.020797
6.576473
4.472136
5.385165
5.522681
7.000000
2.692582
5.000000
6.670832
4.272002
6.020797
4.472136
5.099020
3.535534
5.590170
4.272002
6.519202
6.020797
4.500000
4.272002
3.807887
3.041381
3.535534
5.220153
6.670832
5.408327
5.000000
3.500000
6.000000
5.024938
4.000000
4.272002
5.099020
5.852350
6.670832
4.743416
6.670832
5.024938
7.071068
5.099020
8.015610
4.272002
5.220153
5.852350
7.566373
6.670832
5.522681
5.099020
3.354102
5.024938
7.280110
7.017834
3.535534
7.017834
5.099020
7.000000
4.123106
5.385165
5.522681
3.807887
4.609772
6.576473
6.964194
2.500000
3.535534
4.743416
6.800735
7.158911
3.000000
4.500000
5.099020
7.158911
4.123106
6.519202
5.220153
8.015610
7.566373
6.500000
6.184658
6.800735
7.071068
7.071068
7.017834
7.648529
7.017834
7.566373
7.516648
8.015610
7.648529
6.576473
6.519202
6.082763
5.099020
4.123106
7.017834
6.000000
5.220153
4.609772
4.527693
3.535534
3.162278
2.692582
6.500000
5.590170
5.590170
4.527693
5.220153
5.220153
5.830952
5.024938
4.609772
5.590170
5.522681
6.670832
3.201562
4.031129
5.700877
6.082763
3.354102
4.500000
5.385165
7.000000
4.472136
4.500000
5.700877
6.082763
2.549510
4.924429
5.590170
6.041523
5.522681
5.522681
5.700877
5.522681
4.924429
5.024938
7.017834
5.700877
5.522681
4.527693
7.648529
7.500000
6.020797
5.099020
4.609772
6.519202
5.522681
4.031129
6.082763
5.147815
6.324555
8.015610
5.024938
5.590170
5.522681
6.800735
3.535534
3.807887
4.527693
5.385165
6.576473
2.500000
4.000000
5.408327
5.590170
5.522681
4.609772
4.609772
5.099020
6.500000
5.024938
2.000000
4.123106
3.354102
5.700877
5.522681
5.522681
6.800735
4.472136
4.924429
3.905125
4.743416
3.162278
5.099020
3.041381
5.099020
2.236068
3.640055
4.272002
2.915476
2.236068
5.590170
6.041523
5.522681
4.527693
5.000000
5.522681
6.184658
6.324555
5.385165
5.099020
3.535534
7.000000
5.700877
4.743416
6.576473
5.590170
3.354102
6.576473
4.123106
3.162278
6.184658
6.184658
4.472136
6.670832
4.609772
5.852350
2.915476
4.272002
5.220153
6.184658
7.017834
3.640055
5.220153
7.280110
7.158911
6.500000
6.519202
3.807887
6.184658
4.031129
5.099020
6.000000
6.519202
6.000000
6.020797
4.031129
5.590170
4.272002
3.500000
6.670832
5.700877
5.500000
4.031129
3.807887
3.354102
5.024938
4.500000
3.041381
2.500000
5.590170
5.099020
4.609772
3.807887
4.301163
5.147815
6.964194
7.905694
8.631338
6.670832
10.688779
7.516648
12.509996
14.713939
12.093387
14.035669
13.829317
13.536986
15.132746
11.768602
12.020815
13.009612
11.510864
12.010412
11.543396
14.035669
14.035669
12.257651
13.647344
13.583078
11.045361
12.509996
12.010412
13.509256
11.011358
12.093387
9.013878
9.552487
10.198039
10.500000
6.576473
7.566373
7.566373
6.184658
4.472136
6.082763
3.041381
3.500000
3.807887
2.500000
4.000000
2.828427
3.807887
4.500000
2.121320
4.527693
3.162278
2.061553
2.915476
3.535534
5.700877
7.516648
6.500000
6.324555
5.700877
9.000000
7.017834
9.055385
6.576473
6.082763
4.527693
8.015610
7.615773
5.852350
6.670832
6.519202
7.280110
6.020797
4.472136
6.519202
4.123106
3.354102
6.020797
4.123106
6.082763
4.924429
6.670832
5.385165
6.800735
5.590170
3.535534
6.500000
5.500000
5.385165
3.535534
7.071068
5.590170
4.609772
4.031129
4.301163
2.915476
3.535534
3.535534
5.852350
5.220153
3.500000
4.272002
5.099020
3.041381
5.220153
4.527693
4.716991
3.500000
4.472136
4.272002
6.670832
6.670832
4.527693
6.519202
5.385165
6.500000
5.147815
4.527693
4.272002
4.716991
3.162278
4.000000
5.024938
5.024938
4.527693
3.640055
2.236068
4.472136
2.692582
4.031129
4.500000
4.609772
5.590170
2.000000
3.000000
6.082763
4.716991
3.041381
6.000000
5.000000
4.527693
4.527693
4.743416
4.743416
3.535534
4.500000
4.743416
5.099020
6.000000
6.082763
3.162278
4.500000
8.321658
6.020797
7.158911
5.852350
5.830952
7.211103
9.861541
7.382412
9.219544
6.363961
8.944272
7.158911
10.606602
9.604686
10.965856
11.401754
12.619429
10.259142
10.547512
9.219544
12.206556
10.965856
11.661904
14.159802
14.916434
12.747549
12.103718
12.103718
10.307764
9.708244
8.276473
8.732125
7.648529
8.276473
8.631338
8.200610
7.017834
6.000000
5.830952
3.905125
8.485281
6.324555
6.800735
9.340771
7.500000
9.340771
6.403124
7.648529
7.905694
7.382412
7.632169
7.516648
8.558621
8.514693
7.762087
9.513149
10.307764
7.280110
9.617692
9.500000
8.514693
6.964194
6.670832
9.552487
7.017834
7.648529
5.220153
7.071068
5.024938
6.082763
6.324555
5.099020
3.000000
6.000000
2.500000
2.500000
5.220153
2.061553
1.581139
1.500000
4.272002
4.527693
2.500000
5.220153
6.519202
3.041381
5.220153
3.535534
4.301163
6.576473
4.123106
2.915476
5.700877
5.700877
6.000000
7.158911
5.220153
7.500000
6.500000
4.500000
7.500000
7.516648
6.519202
6.500000
6.020797
7.158911
7.158911
7.648529
7.648529
4.527693
6.800735
8.000000
6.324555
6.184658
5.590170
4.500000
4.031129
3.640055
4.743416
5.522681
6.184658
8.246211
5.220153
6.519202
6.519202
7.017834
7.017834
7.280110
7.017834
6.670832
6.519202
5.522681
3.354102
6.184658
6.020797
3.162278
4.472136
3.807887
5.385165
5.522681
6.519202
3.605551
3.000000
1.581139
2.500000
2.000000
2.500000
5.590170
5.500000
4.500000
4.500000
6.000000
2.061553
5.024938
7.017834
8.015610
8.381527
8.015610
8.062258
8.381527
7.433034
6.082763
6.500000
6.670832
7.158911
8.500000
6.800735
7.762087
7.566373
8.558621
7.566373
6.576473
6.184658
6.576473
7.566373
5.590170
6.519202
8.500000
7.566373
6.500000
6.041523
6.184658
4.000000
4.272002
7.017834
6.082763
7.280110
7.158911
7.000000
5.099020
4.272002
5.099020
5.024938
5.024938
4.716991
3.500000
5.220153
3.000000
4.743416
6.000000
5.099020
4.924429
3.535534
6.576473
6.041523
4.609772
4.527693
4.527693
5.522681
4.031129
5.700877
3.535534
4.527693
5.852350
2.500000
4.272002
6.020797
4.527693
5.147815
5.852350
4.924429
6.082763
6.519202
5.500000
8.000000
5.590170
5.147815
8.015610
6.576473
6.184658
5.147815
8.015610
8.139410
7.762087
8.015610
4.609772
7.158911
6.576473
7.158911
7.158911
8.000000
8.631338
6.184658
7.615773
9.013878
9.124144
7.905694
6.519202
10.000000
10.547512
10.049876
9.219544
9.219544
9.552487
9.513149
9.552487
10.049876
10.547512
11.543396
7.648529
7.566373
8.381527
9.708244
10.500000
10.012492
9.617692
8.558621
6.500000
5.590170
7.762087
6.020797
4.500000
6.964194
4.000000
5.700877
6.670832
6.670832
5.522681
6.000000
4.500000
6.500000
3.500000
5.220153
6.184658
6.519202
8.139410
8.062258
9.055385
9.513149
9.219544
8.000000
7.566373
5.852350
6.041523
4.123106
6.000000
6.500000
8.015610
5.590170
4.743416
3.640055
4.609772
5.099020
6.020797
3.500000
6.800735
5.522681
6.184658
7.566373
6.576473
6.576473
6.020797
5.522681
5.099020
5.024938
4.000000
3.041381
8.062258
8.514693
6.576473
5.220153
5.700877
6.576473
8.015610
7.158911
6.082763
7.017834
6.800735
6.000000
7.071068
6.670832
5.590170
6.500000
7.158911
4.000000
2.692582
5.852350
3.500000
5.700877
7.500000
8.514693
8.558621
6.500000
5.024938
6.964194
8.077747
5.408327
8.077747
7.762087
6.576473
8.139410
6.964194
8.321658
9.617692
8.321658
10.062306
8.200610
11.715375
8.514693
11.011358
14.159802
9.861541
9.708244
11.101802
12.971122
12.349089
14.866069
11.800424
16.401219
16.985288
14.159802
14.500000
14.603082
18.062392
13.435029
15.556349
17.691806
18.445867
13.086252
18.034689
14.916434
16.800298
14.840822
16.101242
14.159802
16.401219
16.124515
16.643317
16.101242
13.462912
15.402922
9.617692
8.500000
10.124228
13.124405
13.313527
13.892444
14.115594
13.124405
11.768602
15.231546
14.230249
11.101802
15.041609
14.142136
12.854960
12.349089
13.829317
12.020815
10.965856
9.055385
9.219544
11.768602
10.688779
8.860023
8.381527
9.823441
9.823441
9.708244
7.648529
8.558621
9.013878
8.558621
7.566373
6.184658
8.544004
9.192388
9.962429
8.015610
6.020797
6.020797
8.139410
6.500000
7.566373
6.041523
8.631338
7.017834
5.522681
7.905694
5.590170
8.062258
7.280110
6.082763
8.514693
10.688779
7.017834
8.062258
7.158911
9.013878
9.219544
8.514693
9.124144
5.590170
6.670832
8.139410
5.500000
9.219544
9.000000
9.124144
9.219544
5.024938
7.017834
7.648529
4.924429
6.800735
4.924429
6.670832
5.220153
7.516648
3.640055
5.220153
6.519202
4.031129
4.272002
5.522681
6.324555
6.500000
8.544004
6.519202
5.590170
6.000000
7.280110
8.077747
6.500000
5.700877
4.031129
6.500000
7.762087
7.516648
7.762087
8.015610
7.566373
7.158911
6.670832
6.020797
9.013878
7.516648
5.590170
8.062258
9.617692
6.964194
9.013878
7.158911
7.500000
6.500000
7.566373
6.964194
9.394147
6.576473
8.514693
7.516648
6.000000
6.500000
6.500000
6.576473
8.732125
6.000000
8.139410
8.139410
8.015610
9.340771
7.000000
7.905694
6.184658
9.124144
8.500000
6.964194
8.558621
8.558621
10.688779
7.071068
9.513149
7.566373
6.670832
9.552487
7.566373
10.049876
7.566373
9.823441
9.055385
10.012492
7.280110
8.000000
8.631338
8.558621
8.631338
8.062258
7.071068
9.340771
6.020797
7.280110
6.519202
4.609772
7.566373
6.324555
8.000000
4.527693
6.264982
7.905694
6.500000
9.013878
4.500000
7.071068
7.762087
7.516648
7.648529
6.020797
5.385165
8.015610
6.500000
6.000000
6.020797
5.000000
5.220153
3.535534
8.246211
8.246211
8.062258
5.024938
5.220153
6.519202
8.246211
5.024938
4.031129
7.615773
7.516648
4.123106
5.024938
9.617692
8.500000
6.500000
5.220153
7.433034
8.732125
5.852350
8.514693
11.067972
9.848858
8.500000
9.848858
11.704700
9.219544
11.280514
9.013878
10.307764
10.547512
11.045361
11.401754
11.236103
11.236103
11.236103
10.307764
9.962429
10.511898
8.558621
11.180340
10.111874
10.440307
10.920165
9.823441
7.071068
8.558621
9.500000
8.558621
8.015610
8.062258
7.158911
9.552487
8.631338
8.558621
7.158911
7.158911
6.964194
5.590170
9.013878
8.015610
7.762087
7.017834
7.158911
7.071068
7.566373
7.566373
10.547512
7.280110
9.000000
6.800735
9.013878
9.617692
9.513149
10.606602
8.062258
10.012492
9.708244
9.500000
9.617692
11.045361
9.500000
11.045361
8.631338
10.111874
9.513149
7.000000
10.012492
7.566373
9.055385
6.184658
5.700877
5.590170
5.024938
5.522681
6.184658
4.031129
3.500000
7.433034
5.700877
4.123106
5.852350
3.000000
6.082763
7.071068
8.246211
8.015610
7.158911
7.000000
9.013878
8.246211
10.049876
6.020797
6.670832
6.670832
6.020797
8.062258
6.964194
8.860023
6.500000
8.139410
6.670832
8.062258
6.500000
7.500000
5.522681
7.566373
9.055385
5.522681
7.000000
8.514693
6.670832
7.648529
7.071068
6.184658
8.015610
6.020797
5.099020
8.246211
6.020797
8.246211
7.000000
5.024938
8.139410
7.566373
8.015610
8.139410
5.830952
6.020797
5.522681
4.743416
5.700877
5.522681
7.071068
8.558621
6.020797
9.124144
8.015610
7.648529
7.017834
7.071068
7.648529
9.124144
10.500000
8.062258
9.617692
8.246211
6.576473
11.500000
11.101802
8.514693
9.340771
10.012492
11.000000
10.198039
9.000000
8.062258
8.062258
10.111874
7.566373
9.055385
8.015610
7.017834
8.015610
8.000000
6.519202
8.631338
8.062258
6.500000
8.558621
9.500000
9.055385
9.013878
8.015610
8.062258
7.648529
9.013878
8.514693
9.055385
7.648529
7.000000
5.522681
9.617692
5.590170
8.514693
7.648529
7.566373
7.566373
7.158911
8.732125
7.158911
8.015610
5.000000
7.000000
9.124144
6.184658
4.743416
14.221463
9.617692
13.583078
13.462912
11.672618
10.793517
11.510864
10.000000
10.012492
8.558621
10.606602
7.566373
11.672618
11.543396
10.606602
11.500000
12.500000
13.536986
10.307764
12.589678
11.543396
14.008926
11.101802
12.500000
14.430870
14.142136
13.038405
15.000000
12.747549
11.597414
12.500000
10.124228
13.583078
11.500000
12.589678
13.238202
10.124228
10.000000
9.055385
13.341664
11.768602
9.708244
10.500000
10.198039
11.543396
10.688779
11.884864
10.735455
6.708204
6.020797
12.020815
8.544004
10.977249
10.965856
11.926860
10.000000
7.433034
10.404326
9.300538
6.800735
7.500000
8.246211
6.184658
8.631338
10.012492
6.519202
7.632169
6.500000
6.670832
10.606602
12.010412
10.000000
14.430870
13.238202
13.583078
11.045361
14.008926
11.597414
14.008926
12.093387
15.033296
13.038405
11.000000
13.509256
12.041595
11.101802
13.038405
12.000000
13.038405
12.093387
13.009612
9.013878
10.198039
10.111874
9.055385
12.010412
10.012492
9.500000
11.500000
9.513149
10.511898
12.539936
11.768602
11.597414
11.045361
9.513149
12.500000
11.000000
9.500000
11.510864
10.049876
12.093387
9.340771
10.547512
11.011358
10.049876
10.012492
11.500000
7.566373
9.552487
11.180340
11.672618
8.732125
8.732125
8.732125
7.648529
11.597414
11.101802
12.010412
11.510864
8.000000
9.013878
9.552487
11.045361
12.509996
9.513149
9.055385
12.093387
11.597414
12.257651
12.539936
9.000000
11.045361
13.086252
11.280514
9.486833
12.010412
11.045361
11.280514
9.708244
9.013878
12.539936
11.000000
11.000000
11.543396
11.011358
11.510864
10.511898
8.139410
11.597414
10.793517
11.510864
11.011358
12.539936
9.055385
10.688779
8.077747
9.000000
9.513149
10.547512
11.045361
10.307764
12.165525
10.688779
10.793517
10.688779
10.307764
9.013878
12.500000
10.920165
9.486833
9.192388
10.000000
9.013878
11.011358
9.513149
12.000000
10.000000
12.093387
10.049876
12.041595
9.823441
11.280514
8.732125
10.547512
7.566373
9.513149
7.516648
8.500000
10.012492
9.013878
6.500000
9.000000
7.000000
6.020797
10.440307
8.381527
9.219544
7.762087
7.762087
7.158911
7.566373
7.566373
8.558621
8.558621
9.486833
9.823441
9.500000
10.111874
11.280514
12.500000
13.009612
13.009612
9.340771
9.823441
11.000000
12.000000
9.013878
10.111874
11.180340
8.246211
9.219544
10.111874
12.041595
9.055385
10.049876
8.000000
10.012492
8.514693
11.000000
9.013878
11.011358
12.093387
9.513149
11.045361
12.257651
10.000000
12.093387
10.012492
11.045361
10.111874
8.500000
11.597414
11.101802
9.552487
8.631338
10.688779
11.543396
12.500000
8.631338
8.062258
11.101802
9.513149
8.015610
10.111874
8.062258
8.139410
9.013878
9.000000
10.012492
11.045361
7.158911
7.648529
7.516648
8.860023
10.012492
7.566373
9.708244
6.670832
8.558621
8.139410
7.762087
6.800735
5.522681
8.732125
10.111874
10.049876
11.011358
8.139410
10.049876
10.547512
11.510864
11.510864
10.111874
10.440307
11.510864
11.011358
9.124144
9.823441
10.547512
11.101802
11.180340
13.038405
9.500000
11.543396
12.165525
10.307764
11.543396
12.509996
9.500000
11.011358
12.010412
12.000000
9.055385
9.219544
10.440307
9.500000
9.500000
10.547512
9.708244
9.962429
8.500000
11.543396
10.688779
10.500000
10.606602
9.962429
10.000000
9.124144
9.124144
10.049876
9.552487
9.513149
9.500000
10.511898
9.513149
10.049876
8.246211
8.015610
7.158911
10.049876
8.500000
6.519202
9.513149
7.017834
7.648529
8.631338
10.012492
7.905694
9.513149
10.688779
7.500000
9.617692
10.511898
8.500000
10.012492
8.558621
10.012492
10.511898
11.045361
12.041595
9.055385
11.180340
9.124144
12.041595
12.010412
12.093387
12.257651
14.080128
14.008926
11.401754
12.165525
13.729530
14.637281
14.637281
12.539936
13.009612
14.534442
15.033296
16.000000
12.000000
13.009612
11.510864
15.508062
14.142136
13.341664
15.402922
12.500000
14.080128
14.637281
14.916434
13.038405
13.152946
11.543396
13.009612
10.606602
11.597414
9.962429
9.823441
10.440307
10.198039
10.440307
9.013878
12.010412
12.000000
9.013878
11.543396
9.219544
11.101802
10.500000
14.008926
11.543396
11.011358
11.280514
11.000000
13.152946
9.500000
11.101802
10.606602
10.000000
9.055385
9.708244
11.597414
10.049876
9.552487
10.012492
11.000000
8.500000
10.594810
11.180340
12.010412
9.486833
9.823441
10.511898
8.860023
8.246211
8.015610
8.276473
11.280514
9.617692
8.015610
12.649111
8.732125
11.011358
12.369317
12.041595
12.010412
11.280514
10.688779
8.631338
11.180340
12.093387
9.013878
8.246211
7.500000
10.606602
9.617692
9.617692
8.514693
10.500000
11.011358
9.000000
12.509996
9.055385
11.543396
10.049876
11.011358
9.013878
9.013878
12.010412
10.012492
10.012492
12.041595
9.124144
12.000000
11.045361
11.543396
10.793517
13.038405
12.010412
12.539936
13.729530
13.341664
11.672618
12.980755
10.920165
11.768602
13.647344
12.165525
12.165525
12.257651
9.055385
8.558621
12.041595
11.280514
9.219544
8.860023
10.793517
12.369317
8.860023
8.860023
7.762087
8.631338
10.793517
8.062258
10.000000
10.547512
10.511898
10.198039
8.381527
11.180340
10.111874
12.010412
11.045361
9.552487
8.558621
8.500000
9.500000
9.000000
10.547512
11.000000
12.010412
14.000000
11.045361
9.823441
12.000000
12.980755
11.884864
8.500000
10.511898
9.013878
8.558621
8.631338
8.514693
9.617692
10.500000
10.198039
9.000000
11.180340
7.516648
8.631338
7.433034
9.500000
8.631338
12.747549
12.165525
13.729530
12.509996
11.543396
8.631338
13.729530
14.000000
7.516648
10.547512
12.539936
12.041595
12.093387
13.086252
12.649111
12.500000
11.067972
13.601471
15.524175
14.430870
14.317821
13.209845
12.776932
13.892444
17.007351
15.882380
19.602296
20.353132
18.867962
22.500000
23.334524
23.942640
23.307724
20.524376
16.552945
21.783021
20.180436
16.918924
21.569655
21.708293
21.319006
21.639085
18.601075
15.945219
16.278821
14.916434
17.334936
16.985288
17.327723
11.011358
13.086252
18.506756
12.020815
15.116216
14.326549
11.335784
9.192388
8.276473
7.433034
6.519202
6.670832
10.111874
6.964194
9.013878
10.012492
10.440307
8.558621
5.500000
9.486833
8.139410
13.341664
12.589678
9.962429
9.124144
7.615773
8.514693
10.012492
11.000000
12.500000
10.500000
11.510864
9.617692
10.688779
10.547512
10.012492
11.543396
12.747549
13.500000
10.511898
12.093387
10.688779
9.823441
8.732125
9.124144
10.049876
12.010412
10.307764
12.093387
11.000000
10.111874
10.012492
12.747549
11.045361
12.500000
12.369317
13.647344
11.672618
13.238202
10.793517
11.543396
12.093387
10.307764
12.020815
12.509996
11.597414
9.823441
10.500000
11.597414
10.688779
9.013878
11.000000
12.010412
8.631338
8.732125
11.672618
11.543396
8.062258
11.510864
10.500000
10.000000
13.038405
8.631338
10.511898
8.732125
10.606602
10.500000
9.513149
10.511898
11.543396
8.631338
11.011358
11.045361
12.165525
13.509256
11.672618
11.500000
12.093387
13.009612
13.038405
12.010412
12.000000
13.038405
11.101802
14.008926
14.577380
12.589678
14.080128
13.152946
13.729530
10.606602
11.067972
12.747549
12.500000
12.980755
14.008926
13.009612
13.152946
14.142136
13.341664
11.011358
13.009612
9.500000
10.606602
10.198039
11.510864
9.500000
11.045361
11.597414
11.045361
10.000000
8.246211
10.000000
10.793517
7.500000
8.062258
7.566373
7.516648
11.011358
10.500000
9.013878
7.516648
11.045361
9.617692
8.077747
10.688779
8.246211
9.708244
6.670832
9.055385
8.015610
10.000000
9.055385
11.280514
9.617692
10.049876
11.045361
7.280110
9.000000
7.905694
10.547512
10.547512
11.011358
9.340771
11.101802
10.012492
10.012492
9.013878
10.049876
11.000000
8.015610
10.500000
11.597414
10.111874
12.257651
10.606602
12.041595
10.012492
12.041595
10.000000
12.010412
10.012492
11.543396
10.793517
12.010412
13.000000
9.340771
10.012492
10.111874
10.198039
9.055385
8.062258
10.198039
11.597414
8.558621
9.500000
9.124144
8.062258
7.762087
11.101802
9.000000
12.041595
9.500000
10.012492
11.543396
8.139410
9.124144
10.012492
11.011358
8.062258
9.823441
10.688779
11.101802
8.500000
8.558621
9.013878
10.049876
7.158911
8.139410
9.708244
7.615773
9.219544
7.280110
9.055385
6.519202
9.500000
8.062258
7.905694
6.184658
8.558621
7.000000
6.519202
11.000000
10.000000
10.500000
8.015610
8.514693
10.511898
7.516648
8.558621
10.793517
9.124144
8.015610
8.015610
10.547512
10.547512
10.012492
10.049876
10.049876
10.606602
10.049876
9.013878
9.500000
8.500000
8.514693
8.514693
9.055385
8.732125
9.708244
10.920165
10.111874
12.041595
12.041595
13.238202
9.708244
10.606602
9.617692
9.552487
12.500000
8.500000
9.013878
10.049876
8.015610
10.049876
11.510864
9.617692
9.124144
7.762087
10.049876
7.500000
9.823441
11.101802
10.000000
14.317821
10.012492
12.747549
9.617692
8.732125
11.101802
9.486833
8.381527
12.041595
9.962429
9.013878
9.055385
5.024938
6.500000
7.106335
10.735455
8.276473
8.500000
8.500000
7.632169
9.433981
4.924429
9.848858
9.219544
10.295630
7.905694
11.180340
9.656604
8.732125
7.826238
6.800735
10.606602
8.860023
8.732125
9.848858
10.440307
9.848858
6.324555
7.615773
10.012492
10.198039
7.516648
11.180340
8.558621
10.440307
10.965856
11.280514
7.017834
9.219544
7.566373
9.617692
8.514693
9.552487
11.884864
10.511898
11.045361
12.658989
12.980755
8.732125
10.594810
7.632169
11.884864
7.280110
8.860023
11.423660
11.543396
10.307764
12.649111
8.631338
10.404326
9.552487
10.700467
8.200610
11.401754
8.746428
6.264982
9.861541
9.013878
12.093387
13.416408
12.175796
12.349089
11.423660
9.178780
10.404326
7.648529
8.732125
7.516648
5.830952
7.071068
8.500000
9.823441
9.823441
8.246211
11.101802
9.500000
11.543396
9.617692
10.307764
9.124144
7.071068
10.440307
9.552487
9.486833
8.500000
8.139410
9.394147
9.013878
7.158911
8.500000
6.670832
9.513149
9.013878
7.615773
6.324555
9.013878
8.015610
6.576473
7.158911
5.852350
6.800735
6.800735
6.576473
6.576473
10.049876
9.124144
8.062258
11.011358
9.340771
10.012492
8.381527
9.000000
11.101802
9.055385
7.566373
7.566373
8.000000
10.307764
11.401754
10.198039
9.055385
9.513149
10.793517
11.672618
12.658989
9.617692
9.617692
10.547512
10.606602
10.012492
10.012492
9.708244
9.708244
9.000000
11.101802
9.823441
11.011358
9.219544
10.000000
11.280514
7.762087
8.500000
8.860023
8.500000
7.905694
10.049876
9.340771
7.000000
9.617692
7.071068
7.071068
8.139410
9.340771
5.852350
6.964194
6.964194
7.648529
7.566373
7.017834
8.381527
7.648529
8.015610
6.082763
8.246211
7.762087
7.017834
9.013878
7.433034
9.617692
7.516648
11.768602
10.049876
9.513149
9.617692
9.552487
10.511898
12.000000
12.010412
13.009612
11.000000
11.500000
12.010412
10.012492
10.500000
11.011358
13.000000
13.038405
12.041595
12.010412
12.500000
12.747549
14.508618
14.637281
12.500000
12.165525
10.012492
12.509996
10.547512
9.124144
9.552487
9.500000
8.139410
11.011358
7.158911
7.158911
11.180340
9.055385
7.017834
9.500000
10.049876
6.324555
8.015610
7.516648
6.800735
5.522681
5.700877
6.020797
7.000000
7.648529
8.558621
6.020797
8.062258
9.124144
7.017834
8.139410
8.500000
10.111874
7.017834
8.139410
8.139410
6.082763
8.139410
7.500000
9.219544
6.519202
10.111874
11.543396
9.513149
10.606602
10.012492
11.180340
10.049876
12.589678
10.688779
13.509256
12.000000
11.101802
11.045361
11.045361
10.440307
12.658989
12.854960
9.962429
13.200379
14.577380
14.317821
10.735455
10.440307
10.977249
11.672618
10.062306
9.656604
8.860023
7.648529
11.236103
9.192388
9.124144
10.920165
10.511898
10.547512
10.688779
9.552487
9.513149
9.486833
9.000000
8.558621
9.708244
11.067972
11.101802
13.152946
9.823441
11.401754
13.238202
11.401754
12.980755
10.440307
12.649111
13.928388
11.067972
12.369317
12.369317
11.401754
12.206556
14.577380
15.008331
15.692355
15.008331
16.918924
14.300350
15.206906
14.300350
13.086252
11.853270
10.977249
12.379418
11.011358
10.000000
8.845903
14.008926
15.337862
18.445867
14.422205
16.507574
14.577380
18.506756
16.224981
17.088007
19.235384
19.474342
20.838666
21.029741
21.828880
23.409400
24.596748
27.313001
23.070544
21.360009
20.670027
19.455076
19.300259
18.117671
16.710775
13.892444
13.209845
12.206556
11.884864
15.443445
10.735455
11.800424
7.615773
8.276473
8.732125
9.300538
9.192388
11.704700
12.369317
9.656604
11.180340
10.965856
10.307764
11.067972
12.747549
13.209845
15.041609
15.787653
14.983324
15.508062
15.700318
16.401219
16.985288
19.723083
17.613915
17.029386
18.601075
18.439089
17.613915
20.000000
21.319006
19.474342
15.572412
18.034689
17.923448
18.179659
16.101242
17.888544
14.577380
14.230249
18.867962
19.039433
20.112185
14.534442
17.720045
15.660460
18.788294
16.918924
14.983324
17.923448
18.117671
20.796634
17.414075
19.416488
19.416488
19.704060
20.886599
24.601829
25.401772
22.299103
26.631748
27.802878
27.335874
23.600847
26.400758
27.018512
27.018512
25.544080
26.907248
30.016662
29.681644
25.124689
25.811819
27.784888
25.656383
26.767518
30.000000
32.330326
27.500000
25.927784
25.519600
21.783021
27.041635
22.726636
24.824383
16.401219
18.768324
15.953056
13.000000
9.924717
12.379418
12.041595
11.401754
11.401754
10.000000
11.926860
10.594810
11.629703
13.462912
10.594810
11.067972
9.962429
11.236103
13.601471
15.041609
14.115594
13.865425
14.089003
17.442764
16.552945
16.155494
17.442764
18.343936
22.141590
21.914607
20.892582
19.241881
17.007351
21.476732
22.610838
24.207437
26.076810
28.217902
25.947061
28.900692
29.681644
32.206366
31.216983
34.917761
35.245567
38.967936
38.762095
39.121605
42.605751
40.607881
42.314300
41.076149
40.920655
43.729281
44.119157
43.304157
44.511235
46.703854
46.227697
48.023432
51.034302
52.175186
51.400389
48.872283
51.324945
53.037722
53.415822
53.758720
59.835190
60.827625
63.186233
65.436993
71.142463
75.802375
73.798713
75.239617
76.617557
79.298487
77.491935
77.833155
70.869599
68.893033
63.507874
61.846584
60.406953
56.773673
54.893078
55.986606
55.986606
58.345951
53.928193
51.870030
44.768851
44.980551
39.147158
37.165172
31.468238
30.153773
24.698178
23.963514
23.323808
19.500000
24.010414
18.867962
21.731314
18.560711
19.962465
19.780040
17.923448
19.912308
20.081086
18.794946
18.200275
17.219175
16.807736
16.155494
14.422205
18.788294
18.560711
16.324828
15.811388
16.643317
16.007811
14.866069
13.928388
12.349089
12.206556
13.200379
14.577380
16.867128
14.637281
16.140012
16.194135
15.132746
14.396180
13.462912
11.280514
13.583078
15.508062
14.080128
11.884864
12.971122
12.257651
11.510864
8.732125
9.013878
8.732125
5.700877
8.860023
9.000000
8.077747
10.124228
7.017834
10.295630
12.747549
10.965856
5.590170
10.124228
13.038405
11.543396
8.000000
11.236103
8.062258
11.236103
11.597414
11.011358
9.013878
10.547512
11.510864
11.672618
12.509996
15.008331
10.500000
11.672618
12.165525
13.583078
10.920165
13.729530
14.142136
10.688779
10.000000
13.009612
12.500000
10.920165
8.500000
9.823441
9.513149
8.631338
11.597414
10.012492
9.617692
8.015610
7.566373
8.062258
9.340771
10.111874
9.124144
11.510864
9.013878
11.672618
9.617692
