1.414214
1.414214
1.414214
1.414214
1.414214
1.414214
7.071068
7.071068
2.828427
2.828427
2.828427
2.236068
7.280110
4.123106
4.123106
2.828427
2.828427
2.500000
6.800735
6.800735
6.800735
6.500000
6.500000
9.000000
1.000000
4.000000
8.000000
8.000000
3.000000
5.522681
5.522681
5.522681
5.522681
13.509256
13.509256
11.011358
11.011358
8.514693
8.514693
8.514693
16.507574
16.507574
16.507574
16.507574
16.507574
14.508618
14.508618
14.508618
14.508618
19.506409
19.506409
18.506756
18.506756
16.507574
16.507574
14.508618
14.508618
14.508618
14.508618
14.508618
14.508618
14.508618
14.807093
14.807093
14.807093
14.807093
14.807093
17.755281
17.755281
17.755281
17.755281
17.755281
17.755281
17.755281
17.755281
17.755281
17.755281
17.755281
17.755281
26.172505
23.194827
23.194827
23.194827
23.194827
23.194827
22.203603
30.149627
30.149627
30.149627
27.663152
25.675864
25.675864
25.675864
25.675864
25.675864
25.675864
27.771388
27.771388
25.675864
25.675864
25.675864
25.675864
25.675864
25.675864
25.675864
25.675864
25.675864
23.194827
23.194827
15.297059
15.297059
12.854960
12.854960
16.770510
16.770510
13.829317
13.829317
6.264982
13.829317
9.013878
6.708204
12.083046
6.726812
9.861541
4.609772
1.118034
3.640055
1.802776
8.139410
4.272002
6.726812
3.201562
2.500000
3.201562
3.201562
4.031129
2.061553
4.924429
3.201562
7.762087
10.688779
4.924429
8.732125
4.924429
12.093387
9.962429
8.544004
12.083046
11.401754
6.082763
11.180340
11.401754
12.165525
10.440307
16.278821
15.297059
13.341664
12.165525
10.198039
10.816654
18.681542
15.811388
13.928388
16.763055
15.524175
21.377558
15.524175
15.524175
10.770330
12.649111
15.524175
15.524175
8.062258
9.000000
12.649111
12.649111
12.649111
12.649111
12.649111
12.649111
9.219544
9.219544
14.142136
11.180340
10.198039
6.000000
14.000000
11.000000
11.000000
11.000000
10.000000
17.000000
13.152946
13.152946
13.152946
9.219544
9.219544
9.219544
5.000000
5.385165
7.810250
14.317821
9.219544
7.211103
14.422205
10.000000
13.152946
10.000000
4.242641
10.440307
14.866069
11.401754
11.661904
8.544004
6.324555
6.708204
7.810250
7.810250
7.810250
3.162278
9.486833
10.295630
10.295630
10.295630
5.099020
5.099020
8.602325
9.055385
9.055385
9.055385
8.246211
8.246211
8.246211
8.246211
8.246211
8.246211
8.246211
8.246211
8.246211
8.246211
8.246211
8.246211
8.246211
8.246211
3.162278
9.486833
9.486833
9.486833
6.082763
10.816654
10.816654
5.830952
5.830952
5.830952
2.000000
8.246211
6.708204
3.162278
3.162278
10.816654
10.816654
4.472136
5.385165
5.385165
4.272002
5.522681
8.860023
6.519202
3.535534
8.276473
8.276473
7.905694
7.905694
3.535534
6.041523
3.807887
3.535534
8.276473
3.041381
3.041381
2.915476
2.915476
7.778175
6.041523
6.964194
5.700877
6.964194
4.716991
4.716991
4.609772
4.609772
5.315073
6.020797
6.020797
2.061553
2.061553
4.609772
6.726812
6.726812
6.726812
6.726812
2.692582
5.590170
5.590170
5.590170
5.590170
6.576473
3.354102
3.354102
3.354102
10.735455
10.735455
3.500000
3.500000
3.500000
11.500000
5.408327
6.726812
6.726812
6.726812
4.272002
7.632169
7.632169
7.632169
2.692582
2.692582
4.272002
4.272002
4.272002
4.272002
4.272002
7.632169
7.632169
7.632169
7.632169
7.632169
7.632169
7.632169
7.632169
7.632169
7.632169
7.632169
7.632169
7.632169
7.632169
6.670832
2.121320
2.121320
3.535534
8.631338
1.581139
1.581139
5.700877
6.964194
5.522681
5.522681
5.522681
6.363961
6.363961
6.363961
6.363961
6.363961
6.363961
6.363961
6.363961
6.363961
6.363961
6.363961
6.363961
6.363961
5.700877
12.980755
12.980755
12.980755
5.700877
5.700877
5.700877
12.349089
10.630146
10.630146
8.062258
8.062258
7.280110
7.280110
12.206556
10.049876
10.049876
10.049876
10.049876
10.049876
10.049876
10.049876
10.049876
14.142136
14.142136
14.142136
14.142136
14.142136
14.142136
14.142136
6.324555
6.324555
6.324555
6.324555
6.324555
6.324555
6.324555
3.605551
3.605551
3.605551
3.605551
3.605551
3.605551
3.605551
3.605551
3.605551
3.605551
3.605551
3.605551
3.605551
3.605551
3.605551
3.605551
3.605551
3.605551
3.605551
3.605551
3.605551
3.605551
3.605551
3.605551
3.605551
3.605551
3.605551
3.605551
3.605551
3.605551
3.605551
3.605551
3.605551
3.605551
3.605551
3.605551
3.605551
3.605551
3.605551
3.605551
5.830952
5.830952
4.123106
4.123106
4.123106
4.123106
4.123106
4.123106
4.123106
4.123106
4.123106
4.123106
4.123106
4.123106
4.123106
4.123106
4.123106
4.123106
4.123106
4.123106
4.123106
4.123106
4.123106
4.123106
4.123106
4.123106
4.123106
5.000000
5.000000
5.000000
2.236068
2.236068
2.236068
2.236068
2.236068
2.236068
4.123106
4.123106
1.000000
1.000000
4.123106
4.123106
5.000000
5.000000
5.830952
5.830952
6.082763
6.082763
6.082763
6.082763
6.324555
6.324555
6.000000
6.000000
6.000000
6.000000
6.000000
8.062258
8.062258
8.062258
8.944272
8.944272
8.944272
9.055385
9.055385
9.055385
7.211103
4.472136
1.000000
1.000000
5.099020
7.615773
7.615773
5.385165
5.385165
7.810250
4.472136
5.656854
7.071068
1.414214
9.055385
8.062258
4.123106
4.242641
4.242641
3.000000
3.000000
5.024938
3.041381
3.041381
4.031129
4.031129
4.031129
4.031129
4.031129
4.031129
4.031129
4.031129
1.414214
1.414214
3.605551
3.605551
3.605551
1.414214
4.000000
4.000000
4.123106
8.062258
4.123106
4.123106
9.486833
3.162278
6.082763
10.198039
5.656854
5.656854
2.236068
13.453624
12.539936
12.419742
10.307764
13.647344
11.715375
9.394147
13.462912
17.755281
14.080128
16.224981
15.811388
13.462912
21.100948
20.615528
15.337862
15.337862
15.337862
8.200610
16.620770
15.945219
17.066048
9.178780
16.620770
18.200275
18.200275
18.200275
16.560495
16.286497
15.008331
15.008331
10.259142
10.259142
14.577380
14.577380
12.903488
15.116216
10.700467
15.116216
15.116216
12.103718
12.103718
17.102631
17.102631
17.102631
17.102631
13.729530
12.349089
5.700877
12.349089
5.700877
15.572412
15.572412
12.103718
12.103718
8.514693
8.514693
14.230249
14.230249
7.106335
7.106335
14.849242
10.793517
14.916434
11.597414
8.514693
8.514693
6.964194
12.349089
12.349089
12.349089
12.349089
9.617692
16.985288
16.985288
16.985288
16.985288
17.204651
6.708204
12.529964
9.219544
9.219544
9.219544
11.661904
11.661904
11.661904
8.062258
8.062258
4.123106
7.071068
9.433981
9.433981
8.246211
8.246211
12.206556
7.280110
7.280110
7.280110
15.132746
12.747549
12.747549
17.734148
17.734148
20.700242
20.700242
20.700242
22.192341
22.192341
22.192341
19.906029
19.906029
19.906029
19.906029
28.853076
22.102036
35.700140
30.417922
35.933967
28.622544
29.090376
34.644624
34.644624
34.644624
34.644624
34.644624
41.003049
36.786546
38.745968
36.527387
31.484123
39.080046
35.756118
43.341666
40.626346
41.140005
41.140005
39.044846
39.044846
39.044846
39.044846
40.205721
38.684622
35.784075
37.423255
31.088583
34.212571
36.366193
34.270979
27.101660
25.387005
33.324165
26.504717
22.726636
26.953664
26.953664
29.732137
29.732137
29.732137
29.732137
25.059928
29.206164
22.726636
17.334936
17.500000
13.829317
8.077747
11.500000
10.307764
12.539936
12.539936
4.609772
4.609772
8.500000
14.150972
15.206906
16.007811
10.965856
17.867568
18.117671
16.918924
14.115594
16.347783
21.360009
15.402922
20.426698
27.060118
21.708293
22.209232
25.811819
15.297059
18.248288
13.341664
21.213203
15.206906
23.135471
17.117243
18.027756
16.620770
16.620770
11.011358
11.011358
11.011358
11.715375
9.013878
9.013878
1.118034
1.118034
1.118034
5.385165
5.385165
3.605551
4.242641
5.830952
4.242641
4.242641
6.708204
3.605551
5.000000
5.000000
5.000000
5.099020
5.099020
5.099020
7.433034
7.433034
7.433034
7.433034
7.433034
7.433034
9.656604
10.062306
12.500000
12.500000
12.816006
13.462912
13.462912
13.756816
11.543396
11.543396
11.543396
11.543396
8.015610
8.015610
8.015610
8.015610
8.015610
6.726812
6.726812
5.099020
5.099020
5.099020
5.099020
5.099020
5.099020
5.099020
5.099020
5.099020
5.099020
5.099020
5.099020
5.099020
5.099020
10.295630
5.099020
5.830952
9.848858
12.041595
12.041595
7.071068
7.071068
7.071068
7.071068
7.071068
5.830952
8.602325
5.099020
7.071068
7.071068
4.123106
4.123106
9.899495
9.899495
7.071068
7.071068
7.071068
7.071068
7.071068
15.033296
15.033296
4.000000
12.000000
7.017834
7.017834
6.020797
10.404326
6.500000
6.500000
5.315073
5.315073
1.500000
8.139410
1.500000
1.500000
1.118034
1.118034
1.802776
1.802776
1.802776
1.802776
9.552487
9.552487
5.500000
5.500000
9.708244
5.500000
13.500000
15.692355
7.158911
14.807093
18.200275
7.905694
15.182226
15.182226
9.617692
9.192388
6.184658
8.845903
6.184658
6.946222
6.020797
7.433034
9.192388
10.124228
14.916434
16.446884
13.729530
12.747549
12.747549
7.778175
6.041523
17.102631
13.729530
15.116216
15.953056
15.953056
19.723083
26.925824
25.079872
33.060551
30.207615
38.059164
48.523190
48.523190
48.757051
48.757051
56.579590
56.579590
56.500000
56.500000
56.008928
56.008928
48.010416
48.010416
48.010416
48.010416
48.010416
48.010416
48.010416
56.008928
56.008928
51.908573
48.564390
48.564390
38.581083
35.587919
32.596012
39.654760
30.602287
26.617663
29.605743
29.841247
24.989998
21.505813
18.124569
13.946326
18.337121
14.534442
8.015610
10.594810
5.522681
5.522681
6.041523
4.527693
4.527693
1.581139
6.519202
2.549510
9.924717
4.743416
9.617692
11.768602
8.276473
6.041523
7.382412
1.581139
2.121320
2.500000
2.549510
6.020797
12.369317
21.189620
20.000000
19.697716
24.824383
23.926972
27.554491
27.554491
27.115494
27.073973
19.104973
19.163768
20.814658
11.011358
3.041381
7.433034
6.184658
7.500000
6.800735
11.800424
10.307764
10.307764
7.516648
7.516648
11.335784
8.514693
8.514693
8.514693
8.514693
8.732125
8.732125
10.404326
10.404326
10.404326
9.604686
7.762087
7.762087
7.762087
10.735455
8.077747
6.500000
14.500000
13.285330
8.631338
6.964194
6.964194
8.860023
8.860023
14.159802
10.606602
5.700877
13.583078
8.860023
8.860023
9.300538
13.509256
4.527693
4.527693
7.106335
7.106335
7.106335
6.519202
5.700877
5.700877
5.700877
5.700877
12.103718
1.581139
1.581139
6.519202
6.519202
4.301163
6.519202
6.519202
6.519202
8.860023
8.860023
4.949747
4.949747
4.949747
12.349089
8.276473
8.276473
9.924717
9.924717
6.519202
5.700877
5.700877
12.349089
14.159802
9.823441
7.382412
7.382412
7.382412
12.747549
12.747549
10.606602
2.915476
9.823441
5.522681
9.300538
6.041523
6.041523
6.041523
6.041523
6.041523
7.778175
6.041523
7.778175
8.631338
1.581139
6.519202
6.519202
6.363961
6.363961
8.514693
8.514693
8.514693
6.964194
6.519202
9.924717
9.924717
5.700877
6.363961
4.527693
4.527693
8.746428
8.514693
0.707107
7.106335
5.147815
5.147815
5.147815
7.106335
7.106335
6.519202
6.363961
6.363961
6.363961
6.363961
6.363961
6.363961
6.363961
4.743416
7.905694
5.700877
5.700877
6.041523
6.041523
6.041523
7.778175
6.041523
6.041523
6.041523
6.041523
6.041523
7.778175
7.778175
7.516648
7.516648
7.516648
10.920165
3.905125
11.543396
10.920165
10.259142
10.259142
8.500000
8.500000
16.985288
12.980755
14.577380
