0.000000
0.000000
0.000000
0.000000
0.000000
0.000000
4.000000
4.000000
4.472136
4.472136
4.472136
4.472136
4.472136
6.103278
6.041523
6.519202
6.103278
5.099020
4.743416
2.061553
4.123106
4.031129
4.242641
4.924429
3.201562
3.201562
2.828427
1.581139
1.802776
2.236068
5.024938
2.692582
2.500000
4.301163
3.905125
5.000000
6.519202
5.024938
3.041381
0.500000
1.581139
1.581139
1.802776
1.581139
2.236068
0.707107
1.118034
3.162278
2.692582
5.315073
2.061553
2.500000
2.000000
1.118034
2.061553
4.609772
4.301163
3.640055
4.242641
5.147815
5.385165
0.500000
1.414214
1.000000
4.031129
2.236068
1.581139
0.707107
2.500000
2.549510
5.590170
2.549510
2.828427
3.905125
2.549510
4.609772
2.549510
2.236068
1.802776
2.828427
1.000000
2.500000
5.000000
1.118034
4.031129
1.802776
2.121320
2.915476
1.581139
1.802776
3.201562
3.162278
2.549510
3.500000
3.535534
5.385165
6.041523
2.500000
3.162278
2.236068
5.220153
2.549510
2.236068
3.807887
6.519202
5.000000
4.272002
5.500000
6.576473
6.020797
2.692582
3.500000
5.099020
4.031129
4.500000
4.123106
4.031129
4.743416
2.236068
3.354102
2.061553
1.118034
1.581139
2.061553
1.581139
2.549510
2.915476
2.915476
3.535534
2.915476
3.354102
3.807887
1.118034
3.201562
2.000000
2.692582
6.800735
7.566373
7.433034
6.519202
5.000000
5.700877
6.020797
6.946222
3.807887
4.272002
7.500000
5.700877
7.106335
7.632169
5.700877
4.031129
3.640055
5.315073
2.061553
4.031129
3.605551
3.041381
2.692582
3.000000
1.118034
3.041381
3.162278
5.590170
1.802776
2.915476
1.581139
2.061553
2.692582
3.162278
1.414214
2.549510
1.581139
1.414214
3.640055
2.828427
1.118034
1.118034
1.000000
0.707107
4.000000
5.099020
1.802776
1.802776
0.707107
1.118034
3.905125
4.031129
2.236068
4.527693
3.162278
2.828427
4.500000
3.201562
3.201562
2.000000
2.236068
3.605551
2.500000
2.828427
2.915476
3.535534
3.041381
2.500000
2.236068
2.236068
2.692582
2.061553
3.201562
4.301163
3.807887
1.802776
6.264982
5.656854
9.192388
9.708244
10.012492
3.640055
4.924429
5.000000
3.041381
2.000000
2.549510
2.236068
4.031129
4.472136
2.549510
4.949747
3.041381
4.031129
4.716991
3.807887
4.949747
1.000000
3.041381
1.118034
1.802776
0.500000
1.118034
0.000000
2.915476
3.041381
3.162278
1.500000
2.500000
2.061553
4.743416
3.535534
5.522681
4.527693
5.522681
6.576473
1.414214
0.500000
0.707107
1.000000
3.640055
2.549510
3.807887
0.500000
0.500000
3.000000
1.581139
3.535534
3.905125
2.121320
3.162278
1.414214
2.828427
1.118034
1.802776
1.118034
6.184658
2.000000
4.609772
1.414214
2.236068
2.236068
3.807887
2.915476
3.905125
3.905125
4.242641
3.535534
4.472136
2.692582
4.123106
5.700877
5.590170
4.924429
5.408327
8.000000
10.630146
9.848858
8.944272
6.500000
4.031129
2.061553
2.828427
0.707107
0.500000
3.041381
0.000000
1.581139
1.581139
4.031129
1.414214
1.581139
2.500000
2.061553
3.535534
3.500000
2.692582
2.500000
0.500000
5.700877
4.924429
4.123106
3.041381
3.905125
4.031129
6.000000
10.000000
9.513149
12.658989
14.221463
16.031220
13.946326
16.492423
13.729530
14.035669
12.041595
12.747549
13.756816
15.890249
16.446884
17.755281
12.419742
14.705441
11.335784
13.200379
10.307764
10.630146
12.500000
14.159802
13.435029
12.776932
16.710775
15.882380
15.264338
15.443445
17.269916
18.973666
17.007351
18.069311
17.734148
18.560711
18.337121
17.755281
14.764823
18.768324
19.300259
21.633308
20.248457
21.914607
19.981241
19.704060
18.901058
13.462912
17.670597
18.788294
14.534442
14.317821
15.008331
16.124515
13.729530
16.224981
14.300350
14.422205
12.083046
12.529964
15.882380
14.300350
16.807736
12.379418
16.643317
15.443445
13.656500
16.101242
12.298374
10.965856
13.200379
10.124228
9.962429
12.093387
13.238202
13.946326
14.577380
15.890249
15.882380
15.787653
16.140012
14.866069
14.430870
16.918924
13.462912
17.442764
17.240940
16.378339
19.039433
17.269916
14.534442
17.000000
16.770510
15.337862
17.720045
16.918924
14.983324
16.763055
13.152946
12.165525
11.704700
13.200379
12.257651
14.115594
18.069311
16.378339
15.206906
12.658989
17.392527
16.918924
10.735455
14.983324
17.951323
20.426698
19.448650
16.155494
15.882380
16.552945
18.445867
19.780040
16.620770
17.557050
15.435349
16.155494
18.828170
18.668155
17.102631
18.343936
17.923448
17.557050
18.788294
17.923448
14.317821
15.264338
15.692355
15.890249
17.734148
18.343936
17.670597
18.069311
18.384776
16.620770
19.039433
19.780040
18.200275
17.392527
19.500000
20.155644
17.923448
16.807736
15.692355
18.337121
19.455076
16.643317
15.116216
13.601471
15.337862
16.140012
15.337862
14.230249
18.927493
16.918924
16.155494
19.500000
16.560495
16.124515
17.219175
19.455076
20.615528
17.923448
16.918924
21.633308
19.557607
18.439089
19.006578
18.607794
18.607794
19.039433
18.601075
16.401219
17.204651
17.240940
17.888544
17.613915
20.880613
18.124569
18.681542
17.720045
19.313208
19.780040
19.137659
20.742469
19.300259
18.200275
17.557050
21.914607
22.388613
21.242646
21.540659
19.241881
18.788294
20.554805
21.476732
21.360009
17.007351
20.402206
22.005681
22.299103
21.708293
20.742469
17.867568
20.402206
18.200275
22.135944
18.580904
17.219175
16.620770
13.647344
10.816654
15.206906
19.912308
17.888544
17.240940
17.219175
16.918924
11.926860
13.656500
13.601471
14.705441
16.324828
15.524175
15.890249
9.124144
9.433981
10.295630
12.349089
11.236103
8.845903
7.905694
9.617692
10.124228
6.403124
9.604686
4.031129
7.071068
10.012492
6.576473
7.648529
10.111874
10.511898
9.340771
5.830952
10.594810
6.519202
5.024938
6.041523
7.158911
8.381527
8.139410
9.513149
12.854960
12.980755
11.510864
8.558621
12.010412
8.514693
9.617692
7.905694
6.500000
5.099020
9.604686
7.106335
6.184658
6.184658
6.020797
4.924429
6.946222
10.307764
10.440307
10.307764
11.543396
10.920165
7.158911
6.670832
3.535534
11.045361
8.860023
10.511898
9.124144
13.500000
12.010412
11.500000
11.500000
13.500000
10.606602
9.013878
3.500000
3.807887
6.020797
1.500000
4.000000
4.123106
1.118034
1.414214
1.000000
0.707107
1.581139
3.535534
2.692582
4.716991
5.000000
5.315073
4.031129
3.905125
12.589678
7.566373
3.162278
1.118034
4.609772
3.041381
7.632169
4.609772
5.315073
0.500000
1.118034
5.385165
5.852350
2.915476
3.201562
5.147815
4.609772
6.403124
6.519202
4.924429
6.708204
2.549510
3.201562
8.558621
9.192388
8.276473
5.000000
7.500000
6.324555
5.024938
4.949747
5.522681
3.905125
4.716991
5.000000
7.071068
6.184658
3.535534
2.692582
8.062258
6.041523
6.670832
4.743416
5.099020
4.472136
3.500000
3.640055
3.201562
3.201562
2.236068
2.121320
2.915476
4.000000
1.581139
2.061553
1.581139
3.201562
1.414214
1.118034
1.118034
2.549510
0.707107
2.061553
2.915476
2.500000
3.605551
2.692582
4.472136
4.609772
3.535534
3.201562
5.700877
4.609772
4.123106
3.807887
4.031129
6.264982
7.433034
5.000000
5.099020
5.147815
2.061553
4.527693
4.000000
3.041381
3.354102
5.315073
3.041381
5.830952
3.500000
5.590170
6.000000
6.041523
6.041523
3.535534
5.147815
5.590170
3.905125
3.535534
3.201562
4.031129
3.354102
4.123106
4.743416
3.807887
3.640055
3.162278
2.500000
4.031129
2.828427
3.162278
2.828427
2.692582
1.802776
2.121320
3.605551
3.354102
1.118034
1.802776
3.354102
1.581139
5.000000
4.716991
4.123106
4.031129
3.162278
3.807887
4.472136
4.301163
4.472136
4.031129
2.828427
3.807887
1.802776
2.915476
5.590170
6.519202
3.807887
2.828427
2.236068
2.915476
2.236068
3.500000
3.640055
3.535534
4.031129
3.500000
4.000000
2.236068
2.692582
2.236068
4.242641
2.549510
1.500000
2.000000
3.535534
2.692582
2.121320
1.802776
2.061553
0.000000
1.500000
0.500000
2.061553
2.000000
3.162278
2.121320
2.549510
3.535534
3.905125
3.162278
3.354102
3.807887
4.609772
3.535534
3.162278
4.031129
