1.000000
1.000000
0.000000
0.500000
3.354102
2.915476
2.692582
3.905125
4.242641
3.807887
5.220153
3.535534
5.590170
7.211103
8.732125
10.500000
10.049876
12.649111
12.539936
7.500000
9.192388
6.670832
6.082763
9.848858
15.041609
15.337862
19.039433
16.286497
14.317821
15.182226
12.020815
9.178780
15.976545
18.681542
17.464249
15.787653
16.155494
18.668155
18.527007
17.564168
13.462912
14.637281
16.446884
14.577380
18.527007
16.007811
14.560220
21.000000
19.416488
18.821530
19.235384
21.005952
21.053503
19.319679
16.552945
16.620770
10.606602
12.854960
15.811388
13.583078
13.341664
16.763055
8.200610
8.321658
13.416408
10.630146
8.015610
12.093387
11.597414
12.000000
14.142136
9.219544
9.617692
8.732125
5.408327
6.519202
7.648529
7.762087
6.082763
7.071068
4.743416
6.726812
3.605551
7.905694
6.500000
3.162278
4.272002
11.000000
10.198039
14.221463
11.672618
15.008331
7.905694
18.248288
17.734148
13.200379
19.104973
21.053503
20.024984
17.755281
19.416488
20.742469
22.073740
21.224985
20.615528
19.704060
19.474342
12.500000
13.601471
12.649111
13.509256
14.115594
11.236103
12.020815
9.219544
9.178780
8.500000
6.708204
6.964194
4.301163
5.590170
5.700877
6.726812
6.403124
8.139410
7.106335
6.726812
4.716991
5.000000
0.707107
6.184658
2.549510
4.031129
3.807887
3.500000
0.707107
2.549510
6.519202
7.905694
6.964194
9.124144
6.184658
6.800735
8.000000
8.381527
8.544004
6.946222
5.700877
9.708244
7.211103
7.810250
11.884864
11.236103
7.071068
7.433034
15.435349
9.433981
8.944272
6.708204
7.071068
8.321658
9.394147
7.632169
8.321658
5.590170
8.902247
6.726812
9.219544
11.926860
10.977249
10.977249
10.511898
11.661904
12.747549
14.089003
21.189620
18.384776
14.089003
13.892444
18.560711
17.557050
20.248457
19.300259
22.803509
21.505813
24.864634
22.461077
25.144582
24.622145
26.683328
27.212130
26.100766
25.164459
26.800187
27.829840
28.692333
27.577164
28.692333
23.963514
24.989998
27.518176
25.632011
24.698178
22.940139
20.426698
23.243279
26.100766
23.032586
18.553975
11.715375
10.770330
14.422205
12.539936
17.888544
15.890249
17.734148
16.507574
13.038405
12.658989
11.629703
11.180340
8.602325
8.276473
9.899495
7.158911
7.382412
8.062258
9.604686
11.423660
19.137659
15.443445
15.206906
11.853270
13.892444
19.241881
17.867568
21.587033
22.321514
20.248457
18.821530
16.347783
18.384776
18.580904
20.796634
20.124612
18.172782
17.029386
16.194135
19.319679
21.213203
21.148286
13.601471
15.435349
14.866069
18.343936
20.742469
21.708293
20.500000
20.500000
22.360680
23.436083
17.182840
16.620770
17.464249
18.172782
16.194135
16.492423
20.012496
16.124515
18.110770
18.607794
14.713939
15.074813
14.500000
16.507574
14.008926
13.009612
18.248288
18.343936
20.130822
23.194827
19.906029
24.083189
18.248288
21.644861
21.708293
23.021729
13.509256
12.747549
18.668155
16.620770
16.140012
16.918924
14.230249
15.524175
16.140012
15.182226
10.770330
14.317821
16.867128
14.916434
15.890249
18.172782
15.041609
13.756816
15.041609
16.688319
16.007811
10.440307
12.854960
16.378339
14.807093
14.430870
15.402922
12.747549
12.854960
12.257651
13.829317
13.601471
9.178780
7.632169
8.321658
9.604686
9.552487
7.516648
16.807736
15.435349
12.349089
13.462912
12.854960
13.829317
16.194135
13.009612
13.086252
12.093387
16.770510
17.392527
19.313208
17.557050
16.007811
16.378339
20.099751
20.506097
19.525624
19.729420
21.095023
24.698178
23.420077
24.520400
21.095023
23.584953
16.867128
17.564168
15.074813
18.506756
18.741665
22.073740
22.638463
21.053503
21.708293
18.607794
17.528548
17.356555
18.668155
17.557050
17.066048
16.140012
16.620770
13.729530
11.543396
9.513149
13.536986
14.534442
14.773287
14.577380
13.601471
13.462912
13.462912
9.513149
10.511898
10.198039
12.500000
20.303941
15.508062
16.070159
19.000000
24.627221
22.500000
23.048861
24.545875
24.581497
20.524376
22.588714
22.505555
23.521267
20.500000
18.560711
19.646883
21.708293
22.561028
21.077239
20.359273
22.847319
21.242646
21.023796
21.500000
25.019992
20.554805
21.005952
21.148286
17.066048
19.602296
16.031220
18.506756
20.024984
19.026298
21.213203
25.000000
21.523243
17.755281
21.023796
20.099751
21.592823
22.505555
12.500000
12.509996
13.152946
14.637281
15.000000
11.500000
11.500000
12.589678
11.672618
11.011358
13.509256
14.577380
14.577380
15.000000
15.787653
13.729530
14.430870
16.770510
16.507574
9.219544
14.089003
17.734148
14.705441
12.529964
15.231546
16.324828
13.901439
13.462912
15.890249
15.435349
15.443445
14.866069
17.888544
19.723083
18.848077
17.734148
18.500000
16.347783
18.357560
13.124405
16.620770
15.700318
15.811388
17.923448
14.560220
17.557050
16.560495
17.464249
21.691012
19.525624
16.124515
20.000000
25.739075
26.000000
24.515301
22.940139
21.587033
24.052027
19.780040
18.821530
20.742469
20.124612
17.734148
17.442764
21.505813
19.830532
25.739075
22.588714
18.973666
24.520400
22.192341
19.163768
19.906029
21.708293
22.770595
21.982948
18.788294
18.069311
19.811613
23.717082
26.856098
23.086793
29.904013
25.739075
25.985573
24.382371
22.610838
27.608875
24.622145
28.600699
25.553865
26.617663
23.853721
23.323808
22.743131
22.472205
29.206164
23.307724
23.200216
26.706741
29.410882
24.601829
24.748737
28.319605
26.907248
26.800187
26.800187
25.164459
24.789111
25.495098
24.789111
24.005208
24.622145
23.817011
28.040150
27.613403
23.436083
29.206164
25.806976
25.811819
25.811819
26.315395
23.817011
22.327114
25.700195
23.963514
24.698178
27.735356
24.274472
24.377243
21.708293
27.041635
27.973201
24.545875
23.717082
22.896506
26.215453
24.824383
23.706539
25.124689
26.400758
25.714782
26.925824
29.300171
28.853076
30.108138
25.553865
25.739075
26.612967
25.553865
24.166092
19.300259
20.670027
15.000000
20.229928
18.439089
14.422205
18.901058
9.899495
10.307764
18.117671
17.888544
11.412712
10.511898
12.500000
13.892444
12.529964
13.647344
8.845903
13.200379
14.705441
15.231546
15.508062
14.150972
16.770510
17.492856
15.652476
16.643317
17.442764
17.000000
21.272047
21.914607
18.721645
17.240940
18.788294
18.794946
17.029386
18.309833
21.470911
18.867962
19.557607
16.401219
16.800298
16.278821
16.807736
18.607794
16.263456
14.840822
14.577380
15.008331
18.668155
16.918924
17.219175
17.464249
17.392527
13.656500
14.326549
15.811388
13.209845
16.101242
11.884864
19.500000
17.088007
12.747549
14.773287
13.209845
14.422205
14.396180
15.337862
16.446884
13.647344
16.140012
13.865425
15.692355
13.462912
10.965856
14.577380
14.773287
14.317821
9.617692
10.965856
13.901439
12.020815
16.124515
15.443445
18.580904
15.953056
16.324828
18.117671
15.882380
16.807736
15.532225
15.953056
15.811388
15.532225
14.603082
13.729530
14.326549
16.155494
13.000000
17.902514
15.945219
13.901439
12.419742
13.928388
16.867128
17.677670
14.422205
12.500000
12.103718
14.916434
17.734148
18.721645
17.923448
17.240940
16.224981
15.556349
22.388613
24.864634
21.077239
20.500000
21.360009
21.148286
20.500000
15.628500
15.132746
14.866069
14.221463
12.816006
13.946326
14.317821
14.080128
18.927493
15.231546
17.269916
16.763055
14.577380
14.080128
11.853270
9.013878
11.768602
11.853270
8.062258
3.605551
7.778175
6.264982
9.192388
7.382412
6.500000
9.219544
4.716991
8.200610
7.905694
10.816654
6.041523
5.147815
4.000000
5.830952
4.123106
7.500000
3.041381
3.640055
7.017834
6.184658
8.558621
15.000000
12.041595
8.944272
6.403124
9.433981
6.103278
6.946222
4.949747
5.147815
4.924429
2.000000
3.807887
3.807887
3.535534
10.307764
8.944272
11.629703
9.394147
7.382412
8.732125
8.485281
10.594810
11.704700
12.589678
12.776932
12.349089
10.124228
13.038405
15.305228
10.700467
9.604686
11.715375
7.500000
8.200610
9.604686
11.011358
9.433981
8.321658
7.905694
9.433981
11.661904
10.965856
13.200379
12.619429
11.800424
13.453624
13.601471
13.509256
14.866069
15.620499
14.534442
14.916434
16.401219
17.327723
15.700318
17.414075
19.144190
21.400935
18.069311
16.101242
16.101242
14.396180
19.525624
15.953056
16.007811
17.327723
19.704060
20.524376
15.435349
12.971122
15.041609
17.392527
18.384776
16.807736
16.507574
18.721645
15.890249
20.615528
23.264780
25.223997
20.718349
22.588714
23.323808
25.553865
17.951323
17.088007
21.840330
28.504386
23.717082
20.359273
21.029741
22.051077
26.617663
21.587033
21.965883
20.402206
21.272047
21.077239
21.360009
20.814658
21.189620
22.299103
24.989998
27.829840
28.640007
27.285527
28.151377
28.504386
25.347584
24.520400
24.824383
24.041631
23.563743
23.048861
18.200275
22.455512
21.587033
20.359273
17.888544
16.770510
15.692355
16.867128
19.981241
19.006578
19.906029
20.408332
19.500000
19.780040
14.773287
15.976545
17.088007
11.884864
17.102631
17.464249
15.692355
13.038405
8.558621
12.529964
4.924429
11.236103
9.617692
11.401754
8.732125
8.139410
4.743416
8.860023
10.404326
12.816006
10.547512
8.544004
6.800735
10.124228
10.124228
