0.000000
0.000000
0.000000
0.000000
0.000000
0.000000
0.000000
0.000000
0.000000
0.000000
0.000000
1.000000
2.236068
2.000000
2.000000
2.000000
3.162278
4.123106
4.000000
0.500000
0.707107
3.535534
3.201562
0.500000
1.802776
2.500000
0.500000
0.707107
1.581139
3.807887
2.549510
2.549510
3.535534
2.915476
0.707107
2.915476
3.905125
3.500000
3.535534
2.549510
4.716991
2.500000
3.605551
3.162278
3.162278
4.123106
4.472136
4.123106
4.031129
4.716991
5.147815
5.147815
2.121320
4.527693
3.807887
2.915476
2.549510
3.640055
2.828427
4.031129
2.061553
5.024938
3.354102
2.500000
2.061553
2.061553
3.354102
4.272002
3.905125
4.031129
2.061553
5.024938
3.041381
2.061553
4.472136
5.590170
3.905125
3.605551
4.472136
5.000000
5.000000
6.403124
4.123106
2.692582
1.802776
5.385165
2.828427
4.609772
2.500000
5.024938
3.354102
4.500000
3.500000
4.527693
2.549510
6.519202
4.500000
2.692582
6.576473
5.024938
4.716991
6.020797
6.020797
3.354102
6.020797
4.272002
2.236068
3.162278
4.500000
3.500000
6.264982
5.408327
4.242641
3.162278
6.103278
6.020797
4.272002
5.315073
3.354102
6.500000
6.103278
3.201562
3.162278
3.500000
4.031129
3.640055
4.609772
2.692582
3.640055
2.500000
2.692582
4.527693
5.700877
5.220153
3.162278
3.162278
2.549510
2.915476
1.581139
2.915476
2.915476
2.236068
4.000000
3.000000
4.000000
5.024938
5.700877
3.640055
2.692582
5.590170
2.500000
4.301163
1.581139
2.500000
2.236068
2.500000
2.500000
3.162278
3.905125
2.915476
1.581139
2.061553
1.414214
2.692582
3.000000
3.041381
1.581139
4.301163
1.414214
5.220153
6.020797
2.915476
3.807887
4.123106
5.024938
2.828427
4.743416
3.041381
4.743416
3.905125
3.605551
2.692582
6.403124
5.000000
3.605551
2.500000
1.802776
4.472136
3.605551
2.915476
1.118034
1.802776
4.242641
5.852350
2.236068
3.605551
4.272002
5.315073
2.828427
1.581139
4.031129
4.609772
5.315073
5.385165
5.830952
5.852350
5.385165
6.576473
3.201562
5.700877
4.031129
4.301163
5.315073
2.500000
3.201562
1.581139
5.315073
3.201562
2.236068
1.500000
4.000000
5.656854
4.272002
5.590170
2.915476
5.147815
4.031129
4.301163
5.147815
5.147815
4.031129
2.915476
4.609772
4.031129
5.147815
4.609772
6.041523
4.031129
2.692582
5.590170
2.828427
4.716991
2.061553
4.609772
2.121320
4.031129
4.031129
4.031129
4.609772
4.123106
2.692582
4.716991
4.716991
5.147815
4.609772
4.301163
4.716991
6.264982
4.031129
5.830952
4.472136
4.242641
5.315073
6.324555
6.500000
5.220153
6.403124
6.403124
7.211103
7.106335
2.061553
6.726812
3.807887
2.121320
1.581139
4.301163
4.743416
3.535534
6.103278
5.024938
3.162278
3.162278
5.408327
7.433034
5.385165
6.103278
3.354102
7.071068
6.403124
6.082763
4.272002
4.527693
4.472136
5.000000
6.103278
6.324555
5.385165
7.280110
6.020797
4.000000
6.324555
6.946222
8.015610
5.147815
6.363961
5.315073
7.905694
6.020797
4.031129
4.949747
6.082763
7.158911
7.632169
3.535534
3.640055
5.315073
4.472136
4.123106
5.220153
7.433034
7.648529
4.301163
5.852350
6.041523
6.800735
5.147815
5.408327
3.905125
4.301163
4.301163
4.272002
5.220153
6.519202
3.201562
3.605551
4.272002
2.500000
6.082763
4.924429
2.500000
5.656854
4.301163
5.590170
4.301163
2.915476
7.106335
4.743416
5.700877
4.301163
3.535534
3.640055
3.807887
6.020797
3.535534
3.162278
4.272002
3.354102
2.061553
7.778175
6.800735
4.949747
4.301163
4.031129
6.041523
4.716991
2.915476
3.535534
4.743416
4.743416
6.519202
4.527693
5.147815
5.700877
5.522681
5.700877
3.535534
2.915476
5.522681
3.807887
4.527693
5.700877
7.516648
4.743416
3.535534
5.700877
4.527693
4.527693
4.743416
4.527693
4.527693
3.535534
3.535534
1.581139
4.527693
3.535534
4.743416
5.700877
4.527693
4.527693
3.000000
3.605551
2.236068
3.000000
5.000000
2.000000
3.162278
3.605551
4.242641
6.082763
4.242641
3.162278
2.236068
1.414214
5.385165
5.000000
5.000000
4.000000
3.000000
4.000000
4.472136
2.236068
4.123106
6.082763
2.828427
3.162278
2.000000
2.236068
2.000000
3.605551
3.000000
3.000000
4.000000
6.000000
1.414214
4.123106
5.000000
5.000000
6.708204
5.000000
5.000000
5.000000
5.000000
5.000000
3.605551
3.605551
3.605551
3.605551
3.605551
3.000000
3.000000
4.123106
4.123106
4.123106
4.123106
4.123106
4.123106
4.123106
4.123106
6.403124
4.123106
6.403124
6.403124
6.403124
6.403124
6.403124
6.403124
6.403124
6.403124
4.123106
4.123106
4.123106
4.123106
4.123106
4.123106
4.123106
4.123106
