0.000000
0.000000
0.000000
4.123106
3.162278
6.403124
2.061553
3.905125
4.272002
4.272002
3.905125
1.118034
3.535534
4.949747
0.707107
4.743416
5.147815
1.581139
2.915476
4.301163
4.527693
3.807887
4.743416
6.726812
5.315073
6.726812
5.700877
2.500000
4.609772
4.609772
5.590170
1.500000
2.500000
3.041381
8.139410
2.500000
4.609772
7.810250
2.061553
1.118034
6.264982
6.264982
6.264982
1.118034
4.716991
4.609772
1.500000
8.500000
6.800735
3.354102
1.802776
3.905125
8.558621
4.924429
5.852350
5.590170
6.800735
6.800735
6.800735
2.500000
2.500000
2.236068
5.000000
5.000000
5.099020
5.385165
9.486833
9.486833
10.630146
9.486833
9.000000
8.000000
8.544004
8.544004
9.433981
7.211103
7.211103
7.211103
6.403124
13.601471
13.601471
7.211103
5.000000
5.830952
7.615773
9.219544
4.242641
6.708204
7.615773
2.236068
8.000000
5.656854
5.656854
12.806248
8.944272
8.944272
8.944272
4.472136
4.472136
8.062258
8.062258
10.770330
3.162278
7.615773
10.770330
10.770330
10.198039
7.632169
4.031129
6.576473
8.558621
4.609772
7.762087
9.394147
9.962429
10.307764
9.708244
9.962429
9.604686
17.327723
18.445867
14.150972
13.416408
16.278821
18.439089
15.620499
21.633308
12.093387
9.552487
10.307764
20.180436
15.239751
18.117671
12.419742
13.086252
17.240940
15.206906
16.620770
20.862646
19.704060
15.913830
13.793114
20.353132
19.830532
20.934421
21.029741
14.008926
21.569655
19.006578
22.343903
17.500000
23.584953
21.569655
19.704060
19.006578
19.602296
16.800298
18.117671
18.117671
21.476732
18.821530
20.155644
12.806248
21.931712
17.691806
15.700318
12.349089
16.507574
18.721645
18.721645
18.721645
9.300538
10.977249
12.349089
13.583078
14.577380
10.259142
13.865425
9.962429
9.013878
9.394147
9.500000
10.688779
12.500000
13.536986
13.462912
12.010412
14.326549
13.647344
7.762087
14.080128
14.080128
12.658989
7.433034
9.861541
11.597414
4.527693
12.349089
8.514693
10.977249
8.062258
7.071068
6.519202
12.020815
5.147815
8.860023
8.860023
10.511898
6.519202
8.746428
10.124228
5.522681
6.041523
6.964194
3.807887
7.071068
7.071068
10.049876
7.280110
10.770330
12.369317
6.708204
8.544004
9.219544
11.045361
10.198039
12.298374
11.280514
12.649111
5.000000
8.544004
10.770330
13.892444
9.055385
7.071068
12.369317
6.708204
8.000000
11.313708
8.944272
8.602325
14.764823
11.401754
13.892444
10.295630
10.295630
12.206556
14.142136
13.453624
12.083046
11.715375
15.239751
17.492856
17.492856
11.401754
14.212670
14.212670
14.212670
14.396180
14.396180
14.396180
17.356555
17.356555
14.300350
14.300350
17.356555
17.356555
18.821530
13.901439
12.854960
19.830532
18.200275
16.650826
16.650826
17.414075
21.800229
21.360009
17.923448
14.396180
25.773048
24.150569
22.388613
22.388613
18.200275
20.012496
20.012496
24.909837
23.032586
22.655022
22.655022
22.655022
22.677081
22.677081
17.240940
15.435349
16.918924
16.007811
16.007811
19.906029
16.286497
22.321514
19.780040
22.610838
21.319006
24.052027
24.789111
25.079872
19.906029
21.505813
19.059119
19.059119
18.580904
21.587033
25.985573
25.985573
29.920729
26.518861
30.500000
30.413813
32.984845
34.014703
30.149627
32.015621
29.410882
26.925824
33.889526
33.889526
33.354160
26.655206
32.422986
33.425290
33.064331
33.109666
33.109666
29.567719
34.630189
34.223530
38.121516
33.708308
38.160844
32.066337
33.541020
31.400637
30.364453
27.166155
31.048349
33.541020
31.764760
29.154759
23.420077
25.268558
28.151377
28.887714
24.010414
31.088583
26.239284
23.505319
18.560711
28.469282
24.545875
23.032586
18.821530
22.410935
22.896506
25.164459
21.213203
18.601075
27.658633
24.083189
23.430749
22.671568
15.532225
24.601829
22.726636
13.928388
22.135944
22.561028
16.324828
20.554805
19.026298
16.070159
17.262677
15.297059
10.000000
16.977927
16.770510
14.866069
17.677670
15.008331
17.414075
21.569655
13.793114
15.008331
21.639085
20.180436
21.592823
21.800229
21.219095
22.051077
23.436083
22.410935
18.034689
18.768324
21.708293
22.343903
19.137659
15.532225
16.224981
18.034689
13.901439
17.613915
17.066048
14.500000
12.619429
9.708244
18.848077
18.848077
18.848077
18.848077
14.008926
19.678669
17.066048
15.206906
23.753947
23.436083
20.229928
22.410935
26.500000
22.321514
30.842341
25.044960
28.231188
24.186773
29.154759
23.086793
30.016662
30.450780
28.727165
36.800136
32.206366
25.539186
30.955613
32.684094
27.280946
31.780497
33.837849
29.410882
31.064449
33.615473
32.237401
30.417922
30.417922
36.307713
35.794553
40.746165
34.644624
34.644624
34.644624
39.016022
35.640567
40.205721
37.423255
38.347099
32.901368
32.901368
32.901368
31.662280
31.535694
34.677082
37.124790
34.047761
38.461019
34.917761
37.566608
40.770700
39.385911
36.211186
36.211186
36.249138
43.657760
41.173414
40.040604
36.211186
39.080046
36.211186
40.040604
40.706265
42.154478
37.805423
41.246212
41.246212
41.246212
41.620308
38.421999
46.360004
44.421279
46.810789
47.289005
46.810789
43.545953
45.839394
43.200116
45.213383
42.240384
42.240384
45.697374
45.697374
45.697374
43.911844
43.911844
50.500000
42.687820
42.687820
48.757051
41.003049
45.697374
45.697374
50.480194
42.851488
42.851488
42.851488
40.942032
49.327984
49.327984
46.360004
46.360004
45.235495
52.671150
50.796161
50.796161
46.154631
46.154631
46.154631
46.154631
48.931074
48.931074
48.931074
48.931074
48.931074
53.612032
53.612032
46.154631
46.154631
46.154631
50.796161
50.796161
50.796161
50.796161
50.796161
50.796161
58.345951
58.345951
52.661656
54.893078
54.334611
54.334611
54.334611
46.349218
46.349218
46.349218
46.349218
46.349218
46.349218
52.117655
52.404675
53.612032
51.480579
56.526542
51.071029
51.071029
56.135996
56.135996
56.135996
56.135996
59.002119
57.212324
58.738829
54.600824
54.600824
54.426556
54.426556
60.903612
60.903612
53.115440
53.115440
53.115440
55.563027
55.563027
55.563027
55.563027
55.563027
61.508130
53.956001
58.993644
60.878978
60.878978
57.116110
57.116110
60.276446
60.276446
54.692321
60.077034
60.077034
57.491304
57.760280
55.500000
53.387733
52.461891
50.933781
50.766623
52.337845
53.021222
53.021222
50.707495
54.619136
55.805466
53.612032
52.461891
50.450471
50.450471
50.450471
50.450471
53.667961
50.331402
55.220014
46.446205
48.541220
48.127435
49.580742
47.352402
49.419126
45.546679
40.478389
45.260358
40.205721
37.020265
36.912058
29.807717
35.106979
30.858548
31.340868
26.177280
21.914607
21.914607
21.914607
23.377339
13.285330
16.140012
19.163768
19.780040
20.155644
15.402922
19.319679
14.500000
19.313208
23.706539
19.416488
23.259407
25.104780
25.124689
30.761177
25.869867
28.727165
27.041635
35.017853
34.340210
38.577843
42.026777
41.246212
39.962482
41.182521
43.566042
48.301139
47.010637
45.276926
42.299527
42.299527
45.213383
45.213383
46.067885
50.062461
55.011362
56.002232
53.218888
54.150254
55.509008
59.052942
54.692321
54.168718
55.247172
58.772868
58.772868
56.269441
54.120237
52.469038
56.044625
54.230987
54.316204
51.022054
56.544230
54.692321
59.297976
54.883969
54.883969
54.883969
57.725644
54.233292
