0.500000
2.500000
1.118034
0.500000
2.500000
1.118034
2.061553
2.500000
2.061553
1.581139
1.581139
1.581139
2.121320
2.549510
0.707107
1.000000
2.000000
3.162278
1.500000
1.414214
2.000000
2.500000
1.581139
1.500000
3.201562
1.802776
2.000000
2.061553
1.000000
1.000000
2.000000
1.000000
1.414214
1.000000
2.236068
1.000000
2.000000
2.236068
1.000000
1.000000
1.000000
1.000000
2.000000
1.000000
3.162278
3.605551
2.549510
2.549510
4.000000
3.535534
0.500000
0.707107
2.549510
1.581139
1.581139
0.707107
2.549510
1.581139
2.500000
3.041381
3.041381
2.236068
2.000000
1.118034
1.118034
2.121320
1.000000
1.581139
1.000000
1.581139
1.500000
4.301163
2.500000
2.549510
3.807887
4.743416
2.061553
3.807887
5.700877
3.535534
4.527693
2.549510
3.162278
1.118034
1.414214
0.000000
1.000000
0.707107
2.121320
2.915476
2.915476
3.905125
2.000000
1.802776
2.915476
1.118034
1.802776
4.609772
5.408327
5.852350
4.924429
5.590170
5.000000
5.830952
5.099020
5.024938
5.220153
4.031129
8.062258
4.472136
2.828427
6.000000
2.000000
7.566373
3.000000
3.354102
4.123106
3.640055
5.590170
2.500000
9.962429
5.590170
6.020797
4.924429
3.201562
3.201562
6.519202
3.041381
6.519202
5.700877
4.743416
4.123106
6.184658
3.605551
3.000000
3.640055
6.519202
2.915476
3.807887
10.124228
4.301163
6.964194
5.700877
6.800735
5.385165
6.519202
8.514693
5.500000
8.558621
6.519202
5.522681
8.276473
7.566373
10.606602
12.020815
13.729530
10.793517
14.230249
10.511898
9.513149
12.010412
8.631338
9.617692
11.067972
10.606602
12.589678
10.198039
9.124144
13.009612
10.793517
10.735455
10.735455
10.977249
11.067972
12.020815
10.124228
10.124228
9.192388
9.861541
7.433034
11.884864
10.062306
11.180340
8.860023
10.688779
9.486833
13.462912
11.045361
12.257651
9.340771
12.093387
9.013878
13.000000
11.884864
9.486833
12.658989
11.236103
13.656500
11.768602
11.597414
11.510864
10.124228
8.276473
12.369317
9.124144
7.158911
12.041595
11.401754
11.401754
11.401754
10.049876
8.062258
9.848858
6.000000
6.403124
5.220153
7.500000
6.708204
7.810250
7.071068
6.403124
6.363961
5.656854
5.315073
5.000000
7.615773
9.192388
7.810250
9.552487
8.381527
3.605551
3.905125
6.403124
5.830952
7.500000
7.071068
6.800735
5.099020
4.031129
5.830952
3.201562
4.031129
4.031129
6.519202
8.139410
7.158911
7.500000
8.200610
1.802776
5.315073
3.535534
3.201562
8.902247
4.000000
4.472136
7.071068
4.472136
7.810250
7.071068
4.716991
7.826238
5.830952
6.020797
7.106335
6.670832
8.732125
7.382412
5.852350
9.861541
6.519202
8.276473
6.519202
7.516648
6.041523
7.071068
6.020797
3.162278
7.158911
9.708244
7.017834
7.516648
9.013878
9.013878
6.184658
6.324555
16.224981
14.534442
17.029386
20.359273
23.409400
25.553865
31.890437
33.600595
37.443290
36.055513
37.202150
41.743263
41.931492
45.213383
47.628773
46.768045
50.884674
53.509345
55.346635
56.826490
57.118298
57.118298
59.036006
57.846780
63.436977
60.539243
59.424322
58.815389
64.809336
61.465437
64.257295
61.465437
59.985415
58.228000
56.731825
53.967583
53.488316
54.083269
49.502525
49.924944
48.523190
45.400991
45.839394
44.721360
44.294469
45.177428
46.089587
43.384905
41.620308
40.078049
43.991476
42.452915
44.059619
44.376232
43.832066
44.161635
48.592695
48.808298
47.605147
48.200104
48.417456
48.808298
49.297566
53.481305
49.246827
49.145193
49.912423
47.087684
51.363898
51.470866
54.811039
49.206199
54.600824
54.993181
56.925390
56.579590
56.905624
