1.8027756377319946
2.0
2.23606797749979
3.0413812651491097
1.5811388300841898
1.118033988749895
2.1213203435596424
2.23606797749979
1.5
2.692582403567252
2.23606797749979
2.23606797749979
1.0
2.9154759474226504
3.2015621187164243
2.8284271247461903
1.8027756377319946
1.0
3.1622776601683795
2.8284271247461903
1.5
1.5811388300841898
2.0615528128088303
2.0615528128088303
2.0615528128088303
1.118033988749895
2.5495097567963922
2.0615528128088303
2.0
1.5811388300841898
1.118033988749895
1.5811388300841898
0.5
2.0
2.0615528128088303
2.1213203435596424
2.5
1.4142135623730951
1.5
2.5
3.2015621187164243
4.527692569068709
1.5
2.692582403567252
2.5495097567963922
1.118033988749895
1.5811388300841898
1.8027756377319946
3.640054944640259
2.5
3.1622776601683795
3.0
1.5811388300841898
2.5495097567963922
3.0413812651491097
2.23606797749979
2.1213203435596424
2.5495097567963922
2.0
1.8027756377319946
2.0615528128088303
3.5
3.3541019662496847
3.2015621187164243
2.8284271247461903
2.692582403567252
4.031128874149275
1.5811388300841898
3.2015621187164243
215.0145343924452
214.33210212191733
216.13074746550987
215.33288183647198
215.2637916603719
216.1972479010776
215.2637916603719
216.6298686700428
217.3131381210073
216.81328372588243
216.88072759007426
216.37987429518486
216.6298686700428
217.06277893733878
218.17882573705452
217.92946106481335
218.86182855856796
218.3632295053359
219.29489278138695
3.605551275463989
2.8284271247461903
218.73842826535991
218.54976549975981
218.98458849882564
219.23161268393753
219.72824124358706
219.66622407643828
219.91361940543837
219.91361940543837
219.79592807875218
220.844402238318
220.41097976280582
220.22829064404962
219.97783979301187
220.47959089221843
221.34418899081132
219.79592807875218
220.91174708466727
222.96300141503298
221.66923557408683
222.17841929404395
223.37692360671457
222.6909293168449
222.70889070712917
224.8399430706208
223.56039452461164
223.89338980863192
224.8399430706208
28.040149785619906
224.77377516071576
224.34905838893107
226.4155471693585
226.101747007846
226.4873064875822
227.44944493227501
225.64684797266725
226.738836549895
227.0137661024106
228.67553432757077
228.39986865145084
229.09386722476881
229.80480847884797
231.0676307923721
231.478940726797
233.3173804070327
232.62093628906234
31.00403199585499
233.13783476733244
234.01922997907673
236.22446951998856
236.00847442411893
237.70412280816672
236.1000847098535
238.80169597387703
239.0083680543424
240.84019598065436
240.66989840858787
243.08691861143
243.00668715078604
246.36811887904653
245.0652974209119
246.85876528898058
246.98582955303326
247.63077353188558
246.86838598735156
248.16929705344293
250.99003964301053
252.25483147008305
251.71660652408295
253.62176562747922
255.14750635661719
43.54595273960601
26.5
259.28218218766983
260.0370165957147
260.3315194132282
45.224440295044005
259.2416826052477
258.9179406684674
24.19194080680589
262.13212317455486
264.13301573260395
263.07793522072507
264.8306062372701
267.9972014779259
268.34725636756565
266.58019431308094
266.58300771054405
266.58300771054405
266.93304403913726
262.70182717293767
267.2872986133086
266.58019431308094
266.5792565073284
266.22781597721905
267.64015020172144
270.12959852633696
272.29487692573286
275.1554106318827
278.09530740377477
280.4460732476032
285.7525152995158
289.71063149287426
289.2995852053715
291.0919098841464
289.3635256904367
290.80061898145954
289.394194827747
288.4068307096765
284.5702900866498
284.6278271708513
280.8491588023721
276.53299983907885
274.6434051638597
267.21947908039937
263.8455987883823
255.6486847218268
253.50394474248324
252.0897657581521
249.62471832733232
251.7339865810733
254.57415422622933
254.9127301646585
258.18840020419196
263.68541863364385
267.7466152913982
272.5912691191704
273.69736936989364
279.8271788086354
282.8148687746102
286.91897811054605
290.9682113221305
294.7596478488872
300.52162983718824
302.17751405423934
307.0606617592035
311.96353953627334
310.792535302893
315.5724956329369
321.22344248202063
323.23714204899164
327.5778533417667
328.10059433045836
331.0143501421049
336.1774085211557
338.41283959093516
340.414453277178
345.94580500419426
350.6240864515728
351.73356393725066
357.59823825069384
359.1883210796253
366.18881741527827
370.31236814343646
378.92776356450844
387.76926128820475
399.62607522532863
415.401311986373
426.3267526205692
446.6212041540348
464.2434706056726
486.0504089083765
