198 149 28 56
195 147 28 56
194 148 28 56
195 149 28 56
194 149 28 56
192 147 28 56
187 146 28 56
188 144 28 56
186 145 28 56
184 143 28 56
184 141 28 56
182 143 28 56
181 141 28 56
179 140 28 56
177 140 28 56
177 139 28 56
175 140 28 56
176 139 28 56
175 138 28 56
174 138 28 56
173 137 28 56
172 136 28 56
170 136 28 56
171 136 28 56
167 135 28 56
164 121 28 56
168 131 28 56
163 143 28 56
165 131 28 56
163 130 28 56
162 117 28 56
161 128 28 56
161 127 28 56
160 127 28 56
159 124 28 56
160 120 28 56
147 94 28 56
150 95 28 56
158 123 28 56
157 122 28 56
157 122 28 56
156 122 28 56
155 125 28 56
151 124 28 56
155 118 28 56
152 121 28 56
148 123 28 56
146 119 28 56
145 107 28 56
145 117 28 56
145 120 28 56
144 116 28 56
142 113 28 56
142 119 28 56
141 112 28 56
140 113 28 56
138 113 28 56
138 117 28 56
133 113 28 56
134 113 28 56
131 113 28 56
129 114 28 56
129 120 28 56
127 113 28 56
127 114 28 56
125 110 28 56
121 101 28 56
118 112 28 56
117 111 28 56
117 111 28 56
118 106 28 56
117 106 28 56
117 105 28 56
115 105 28 56
114 107 28 56
111 104 28 56
111 103 28 56
110 101 28 56
109 101 28 56
107 100 28 56
104 100 28 56
102 101 28 56
102 100 28 56
99 99 28 56
96 100 28 56
101 98 28 56
94 103 28 56
92 100 28 56
91 100 28 56
90 100 28 56
90 96 28 56
86 101 28 56
84 100 28 56
83 100 28 56
82 100 28 56
80 98 28 56
78 98 28 56
76 95 28 56
76 95 28 56
72 93 28 56
71 98 28 56
71 97 28 56
69 96 28 56
68 97 28 56
66 94 28 56
64 94 28 56
64 93 28 56
62 91 28 56
60 92 28 56
60 94 28 56
59 90 28 56
58 88 28 56
58 88 28 56
57 88 28 56
53 86 28 56
53 85 28 56
50 86 28 56
49 86 28 56
48 86 28 56