2.0615528128088303
2.1213203435596424
2.5495097567963922
3.5355339059327378
2.0
3.0413812651491097
2.0
2.5
2.5
1.118033988749895
2.23606797749979
3.1622776601683795
3.0413812651491097
4.743416490252569
4.031128874149275
3.2015621187164243
3.640054944640259
3.3541019662496847
2.23606797749979
1.118033988749895
2.5495097567963922
2.5495097567963922
2.692582403567252
1.8027756377319946
1.5
4.031128874149275
4.6097722286464435
3.2015621187164243
4.301162633521313
3.3541019662496847
3.905124837953327
4.301162633521313
5.408326913195984
6.519202405202649
5.315072906367325
5.70087712549569
5.70087712549569
6.726812023536855
6.726812023536855
5.1478150704935
4.47213595499958
5.0
4.031128874149275
4.242640687119285
5.408326913195984
5.852349955359813
4.527692569068709
2.5495097567963922
2.0615528128088303
2.0615528128088303
1.4142135623730951
2.5
2.5
1.0
3.8078865529319543
2.5
2.5495097567963922
3.5355339059327378
3.0413812651491097
2.5495097567963922
2.5
2.9154759474226504
2.8284271247461903
2.692582403567252
3.0
3.1622776601683795
2.692582403567252
4.123105625617661
6.020797289396148
5.024937810560445
5.220153254455275
3.640054944640259
3.3541019662496847
4.123105625617661
3.0
3.0413812651491097
3.5355339059327378
3.0413812651491097
4.031128874149275
4.301162633521313
6.5
3.5
4.031128874149275
5.70087712549569
5.5
4.5
6.576473218982953
7.566372975210778
9.055385138137417
5.522680508593631
6.020797289396148
6.0
6.020797289396148
7.0
9.013878188659973
6.519202405202649
7.5
8.514693182963201
6.519202405202649
8.514693182963201
10.012492197250394
10.688779163215974
11.510864433221338
10.51189802081432
10.012492197250394
11.510864433221338
10.04987562112089
9.513148795220223
10.04987562112089
10.111874208078342
10.5
10.04987562112089
11.5
12.041594578792296
11.180339887498949
24.9098374141623
28.040149785619906
38.00328933131973
25.104780421266383
