205 149 17 50
203 148 17 50
202 148 17 50
201 148 17 50
201 148 17 50
199 147 17 50
196 147 17 50
195 146 17 50
195 146 17 50
192 144 17 50
192 143 17 50
191 143 17 50
191 143 17 50
189 142 17 50
187 141 17 50
187 141 17 50
186 141 17 50
185 140 17 50
183 139 17 50
181 138 17 50
180 137 17 50
179 136 17 50
178 135 17 50
177 135 17 50
174 134 17 50
175 134 17 50
174 132 17 50
174 131 17 50
173 130 17 50
172 130 17 50
171 129 17 50
171 127 17 50
171 126 17 50
169 125 17 50
170 126 17 50
170 125 17 50
169 125 17 50
168 123 17 50
168 123 17 50
167 122 17 50
167 122 17 50
165 119 17 50
163 120 17 50
163 120 17 50
163 118 17 50
161 119 17 50
159 119 17 50
157 123 17 50
156 122 17 50
155 122 17 50
154 121 17 50
153 120 17 50
151 120 17 50
150 119 17 50
150 120 17 50
149 120 17 50
146 120 17 50
145 120 17 50
143 120 17 50
141 120 17 50
140 118 17 50
138 118 17 50
137 117 17 50
134 117 17 50
133 117 17 50
131 117 17 50
130 117 17 50
127 116 17 50
125 116 17 50
125 114 17 50
125 113 17 50
123 112 17 50
123 111 17 50
121 112 17 50
120 111 17 50
117 110 17 50
117 111 17 50
116 109 17 50
116 109 17 50
115 108 17 50
113 108 17 50
111 107 17 50
108 106 17 50
106 106 17 50
104 106 17 50
103 105 17 50
101 106 17 50
100 106 17 50
99 106 17 50
98 103 17 50
97 103 17 50
94 103 17 50
92 103 17 50
90 104 17 50
89 104 17 50
87 102 17 50
87 103 17 50
84 101 17 50
83 101 17 50
80 101 17 50
78 102 17 50
77 102 17 50
76 102 17 50
75 102 17 50
73 102 17 50
73 102 17 50
71 100 17 50
70 99 17 50
68 99 17 50
68 100 17 50
66 100 17 50
65 100 17 50
64 101 17 50
63 100 17 50
61 98 17 50
43 106 17 50
35 104 17 50
24 106 17 50
37 104 17 50
