84 199 34 130
87 198 34 130
91 199 34 130
97 200 34 130
104 201 34 130
107 201 34 130
109 200 34 130
113 202 34 130
115 201 34 130
117 202 34 130
118 201 34 130
120 202 34 130
122 202 34 130
126 205 34 130
129 205 34 130
134 206 34 130
139 204 34 130
143 203 34 130
148 201 34 130
150 201 34 130
152 200 34 130
152 195 34 130
152 190 34 130
158 187 34 130
165 198 34 130
169 197 34 130
172 198 34 130
176 199 34 130
179 198 34 130
182 197 34 130
185 196 34 130
188 195 34 130
190 195 34 130
193 195 34 130
197 194 34 130
201 194 34 130
207 195 34 130
213 194 34 130
218 193 34 130
223 193 34 130
227 192 34 130
231 191 34 130
234 190 34 130
237 191 34 130
240 190 34 130
243 190 34 130
248 191 34 130
252 191 34 130
258 192 34 130
263 191 34 130
268 192 34 130
273 193 34 130
278 191 34 130
283 191 34 130
287 191 34 130
292 193 34 130
297 194 34 130
302 194 34 130
308 193 34 130
312 192 34 130
317 191 34 130
321 191 34 130
325 192 34 130
329 192 34 130
334 191 34 130
338 192 34 130
344 193 34 130
349 196 34 130
354 198 34 130
358 196 34 130
362 197 34 130
367 197 34 130
368 195 34 130
372 194 34 130
378 195 34 130
380 196 34 130
386 197 34 130
391 197 34 130
394 198 34 130
392 193 34 130
387 193 34 130
370 232 34 130
353 232 34 130
343 233 34 130
335 233 34 130
328 233 34 130
320 234 34 130
313 234 34 130
305 234 34 130
298 235 34 130
289 236 34 130
281 237 34 130
273 238 34 130
266 240 34 130
259 241 34 130
253 241 34 130
247 241 34 130
243 242 34 130
239 241 34 130
233 241 34 130
230 241 34 130
226 242 34 130
221 243 34 130
216 244 34 130
211 245 34 130
207 246 34 130
201 247 34 130
196 248 34 130
192 249 34 130
186 248 34 130
181 248 34 130
177 248 34 130
173 248 34 130
170 247 34 130
166 247 34 130
164 247 34 130
161 248 34 130
160 249 34 130
158 250 34 130
157 252 34 130
156 253 34 130
154 253 34 130
153 252 34 130
154 252 34 130
156 249 34 130
160 243 34 130
165 242 34 130
171 242 34 130
179 241 34 130
188 241 34 130
197 241 34 130
205 240 34 130
214 239 34 130
221 239 34 130
226 238 34 130
230 238 34 130
232 238 34 130
236 239 34 130
239 239 34 130
243 238 34 130
246 238 34 130
251 238 34 130
257 238 34 130
263 239 34 130
269 238 34 130
277 238 34 130
283 238 34 130
289 237 34 130
294 236 34 130
299 236 34 130
302 236 34 130
303 236 34 130
301 236 34 130
298 235 34 130
292 235 34 130
288 234 34 130
284 234 34 130
281 233 34 130
279 234 34 130
278 234 34 130
280 234 34 130
283 234 34 130
286 233 34 130
290 233 34 130
295 233 34 130
300 233 34 130
304 231 34 130
308 229 34 130
312 229 34 130
315 228 34 130
318 228 34 130
322 229 34 130
324 228 34 130
327 228 34 130
330 227 34 130
333 227 34 130
336 228 34 130
339 227 34 130
341 226 34 130
344 226 34 130
346 226 34 130
349 226 34 130
352 225 34 130
355 226 34 130
357 226 34 130
361 226 34 130
364 225 34 130
368 225 34 130
372 223 34 130
374 220 34 130
374 220 34 130
365 218 34 130
370 223 34 130
371 222 34 130
369 218 34 130
365 226 34 130
367 223 34 130
365 221 34 130
351 218 34 130
340 216 34 130
345 216 34 130
351 211 34 130
353 215 34 130
354 220 34 130
337 220 34 130
341 221 34 130
346 215 34 130
350 222 34 130
367 214 34 130
379 233 34 130
378 227 34 130
380 226 34 130
382 229 34 130
381 227 34 130
376 227 34 130
376 225 34 130
377 222 34 130
368 212 34 130
356 201 34 130
362 208 34 130
353 199 34 130
351 199 34 130
350 199 34 130
348 198 34 130
353 205 34 130
345 201 34 130
344 199 34 130
341 200 34 130
336 196 34 130
333 194 34 130
344 210 34 130
340 210 34 130
328 192 34 130
326 192 34 130
325 193 34 130
323 193 34 130
340 150 34 130
339 149 34 130
336 148 34 130
338 147 34 130
345 146 34 130
342 144 34 130
348 144 34 130
349 144 34 130
345 142 34 130
346 144 34 130
346 143 34 130
346 144 34 130
346 146 34 130
346 148 34 130
347 146 34 130
