1.4142135623730951
1.4142135623730951
3.1622776601683795
7.0
10.04987562112089
10.198039027185569
9.055385138137417
13.0
10.0
8.246211251235321
10.44030650891055
8.54400374531753
9.848857801796104
8.94427190999916
12.727922061357855
9.486832980505138
12.041594578792296
8.54400374531753
9.219544457292887
9.0
8.54400374531753
10.198039027185569
7.615773105863909
7.0710678118654755
3.1622776601683795
3.605551275463989
3.605551275463989
4.123105625617661
6.0
2.0
4.242640687119285
4.47213595499958
10.295630140987
9.433981132056603
13.0
13.0
12.36931687685298
13.601470508735444
12.649110640673518
13.152946437965905
16.492422502470642
15.297058540778355
15.524174696260024
14.317821063276353
13.341664064126334
13.341664064126334
14.560219778561036
14.560219778561036
15.297058540778355
18.24828759089466
17.11724276862369
18.027756377319946
15.297058540778355
13.0
16.278820596099706
14.317821063276353
15.811388300841896
14.317821063276353
12.165525060596439
12.165525060596439
13.0
11.180339887498949
11.704699910719626
10.770329614269007
12.041594578792296
11.180339887498949
10.04987562112089
10.770329614269007
12.165525060596439
7.615773105863909
7.280109889280518
10.04987562112089
12.165525060596439
11.0
11.704699910719626
11.045361017187261
11.0
5.656854249492381
1.4142135623730951
9.219544457292887
12.083045973594572
11.40175425099138
13.038404810405298
14.317821063276353
13.152946437965905
9.219544457292887
5.385164807134504
1.4142135623730951
1.0
2.23606797749979
5.0990195135927845
2.23606797749979
9.433981132056603
11.180339887498949
10.44030650891055
11.180339887498949
5.656854249492381
4.242640687119285
5.0990195135927845
3.1622776601683795
6.4031242374328485
6.324555320336759
8.06225774829855
9.433981132056603
13.416407864998739
11.661903789690601
3.605551275463989
3.1622776601683795
5.0990195135927845
6.0
7.211102550927978
10.295630140987
13.92838827718412
13.038404810405298
15.231546211727817
17.0
16.15549442140351
15.231546211727817
12.529964086141668
12.529964086141668
12.529964086141668
6.4031242374328485
7.211102550927978
14.866068747318506
13.0
14.7648230602334
11.704699910719626
10.770329614269007
13.0
9.899494936611665
9.848857801796104
10.770329614269007
13.601470508735444
14.317821063276353
15.652475842498529
13.0
12.529964086141668
13.892443989449804
13.892443989449804
13.892443989449804
12.206555615733702
12.727922061357855
9.219544457292887
5.0
4.242640687119285
5.830951894845301
8.602325267042627
7.211102550927978
6.4031242374328485
8.602325267042627
9.899494936611665
11.661903789690601
14.7648230602334
15.652475842498529
8.94427190999916
12.529964086141668
13.038404810405298
12.36931687685298
13.0
15.297058540778355
14.317821063276353
14.560219778561036
11.180339887498949
9.433981132056603
7.810249675906654
7.0710678118654755
5.830951894845301
6.4031242374328485
5.0
12.206555615733702
10.0
10.295630140987
11.180339887498949
11.661903789690601
11.661903789690601
9.848857801796104
13.341664064126334
12.649110640673518
13.92838827718412
11.180339887498949
7.211102550927978
9.433981132056603
12.529964086141668
12.649110640673518
13.92838827718412
15.811388300841896
12.529964086141668
8.54400374531753
9.219544457292887
13.152946437965905
13.152946437965905
12.36931687685298
13.341664064126334
19.4164878389476
18.24828759089466
20.223748416156685
20.396078054371138
20.09975124224178
20.09975124224178
19.026297590440446
18.24828759089466
17.11724276862369
16.492422502470642
19.026297590440446
19.0
19.0
21.02379604162864
23.021728866442675
19.1049731745428
17.11724276862369
17.26267650163207
18.027756377319946
16.0312195418814
16.1245154965971
17.029386365926403
18.027756377319946
18.027756377319946
17.0
17.029386365926403
18.027756377319946
21.0
17.11724276862369
18.027756377319946
20.024984394500787
19.0
19.1049731745428
20.09975124224178
19.026297590440446
19.026297590440446
18.24828759089466
17.0
18.110770276274835
18.110770276274835
20.0
17.0
19.1049731745428
22.02271554554524
20.024984394500787
16.1245154965971
18.24828759089466
16.278820596099706
18.24828759089466
16.76305461424021
20.223748416156685
19.6468827043885
19.6468827043885
18.24828759089466
19.4164878389476
20.615528128088304
18.439088914585774
18.788294228055936
20.8806130178211
21.18962010041709
21.93171219946131
19.313207915827967
19.697715603592208
21.18962010041709
22.47220505424423
23.40939982143925
23.40939982143925
19.924858845171276
21.840329667841555
21.37755832643195
21.840329667841555
21.840329667841555
23.769728648009426
21.840329667841555
20.615528128088304
21.587033144922902
22.80350850198276
24.515301344262525
17.72004514666935
16.76305461424021
20.615528128088304
19.924858845171276
22.135943621178654
21.540659228538015
21.587033144922902
20.8806130178211
20.615528128088304
19.235384061671343
18.027756377319946
17.08800749063506
15.231546211727817
17.46424919657298
19.313207915827967
18.027756377319946
15.231546211727817
17.46424919657298
17.46424919657298
19.313207915827967
21.587033144922902
19.313207915827967
19.924858845171276
22.135943621178654
21.840329667841555
25.0
22.360679774997898
23.345235059857504
25.298221281347036
25.96150997149434
25.495097567963924
22.360679774997898
21.587033144922902
21.37755832643195
22.090722034374522
20.09975124224178
20.024984394500787
19.235384061671343
17.26267650163207
14.035668847618199
13.341664064126334
9.848857801796104
6.082762530298219
5.0990195135927845
5.385164807134504
5.830951894845301
6.324555320336759
6.0
8.06225774829855
13.0
14.0
13.341664064126334
11.40175425099138
12.0
12.165525060596439
14.0
13.038404810405298
14.142135623730951
13.0
11.045361017187261
13.038404810405298
14.142135623730951
16.1245154965971
14.317821063276353
14.317821063276353
14.142135623730951
14.560219778561036
16.278820596099706
16.278820596099706
17.11724276862369
14.035668847618199
14.560219778561036
13.152946437965905
14.035668847618199
15.033296378372908
14.035668847618199
14.035668847618199
12.0
11.180339887498949
6.708203932499369
8.94427190999916
7.0710678118654755
7.280109889280518
4.242640687119285
3.0
2.23606797749979
2.23606797749979
5.0
4.123105625617661
4.123105625617661
3.0
2.0
2.8284271247461903
4.123105625617661
3.1622776601683795
5.385164807134504
5.0
5.0
5.0990195135927845
5.0990195135927845
4.0
4.47213595499958
3.1622776601683795
3.605551275463989
4.123105625617661
3.1622776601683795
2.23606797749979
4.123105625617661
3.1622776601683795
4.123105625617661
3.1622776601683795
4.0
3.0
4.47213595499958
4.123105625617661
2.8284271247461903
5.0
4.0
2.23606797749979
3.605551275463989
6.082762530298219
4.0
4.123105625617661
3.0
12.0
12.041594578792296
15.033296378372908
17.72004514666935
16.492422502470642
15.132745950421556
14.142135623730951
15.0
14.035668847618199
13.038404810405298
11.40175425099138
16.278820596099706
15.0
14.142135623730951
15.033296378372908
14.035668847618199
16.1245154965971
13.038404810405298
13.038404810405298
13.038404810405298
15.033296378372908
14.0
13.341664064126334
15.0
14.0
13.0
15.033296378372908
11.045361017187261
15.132745950421556
15.132745950421556
16.0312195418814
16.0
14.035668847618199
12.041594578792296
12.165525060596439
11.045361017187261
13.0
12.165525060596439
11.045361017187261
12.36931687685298
17.029386365926403
13.038404810405298
14.0
13.038404810405298
13.038404810405298
13.0
13.038404810405298
15.132745950421556
16.0312195418814
15.033296378372908
13.152946437965905
14.317821063276353
16.278820596099706
14.0
16.1245154965971
12.041594578792296
10.04987562112089
8.246211251235321
8.06225774829855
6.082762530298219
4.0
9.486832980505138
11.0
9.219544457292887
9.486832980505138
7.0710678118654755
8.06225774829855
9.055385138137417
7.0710678118654755
8.06225774829855
8.06225774829855
8.06225774829855
6.324555320336759
6.082762530298219
5.830951894845301
4.47213595499958
3.1622776601683795
4.123105625617661
3.1622776601683795
1.0
4.123105625617661
5.0990195135927845
8.54400374531753
9.219544457292887
9.848857801796104
9.219544457292887
13.0
15.264337522473747
10.770329614269007
10.295630140987
15.231546211727817
9.433981132056603
9.219544457292887
11.180339887498949
12.165525060596439
18.027756377319946
16.15549442140351
18.027756377319946
18.681541692269406
16.278820596099706
16.278820596099706
13.152946437965905
19.1049731745428
18.027756377319946
18.027756377319946
18.439088914585774
17.029386365926403
17.11724276862369
20.09975124224178
19.924858845171276
15.297058540778355
15.524174696260024
16.492422502470642
15.524174696260024
14.317821063276353
15.132745950421556
15.297058540778355
16.1245154965971
15.297058540778355
17.11724276862369
15.033296378372908
17.11724276862369
15.033296378372908
14.0
17.0
17.029386365926403
17.029386365926403
13.0
14.035668847618199
14.035668847618199
9.219544457292887
9.219544457292887
10.198039027185569
10.0
7.280109889280518
6.082762530298219
6.0
5.0990195135927845
6.082762530298219
7.0
5.385164807134504
8.54400374531753
7.0710678118654755
8.06225774829855
8.06225774829855
12.0
8.06225774829855
10.44030650891055
9.0
11.045361017187261
11.045361017187261
7.0
11.045361017187261
13.152946437965905
15.132745950421556
16.0312195418814
16.278820596099706
14.035668847618199
17.11724276862369
17.029386365926403
17.029386365926403
17.029386365926403
17.11724276862369
16.76305461424021
15.524174696260024
17.46424919657298
15.652475842498529
17.4928556845359
14.422205101855956
17.88854381999832
17.0
18.601075237738275
17.4928556845359
18.35755975068582
12.206555615733702
16.1245154965971
14.7648230602334
15.652475842498529
16.55294535724685
14.7648230602334
15.811388300841896
15.231546211727817
15.652475842498529
14.422205101855956
15.0
15.811388300841896
15.811388300841896
13.892443989449804
16.1245154965971
16.64331697709324
16.64331697709324
17.4928556845359
15.652475842498529
15.652475842498529
16.15549442140351
14.7648230602334
13.0
14.7648230602334
14.7648230602334
13.92838827718412
16.15549442140351
16.55294535724685
14.317821063276353
14.317821063276353
15.652475842498529
15.264337522473747
15.811388300841896
14.866068747318506
15.620499351813308
16.64331697709324
14.422205101855956
16.401219466856727
17.029386365926403
16.97056274847714
17.029386365926403
15.0
14.7648230602334
13.601470508735444
16.76305461424021
17.46424919657298
17.88854381999832
17.46424919657298
14.317821063276353
15.0
19.026297590440446
16.492422502470642
17.11724276862369
18.027756377319946
19.026297590440446
16.1245154965971
16.0312195418814
16.278820596099706
17.26267650163207
19.6468827043885
18.439088914585774
18.681541692269406
19.924858845171276
23.53720459187964
14.866068747318506
13.341664064126334
10.0
8.602325267042627
11.180339887498949
13.892443989449804
14.560219778561036
13.601470508735444
12.36931687685298
13.341664064126334
10.44030650891055
13.416407864998739
14.422205101855956
12.529964086141668
14.866068747318506
12.083045973594572
4.0
6.324555320336759
5.0990195135927845
8.06225774829855
6.0
8.54400374531753
8.94427190999916
5.830951894845301
8.602325267042627
11.180339887498949
7.810249675906654
7.0710678118654755
3.1622776601683795
2.23606797749979
8.602325267042627
5.830951894845301
7.211102550927978
9.219544457292887
10.63014581273465
10.0
9.219544457292887
8.602325267042627
5.656854249492381
6.708203932499369
8.94427190999916
7.0710678118654755
9.433981132056603
6.708203932499369
14.560219778561036
13.341664064126334
13.416407864998739
12.649110640673518
13.601470508735444
14.560219778561036
15.524174696260024
12.36931687685298
16.492422502470642
15.811388300841896
14.317821063276353
14.317821063276353
18.384776310850235
18.027756377319946
15.231546211727817
17.08800749063506
16.55294535724685
16.76305461424021
17.08800749063506
17.08800749063506
18.384776310850235
4.47213595499958
17.0
18.973665961010276
18.027756377319946
19.924858845171276
20.223748416156685
19.924858845171276
18.439088914585774
11.704699910719626
13.92838827718412
12.083045973594572
12.083045973594572
14.317821063276353
21.213203435596427
22.561028345356956
21.587033144922902
19.235384061671343
18.24828759089466
19.4164878389476
19.1049731745428
19.1049731745428
20.09975124224178
20.024984394500787
19.026297590440446
21.37755832643195
17.72004514666935
0.0
