21.540659228538015
20.248456731316587
17.204650534085253
20.0
10.0
15.132745950421556
20.396078054371138
21.02379604162864
15.231546211727817
19.6468827043885
22.360679774997898
28.284271247461902
33.06055050963308
39.56008088970496
42.720018726587654
53.85164807134504
57.723478758647246
61.66036003787198
66.2872536767062
71.84705978674423
83.43260753446461
85.72630868059116
91.21403400793103
100.42410069301094
105.75916035975324
109.38464243210744
117.72000679578642
130.24976007655445
137.78606605894515
139.01438774457844
146.5639792036229
156.7322557739791
164.97575579460153
167.60966559241146
174.88853593074649
185.06755523321746
190.93716243832682
195.76005721290542
205.23157651784484
216.1157097482735
220.75552088226468
228.0350850198276
237.507894605632
245.75190741884384
253.99606296161363
263.9109698364204
271.189970316013
279.6944761699809
286.9738664059848
297.85902705810344
312.93449793846634
321.6286678764814
327.23233336576016
335.2193311848229
349.77707186149297
355.4490118146343
356.38883259720694
332.3988567970714
343.7920883324688
352.32371478513903
353.23788018840787
342.4412358347049
348.4881633570931
323.1903463904824
323.93363517856557
326.6573127912492
326.58842600435185
322.54147020189515
322.0636583037583
321.6364407215078
322.49341078539885
317.11985116040904
322.0636583037583
298.29180344085887
292.7541630788536
284.18479903049
291.2387336876742
267.5518641310503
276.1340254296815
280.7436553156634
295.8462438497403
309.35578223139777
318.05974281571696
320.71326757713035
331.3864813175094
350.2242138973261
359.2728767942273
358.85373064801763
336.7565886512096
334.0928014788705
325.6501189927619
335.41765010207797
343.92150267175793
322.37400639629743
323.8579935712565
337.40924705763473
363.79252328765637
345.469246098694
333.0345327439784
321.10434441159464
343.56513210743606
357.94552658190884
365.1410686296462
372.93699199730776
363.0716182793692
344.81879299133334
342.47627655065395
343.56513210743606
348.5182922028627
354.80276210875246
378.3186487605389
383.8137569186389
365.9781414237741
362.7795473838072
363.2588608692154
366.4000545851488
369.120576505835
374.0120318920235
374.98933318162534
372.7546109708101
371.84539798147296
375.8257574994029
377.22407134221964
378.549864614954
376.7333274346723
374.98933318162534
378.549864614954
376.7333274346723
378.96833640820176
378.96833640820176
383.43839140075687
383.43839140075687
386.1631779442468
388.3979917558792
387.9819583434261
388.89201586044425
390.3024468280977
392.9478336878828
395.1822364428847
397.91707678861934
400.064994719608
398.74051712862087
402.7964746618322
406.76897620147975
409.49969474958095
410.41076983919413
410.41076983919413
414.97228823139505
416.39524492962215
418.226015450976
418.226015450976
418.226015450976
417.8253223537319
417.42664026149555
419.65938569273055
424.53032871633565
441.27655727446023
420.78973371507055
417.02997494184996
417.8253223537319
420.57698462944927
420.57698462944927
420.57698462944927
422.80964984257395
425.5643312120977
434.6262762420146
438.17005831069747
443.69471486597627
449.2315661215271
452.9293543147761
454.4029049202921
456.8106828873423
456.63333211669953
458.4953652982765
463.1554814530429
465.59746562884123
466.76010969233437
465.4728778350034
463.83833390525194
464.7762902730732
465.7145048202815
466.6529759896534
468.87524993328446
468.53068202626815
470.5071731652983
471.79338698205595
471.2080220030215
474.3680006071236
474.3680006071236
470.98195294512084
469.834013242975
465.7434916346121
466.10728378775633
463.31522746398053
460.15758170435487
458.29793802721827
458.8605452640268
458.29793802721827
458.8605452640268
456.26856126627877
457.20017497809425
455.90569200219466
457.77068495044546
458.70360800848295
456.6979308032827
455.408607735954
453.76866352801403
452.83219850182917
450.9600869256613
450.9600869256613
450.9600869256613
449.67210275933286
448.736002567211
446.28466251933867
447.8001786511479
447.6885077819175
448.2822771424273
445.4660480889649
446.4045250666709
447.6885077819175
449.565345639541
449.22154890432404
450.1610822805543
448.8797166279626
449.480811603788
449.480811603788
449.418513192325
447.81469381877145
446.5422712353221
447.16216297893544
449.37845965288545
449.37845965288545
451.89489928522096
454.7372867931549
457.9017361836489
467.4120238076894
467.4120238076894
474.0812166707304
485.045358703699
491.6146865178053
494.2317270269079
497.81924430459696
510.0637215093816
506.69616142220775
514.4365850131578
517.8156042453722
518.555686498567
517.8204321963358
518.7918657804881
518.3213289070786
518.3213289070786
514.9388313188276
515.6820725989998
510.585937918388
508.36600987870935
509.5743321636207
507.6317562958409
504.24299697665606
502.2997113278087
501.8296523721969
481.72710116828597
491.6197717748952
488.48848502293276
485.3380265340848
482.02593291232785
479.75201927662584
501.2195127885585
509.4634432420053
504.21622345973753
493.65980188789933
492.1077117867591
470.38388577841397
487.1734803948179
485.20201978145144
474.2931582892589
464.72464965826805
478.21752372743515
485.47914476319164
469.00426437293726
482.26237672039065
490.1958792156458
466.83294656654215
463.9493506838866
477.44737929954124
456.0712663608616
466.80402740336336
473.25363178743805
485.6027182790475
501.66522701897526
503.5007447859437
503.71420468356854
503.1709451071276
503.6119537898202
504.060512240346
504.060512240346
502.5703930794173
499.42066437022805
498.4475900232641
469.3591375482105
473.7108822900314
485.8075750747409
484.10329476259506
480.46331805872546
475.37038191288275
471.49231170826107
454.5118260287624
428.8228072292797
442.3855784267837
450.40537296972826
452.3416850125577
452.3416850125577
438.75505695091425
450.2010661915407
438.79949863234805
414.493667020378
416.9628280794344
435.4595273960601
421.0855020064215
429.33087473416117
446.97203491941195
447.52206649505007
438.60004559963284
436.4000458295118
438.88153299039595
422.4038352098617
423.265873890159
417.5284421449633
417.4685616905781
415.86656513838665
415.86656513838665
413.3098111586513
415.25052679075554
415.58152028212226
413.168246601793
413.85987966943594
414.9132439438394
412.46696837443847
411.3222580896881
411.92353659386833
409.1576713199937
407.7070026379238
406.9508569839852
406.76897620147975
400.3560914985558
393.57337308308854
389.97051170569296
387.75507733619685
387.75507733619685
388.6450823051798
0.0
