4.123105625617661
4.0
5.0990195135927845
5.0
6.082762530298219
7.0710678118654755
6.576473218982953
6.020797289396148
8.0
7.5
6.519202405202649
8.0156097709407
7.516648189186454
8.0
8.0156097709407
7.0178344238090995
5.522680508593631
8.0
7.566372975210778
6.670832032063167
7.5
7.0
7.516648189186454
8.0156097709407
8.0
7.566372975210778
7.5
7.516648189186454
8.514693182963201
7.0178344238090995
7.0178344238090995
8.0156097709407
8.0
7.158910531638177
6.576473218982953
5.522680508593631
7.0
8.0156097709407
8.558621384311845
7.516648189186454
8.0156097709407
7.516648189186454
7.566372975210778
8.0156097709407
7.516648189186454
8.06225774829855
7.516648189186454
9.12414379544733
9.12414379544733
9.013878188659973
8.631338250816034
9.013878188659973
8.06225774829855
8.558621384311845
8.0
8.514693182963201
9.12414379544733
8.631338250816034
9.055385138137417
9.055385138137417
8.514693182963201
9.5524865872714
8.0
8.5
8.06225774829855
7.0178344238090995
7.0710678118654755
10.547511554864494
8.06225774829855
8.5
8.06225774829855
8.5
9.12414379544733
8.0156097709407
8.0
9.055385138137417
8.5
10.0
11.01135777277262
10.012492197250394
8.514693182963201
11.10180165558726
10.04987562112089
9.0
9.513148795220223
11.597413504743201
10.0
10.5
8.139410298049853
8.558621384311845
8.381527307120106
8.06225774829855
9.5
7.566372975210778
7.5
8.514693182963201
10.012492197250394
9.5
9.5
9.0
8.381527307120106
7.158910531638177
9.962429422585638
10.606601717798213
11.045361017187261
10.688779163215974
10.5
11.045361017187261
11.0
12.0
10.0
9.5524865872714
8.381527307120106
9.5
8.246211251235321
12.010412149464313
12.0
11.5
13.0862523283024
14.637281168304447
11.180339887498949
12.010412149464313
10.920164833920778
10.965856099730654
10.594810050208546
10.5
10.606601717798213
9.617692030835672
9.219544457292887
11.067971810589327
10.307764064044152
11.510864433221338
10.688779163215974
11.543396380615196
13.536986370680884
14.534441853748634
15.074813431681335
13.509256086106296
13.536986370680884
12.093386622447824
11.01135777277262
14.0
12.658988901172163
11.543396380615196
13.509256086106296
13.0
12.5
11.510864433221338
11.045361017187261
11.510864433221338
11.0
9.513148795220223
11.5
12.010412149464313
11.0
11.01135777277262
12.589678312014172
12.0
11.045361017187261
10.012492197250394
12.589678312014172
8.06225774829855
11.045361017187261
10.04987562112089
8.5
10.0
9.513148795220223
10.012492197250394
9.013878188659973
10.5
10.04987562112089
9.013878188659973
10.51189802081432
11.5
10.04987562112089
10.012492197250394
10.0
11.01135777277262
9.513148795220223
10.51189802081432
11.5
13.0
13.509256086106296
10.04987562112089
11.543396380615196
12.589678312014172
10.307764064044152
11.180339887498949
13.0862523283024
12.747548783981962
12.649110640673518
11.76860229593982
13.124404748406688
12.298373876248844
13.892443989449804
12.747548783981962
12.971121771072847
14.317821063276353
14.080127840328723
11.510864433221338
11.01135777277262
9.513148795220223
13.009611831257688
10.111874208078342
8.0156097709407
12.539936203984453
9.656603957913983
11.280514172678478
11.045361017187261
12.509996003196804
11.045361017187261
12.589678312014172
10.012492197250394
12.509996003196804
11.0
12.0
10.606601717798213
12.0
11.0
11.40175425099138
10.547511554864494
10.0
16.347782724271816
12.98075498574717
12.165525060596439
13.946325680981353
15.700318468107582
5.852349955359813
2.5
2.5
3.2015621187164243
6.576473218982953
8.06225774829855
6.670832032063167
8.139410298049853
6.5
4.924428900898052
6.020797289396148
5.024937810560445
5.0990195135927845
2.23606797749979
2.0615528128088303
4.6097722286464435
3.8078865529319543
2.692582403567252
1.8027756377319946
3.3541019662496847
4.6097722286464435
5.385164807134504
4.527692569068709
6.082762530298219
6.082762530298219
7.433034373659253
5.5901699437494745
6.96419413859206
8.077747210701755
7.280109889280518
6.96419413859206
6.800735254367722
5.0
7.0178344238090995
6.020797289396148
5.024937810560445
3.5355339059327378
5.522680508593631
2.8284271247461903
3.2015621187164243
5.1478150704935
8.139410298049853
6.519202405202649
8.246211251235321
7.905694150420948
8.54400374531753
6.18465843842649
5.830951894845301
6.519202405202649
8.73212459828649
7.516648189186454
7.280109889280518
9.617692030835672
7.566372975210778
6.324555320336759
7.762087348130012
8.73212459828649
8.514693182963201
9.055385138137417
9.5524865872714
10.547511554864494
9.340770846134703
11.597413504743201
7.566372975210778
8.139410298049853
10.04987562112089
8.514693182963201
7.0178344238090995
7.0
10.606601717798213
9.055385138137417
10.012492197250394
10.012492197250394
11.045361017187261
10.5
7.5
8.0156097709407
10.0
9.013878188659973
10.547511554864494
10.606601717798213
8.860022573334675
8.631338250816034
8.5
6.519202405202649
9.055385138137417
8.139410298049853
8.381527307120106
7.0178344238090995
7.516648189186454
8.514693182963201
7.762087348130012
8.139410298049853
6.5
7.516648189186454
7.0
8.381527307120106
7.433034373659253
7.433034373659253
7.516648189186454
5.385164807134504
7.566372975210778
7.280109889280518
9.192388155425117
8.246211251235321
7.158910531638177
6.082762530298219
6.264982043070834
9.17877987534291
8.5
8.06225774829855
7.762087348130012
7.0710678118654755
7.566372975210778
8.54400374531753
8.558621384311845
5.385164807134504
9.617692030835672
10.111874208078342
8.139410298049853
8.631338250816034
6.5
9.12414379544733
7.0710678118654755
7.158910531638177
7.516648189186454
8.73212459828649
9.12414379544733
8.5
8.0156097709407
10.04987562112089
10.688779163215974
8.0156097709407
8.077747210701755
10.062305898749054
8.246211251235321
7.905694150420948
7.0710678118654755
8.514693182963201
9.055385138137417
7.158910531638177
9.340770846134703
9.013878188659973
9.7082439194738
7.762087348130012
9.5524865872714
10.606601717798213
10.44030650891055
7.762087348130012
7.516648189186454
9.013878188659973
8.0
9.055385138137417
6.670832032063167
10.04987562112089
6.020797289396148
7.0178344238090995
8.06225774829855
10.547511554864494
8.558621384311845
7.905694150420948
9.7082439194738
8.0156097709407
10.5
7.516648189186454
8.514693182963201
8.06225774829855
8.558621384311845
6.576473218982953
6.670832032063167
6.18465843842649
6.576473218982953
7.0178344238090995
6.18465843842649
7.0710678118654755
7.648529270389178
6.519202405202649
8.0
8.246211251235321
6.5
6.020797289396148
5.5
8.06225774829855
8.0
6.576473218982953
7.158910531638177
6.4031242374328485
7.905694150420948
4.301162633521313
14.317821063276353
14.317821063276353
13.946325680981353
15.524174696260024
13.756816492197604
4.743416490252569
6.103277807866851
8.32165848854662
9.013878188659973
6.519202405202649
6.5
7.106335201775948
7.3824115301167
10.44030650891055
11.236102527122116
13.0
13.0
14.230249470757707
15.660459763365825
16.347782724271816
15.660459763365825
16.560495161679196
16.1245154965971
15.890248582070704
17.55704986607944
18.34393632784414
17.755280904564703
17.755280904564703
17.0
17.11724276862369
16.77050983124842
18.553975315279473
18.66815470259447
19.03943276465977
18.7949461292125
23.30772404161333
23.717082451262844
21.50581316760657
22.561028345356956
17.356554957709783
17.67766952966369
16.62077013859466
17.18284027743958
19.6596032513375
18.66815470259447
19.4164878389476
22.276669409945463
22.45551157288562
20.554804791094465
17.7341478509682
17.92344832893492
16.3783393541592
16.00781059358212
17.528548142958105
21.02379604162864
24.253865671269807
23.42007685726074
31.89043743820395
29.0
29.90819285747636
30.700162866017504
29.068883707497267
27.892651361962706
27.285527299284507
29.025850547399983
28.442925306655784
28.217902119044926
29.107559155655768
29.068883707497267
27.073972741361768
25.5049014897137
26.504716561397142
23.521266972678152
23.005434140654682
22.02271554554524
19.557607215607945
19.5
20.024984394500787
19.6468827043885
18.5
19.300259065618782
19.03943276465977
19.13765920900464
19.60867155112758
19.313207915827967
19.313207915827967
20.155644370746373
20.303940504246953
19.6468827043885
20.26079958935481
21.27204738618265
19.1637678967368
21.005951537600005
24.748737341529164
25.004999500099974
22.940139493908923
23.40939982143925
21.10094784600919
22.4610774452162
22.4610774452162
23.53720459187964
21.47673159491453
23.769728648009426
24.12985702402731
28.53944638566067
35.7246413557925
25.544079548889602
28.160255680657446
28.5175384631984
28.284271247461902
24.82438317461282
25.004999500099974
21.86892772862904
20.130822139197395
18.069310999592652
19.03943276465977
18.82153022471871
22.192341021172147
20.155644370746373
21.27204738618265
25.53918557824427
26.100766272276374
27.202941017470888
27.073972741361768
26.504716561397142
24.5
24.005207768315607
24.748737341529164
23.13547060251855
22.85278976405288
23.926972228010797
24.682990094394967
24.41823089414956
23.69071548096427
22.522211259110417
20.71834935510066
22.588713996153036
24.046829312822098
23.547823678633232
26.0
22.0
21.095023109728988
22.090722034374522
22.360679774997898
21.02379604162864
22.02271554554524
23.194827009486403
22.20360331117452
24.020824298928627
24.0
26.076809620810597
24.515301344262525
26.476404589747453
27.294688127912362
28.861739379323623
29.120439557122072
29.274562336608895
32.38826948140329
38.01315561749642
47.16990566028302
44.721359549995796
45.617978911828175
44.28317965096906
48.84669896727925
52.974050251042726
58.35451996203893
56.13599558215744
58.670691149840735
54.94087731370878
56.30719314616917
51.79285665031424
51.50242712727236
53.50233639758174
62.59792328823697
60.60115510450275
62.66179059043876
59.85398900658168
59.26634795564849
61.094189576423716
58.450834040242746
57.118298293979315
56.26944108483752
56.13599558215744
57.47390712314589
56.54423047491229
0.0
