5.0990195135927845
24.08318915758459
18.788294228055936
29.274562336608895
25.709920264364882
25.553864678361276
36.76955262170047
41.58425182686349
44.477522413012174
44.477522413012174
66.04922406811453
71.04400045042509
90.91754506144565
107.89810007595129
114.85316713090675
116.61903789690601
105.02975768800002
114.74537027697457
116.02262710350942
102.01102881551583
109.56390829100611
114.6483754791144
116.9700816448377
105.39449701004318
108.87263200639543
109.86924046337992
105.25445358748483
108.18156035110604
104.72941325148346
99.20307454912877
100.65411069598697
102.50487793271108
111.5907702276492
102.95630140987001
106.23676388143608
108.67382389517726
108.91510455395982
104.94879703931818
107.42439201596628
104.67688379007086
107.62202376837188
106.94391053257777
106.79536506796538
105.38738064872852
105.741429912783
107.37783756436893
104.44615837837216
99.31767214348109
93.12625838075961
97.49871794028884
91.62013970738093
97.41663102366043
84.25111275229544
87.51714117817149
90.44888059008801
84.55323766716447
88.36288813749809
83.36815938954152
84.35786863120713
83.44159634139318
87.93321329281673
101.95342073711896
106.0
116.0010775812018
123.45545755453665
118.2285921425101
124.39654336033618
116.84605256490268
124.78982330302419
109.26229907886801
119.80191985106082
121.701479037849
127.10330444170206
128.4854077317732
132.5481044753187
132.12588694120467
129.18688013881285
134.5362404707371
119.39953936259553
130.59862173851607
115.07606180261818
125.06898096650504
119.96041013601112
123.1025994851449
118.6001686339442
113.68926950244689
109.35492672943455
113.4471242473779
106.50938925747344
105.84894897919393
102.95265902345602
105.19743342876764
105.47511554864494
102.13349107907749
108.02083132433299
105.47511554864494
106.23088063270491
110.28259155460576
104.74015466858926
108.2693400737254
110.24177973889935
107.80769916847312
112.69871339105873
106.92286939658887
113.6001760562016
110.62662428186083
105.50473923004597
112.71202242884297
102.9684417673687
103.44322114087515
102.18121158021175
103.26301370771628
102.5694886406284
102.77159140540736
101.30769960866745
101.44086947576899
101.29782820969065
99.46356116689167
99.45853407325085
99.68951800465283
96.77293009927931
99.43968020865715
99.04039579888602
99.95248871338822
100.40542814011602
97.60251021362104
99.62429422585637
98.61161189231215
98.68130522039117
96.62944685757029
96.93425607080296
96.70186140917868
97.71898484941399
100.30453628824571
99.04039579888602
100.73355945264716
97.082439194738
95.03288904374106
99.73088789337032
100.36558174992062
99.79103166116683
99.6393496566492
103.32594059576714
98.7484177088423
103.35618026997709
108.18618211213482
105.75916035975324
108.66922287382016
106.79068311421179
107.96411440844592
102.1077861869505
103.35618026997709
105.56159339456751
101.3928005333712
107.23105893350116
105.42532902486006
103.80871832365526
101.87369631067678
103.44322114087515
104.41503723123408
101.33730803608314
102.07962578301313
100.62430123980985
99.78226295289159
100.2808556006579
101.89823354700512
98.5723084846855
98.56089488230107
97.32420048477151
97.78803607803972
99.42082276867356
98.47842403288143
98.36284867774012
95.12623192369179
96.10020811631992
99.46356116689167
100.85881220795731
101.21388244702403
102.67058975188561
98.64709828474429
101.61323732663968
99.79103166116683
102.5694886406284
98.64709828474429
101.11503350145318
103.49033771323775
102.04165815979276
104.08650248711405
86.5520074868284
101.15582039606025
102.99757278693512
91.50136611002046
106.70637281812179
104.23531071570709
103.80871832365526
105.07616285342742
100.40418317978589
100.06123125366787
103.62070256469023
104.06848706500926
104.03124530639822
101.10019782374316
103.57605900979242
105.220007603117
114.5043667289593
126.50098813843313
141.42312399321406
130.92077757178194
116.44955989611984
108.20582239417618
94.76418099683023
79.20858539325141
101.86265262597475
121.54114529656202
136.283711425834
157.9976265644519
152.3056138164316
152.12248354533264
156.4073208005303
154.09250468468608
146.01369798755184
137.55453463990202
131.4201278343618
130.92077757178194
130.38404810405297
140.72135587749287
144.9844819282395
148.60013458944107
146.0522166897853
147.89354279345667
148.57489693753786
135.94851966829208
124.00907224876735
141.08951059522462
142.48245506026348
142.837320053269
144.27751037497146
146.03852231517547
145.33151757275502
128.14249880504127
126.3032066101253
126.20320915095623
118.92224350389628
126.80003943217052
128.76529035419443
139.30721445783058
140.74267298868529
138.0018115823122
137.02645729931137
137.60904766765884
140.80127840328723
138.70832707519762
141.56447294430902
140.2640367307315
141.71979395977118
140.30858847554558
139.97946277936632
139.97946277936632
125.8222953216162
110.2565190816398
107.76942980270425
106.54224514247858
104.59684507670391
100.31948963187563
97.71898484941399
116.94656899627283
120.15198708302746
128.50097275896397
127.11903869995241
126.9113864079973
115.93317040433251
122.41323457861898
110.70794912742264
93.76166594083107
115.25623627379127
114.71050518588086
127.81725235663612
131.344013948105
130.90550026641355
136.1111678004417
134.00093283257397
131.20975573485381
133.68619973654722
135.337540985493
130.72585819186654
134.82581355215328
136.88316185711082
139.9330196915653
138.47201883413126
139.70325694127536
137.7679207943562
137.27709204379295
137.70439353920412
135.95035858724316
134.31678971744373
134.9518432626987
135.53043938540154
136.7808466123821
137.44089638822936
137.53544997563355
136.69308687713507
137.44089638822936
138.9982014272127
137.6635391089449
139.51702405083043
137.7325306527111
139.44532978913278
136.7808466123821
137.2953021774598
138.40249275211772
138.73896352503144
138.3699750668475
137.95107828502103
137.6962236228721
137.97463535012514
136.50091574784398
141.42842712835352
140.4608486376186
142.86357128393507
142.1724305201258
138.31576193623053
131.8190046996259
119.1060451866319
125.10195841792405
123.29740467665977
125.60254774486066
123.45849504995596
110.7361729517505
104.65419246260515
101.01113799972754
102.0122541658599
78.47611101475404
53.150729063673246
41.14911906711977
41.76421913552317
42.720018726587654
43.56604182158393
44.11632350955823
46.502688094345686
43.54595273960601
46.542990879400946
44.79397280885008
42.79310692155922
44.52246623896749
46.61544808322666
42.10997506529777
47.077064479425644
45.62071897723665
45.8530260724415
47.01063709417264
46.51075144523038
45.41200281863816
46.51075144523038
46.738634982207174
48.44842618702903
46.57520799738848
48.28301978956991
48.67494221876385
44.09648512069868
43.22614949310197
42.79310692155922
48.708315511830214
47.859168400631454
48.12743500333256
50.06246098625196
50.62114182829147
52.146428449127754
51.46357935472425
48.56439024635232
46.738634982207174
46.57520799738848
47.69171835864168
49.1350180624776
47.64714052280577
52.40467536394057
54.120236510939236
55.319526389874305
50.31152949374527
51.6768807108169
47.853944456021594
49.882361612096915
49.489897959078476
52.31156659860226
52.28049349422785
44.0028408173836
57.2647360947381
54.5
50.42320894191484
51.88689622631132
57.467382052778426
48.088460154178364
52.40467536394057
52.59515186782903
51.915797210483056
50.42320894191484
52.839379254491625
50.06246098625196
52.84174486142561
55.886044769691836
55.21775076911409
55.751681588988866
57.71048431611019
58.57687256929991
59.34854673873658
62.54998001598402
62.68173577685928
64.00195309519859
64.89992295835181
64.41273166075166
65.56294685262401
69.73162840490677
70.9365914038728
70.83784299369935
67.41290677607664
66.56200117183978
70.178344238091
72.54825979994283
70.71421356417676
70.01785486574121
72.84572739701348
68.94381770688362
72.13875518748573
71.87663041629038
77.15568676384133
78.15529412650176
76.52777273643864
75.54634339264872
78.56844150166147
83.73768566183328
81.84283719422244
86.1307146144742
81.70220315266903
84.335638967165
84.00744014669176
86.20469824783333
91.91572226773829
95.50523545858624
79.8075810935277
90.78546139112804
92.14255260193306
91.61058890761483
92.76987657639737
96.74967700204482
96.82974749528164
97.84298646300613
100.72859574122931
79.60527620704548
81.14493206602616
87.31122493700337
83.0451684326066
93.9002129923037
92.84934033152847
89.16978187704622
79.83263743607623
90.32441530394757
101.74723583468987
98.49365461794989
97.41278150222382
98.2153246698294
99.05806378079474
100.6106356206937
98.92042256278529
83.21658488546619
82.51212032180484
85.85598406634216
99.35793878699377
80.85944595407516
96.52072316347407
99.95123811139109
95.83579706977973
76.06083091841687
72.2530276182251
80.91044431963033
95.25360885551791
95.84492683496607
88.61715409558128
98.65723490955948
99.70456358662827
97.5832977512033
102.19222083896602
87.96590248499699
84.00148808205721
84.91907912830897
89.88464829991827
98.07777526024945
94.64142856064674
91.91572226773829
99.79228427087938
80.29476944359452
79.30006305167733
83.24061508662703
97.5832977512033
100.06123125366787
99.34913185327791
99.70456358662827
97.94003267305969
101.84547118060773
105.13919345325034
89.00140448330015
92.9569792968769
99.08582138732059
86.00145347608958
101.5
82.09750300709517
88.50141241810776
91.67878707749138
87.6184911990614
77.60315715227055
79.83263743607623
81.1865136583657
92.76313923105448
89.12070466507768
102.19222083896602
101.13851887386922
98.3107318658548
102.22646428396122
90.20254985309451
100.05623418858018
100.43156874210419
98.7484177088423
100.76333658628023
102.22646428396122
96.93812459502195
105.00595221224367
92.84934033152847
77.71261158911081
97.96555517119269
95.55364985179791
104.65419246260515
103.59174677550331
100.7682985864106
101.82337649086284
100.0862128367339
101.84547118060773
102.18243488975979
86.2670273047588
84.87638069569178
101.20523701864444
85.42394277952756
99.79228427087938
85.16014325962585
94.74835090913193
85.23496934944014
77.52418977325722
89.62700485902673
89.33784192602819
106.02476125886821
104.47128792161031
93.54811596178727
102.55851988011527
104.03004373737426
106.59502802663921
108.00231479000809
108.3166653844181
94.437810224507
81.62413858657254
96.80005165287878
77.27386362800814
80.95677859203639
79.62411694957753
89.00561780022652
90.21086409075129
90.33963692643445
93.22687380793158
106.54224514247858
107.36037444047967
106.83164325236227
105.02975768800002
104.29285689825551
100.07122463525667
104.42820500228854
104.97737851556401
104.97737851556401
87.84645695758026
77.50161288644256
83.48652585896721
71.92530848039513
80.77747210701756
87.43712026365004
94.2244660372241
101.07423014794622
91.27157279240892
97.78164449425056
102.32912586355852
85.09406559801923
73.97972695272672
82.21921916437786
84.62416912442922
94.54099639838793
101.55294185792945
103.57726584535817
104.58608894112065
90.52071586106685
74.52684080249209
82.03657720797473
79.0
75.60588601425157
84.62416912442922
100.40542814011602
90.5165730681404
91.92388155425118
98.51522724939531
80.06247560499239
76.095334942426
79.95311125903731
90.94641279346867
95.06445182085677
91.90348197973785
91.28115906363152
93.20005364805323
83.88235809751654
77.63053522937994
80.05623023850174
85.03234678638476
75.55957914123132
84.55323766716447
77.66112283504533
75.63398706930634
87.28115489611719
89.62700485902673
76.27745407392672
81.67772034037189
75.92265801458745
77.58382563395543
76.15937237136346
78.14249804043892
77.64663547121665
81.24807690031808
81.11874012828355
82.29823813423954
87.36704184073076
79.13437938089866
81.50153372789987
82.02438661763951
79.00632886041473
82.01371836467361
81.891696770796
81.02468759581859
80.5
80.59931761497737
78.85746635544412
74.98333148106984
77.08761249383717
76.37080594049011
78.34858007647618
80.81150908131836
78.84478422825444
82.45301692479178
77.07463914933368
80.01562347441904
82.35593481953805
80.99691352144228
77.50161288644256
82.96083413274
82.96083413274
80.99691352144228
83.94343333459742
80.99691352144228
0.0
