10.04987562112089
14.0089257261219
25.811818998280614
25.387004549572207
25.985572920372565
24.438698819699873
24.869660230891775
24.38237068047322
25.124689052802225
24.964975465639856
24.869660230891775
25.656383221335
25.811818998280614
25.656383221335
26.767517628648346
25.93260495977988
26.767517628648346
26.504716561397142
27.04163456597992
37.73592452822641
39.96248240537617
49.449469157919175
40.99390198553927
41.93149174546501
43.85487430149584
43.41658669218482
44.77722635447622
45.41200281863816
45.89389937671455
47.01063709417264
41.88078318274385
43.266615305567875
45.48626166217664
46.32493928760188
47.70744176750625
57.245087125446844
51.10772935672255
51.97114584074513
53.08719242905957
55.13846207503434
54.023143188822324
56.08029957123981
65.76473218982953
68.8839603971781
64.74758682761852
67.41290677607664
69.64553108419807
60.3365560833563
63.30284353802758
66.31930337390465
68.52919086053767
71.31795005466716
73.11976476986233
74.4043009509531
76.31677404083587
80.73567984478734
83.80483279620573
70.70007072132248
76.76262111210117
76.76262111210117
80.2807573457052
83.48203399534538
88.4773982438453
90.81987667906184
97.7663029882996
101.04454463255303
106.4342520056396
110.90761921527303
115.39172413999195
119.56692686524983
120.14262357714684
121.5370313937279
109.9829532245793
98.70410325817261
100.10244752252564
100.10244752252564
101.30399794677405
101.00123761617974
102.3095792191523
102.5304832720494
102.84089653440405
103.46617804867444
105.11898020814318
104.73418735064497
105.7000473036791
105.97287388761333
107.96411440844592
108.63816088281318
89.72457857242908
78.13129974600449
74.62740783385149
76.68767828015137
78.74801584801995
80.2153351922187
82.17359673277056
84.13382197428095
86.70784278253035
87.96732347866451
91.31538753134654
93.50133688883813
96.1730211649816
97.62427976686948
101.03712189091691
103.7123425634577
107.35222401049734
110.86027241532469
111.15417221139295
112.0044641967453
113.26186472065521
113.6716763314415
113.6716763314415
112.80514172678478
103.50120772242225
99.00631293003492
101.04701875859574
102.64623714486567
104.74850834260123
104.633885524719
104.80935072788114
104.87254168751704
104.87254168751704
104.74850834260123
105.30550792812312
104.93807697875924
104.74850834260123
104.31323022512532
104.80935072788114
80.89653886292045
77.41446893184762
53.67727638395972
29.71952220342716
22.005681084665387
26.669270706189174
21.50581316760657
23.021728866442675
23.04886114323222
22.005681084665387
22.005681084665387
23.005434140654682
26.61766330841233
27.115493725912497
26.61766330841233
28.71410803072246
27.225906780123964
27.663152387246107
28.160255680657446
27.073972741361768
27.073972741361768
27.572631357924475
27.073972741361768
28.071337695236398
26.575364531836623
27.572631357924475
26.51886121235224
27.572631357924475
26.51886121235224
26.51886121235224
25.5049014897137
28.040149785619906
28.040149785619906
27.572631357924475
26.51886121235224
37.05401462729781
25.5
37.51333096380539
37.51333096380539
38.51298482330343
38.51298482330343
40.512343797909296
40.512343797909296
41.512046444375635
41.512046444375635
42.00297608503474
42.52646234992984
46.06788469204984
46.04345773288535
46.06788469204984
47.06644239795483
47.542086618069256
48.56439024635232
47.81736086402093
49.20619879649311
49.30770730829005
48.869724779253666
50.42072986381692
51.41254710671316
68.6476510887299
70.01785486574121
70.01785486574121
70.9964787859229
71.97569034055873
72.85773809280658
73.16078184382668
74.82145414251183
77.07463914933368
78.0544681616626
79.23698631321108
79.72609359550987
80.70470866064755
83.15347256729571
83.357663115037
86.29310517069136
86.7827747885489
88.04118354497513
91.44397191723465
93.99202093794983
97.37812896128165
98.46953843702123
100.65411069598697
104.29285689825551
104.41862860620226
107.57439286372943
110.60289327137876
113.40414454507383
115.46536277169876
115.72920979597156
116.0010775812018
114.60039266948434
115.20959161458737
114.86622654200842
112.50999955559506
112.74972283779681
113.2486203006465
92.51216136270949
94.36630754670864
96.8310384122777
99.87241861495094
102.0122541658599
103.57605900979242
106.12492638395562
108.91510455395982
111.13617772804677
113.36886697854928
116.06571414504802
118.12070097997217
99.79103166116683
102.91379888042225
105.05355776935876
108.01041616436815
108.04165863221463
110.05566773228901
114.00986799395919
119.05040949110591
121.01652779682617
119.00105041553205
119.50104602052653
105.81233387464809
121.75795661885921
127.12985487288185
127.93064527313227
127.7810627597063
128.25852798157322
129.21396983298672
129.54632376103925
129.36189547158003
130.31692138782284
130.79468643641454
131.75071157303097
119.63486114005399
121.10842249818961
123.07416463254991
123.56577195971383
124.54918707081151
126.51679730375726
129.1559135308949
129.55790211330222
131.52661327655326
133.00375934536586
133.67217361889496
134.56782676405234
135.64014892353958
136.6244853604214
125.12593655993149
127.66362050325849
127.66362050325849
128.56126943990557
130.5526713629407
132.54433220624713
133.58611454788254
133.63382805263043
136.1221877579111
137.6154061142865
133.23756977669623
133.7880786916383
134.8369385591352
136.82470537150812
137.71347065556077
139.70325694127536
140.6493867743475
143.68368035375485
144.83179899455783
144.94222987107656
133.6347634412543
137.63084683311368
140.6742691468486
142.58769231599197
145.53092454870202
148.5
139.2488779128938
138.95412912180768
140.91930314900085
143.86886390042844
145.8363809205371
147.80476988243646
148.789280527866
149.6036430037718
152.4016076030696
153.23592920721956
153.23592920721956
153.23592920721956
152.24733166791464
152.24733166791464
132.74128973307438
121.64805793764239
125.59956210114747
127.56272966662324
131.5342160808358
132.5603636084331
134.53345308881356
135.51475934377038
136.51465122835717
139.62897263820284
142.62625985420777
145.5858853048605
146.58529939935997
147.55422731999244
146.5307135040296
144.51384016764624
120.5041493061546
121.50411515664808
120.51659636747131
120.53733861339398
121.51645979043333
122.5367291876195
122.5367291876195
124.53613933312691
124.69663187111351
126.69352785363584
129.56176133412202
130.5612882902126
122.60199835239229
121.60283713795496
121.701479037849
122.69983700070672
124.56424045447393
130.59575031370662
129.59648914997658
128.59723947270408
127.64109839702884
126.64221255173963
125.64334443176845
123.64566308609453
123.64566308609453
121.701479037849
121.701479037849
120.70314826051556
119.70484534888301
118.76973520219703
116.84712234368462
115.93209219193795
114.93585167387937
113.85626904127854
93.40904667107999
93.5534606521854
93.5534606521854
93.4799443731114
93.4799443731114
93.6295893401226
94.469571820772
93.6295893401226
94.6176516301266
94.6176516301266
94.469571820772
94.6176516301266
95.1892851112981
94.28281921962241
94.28281921962241
93.29657014060056
88.20005668932419
87.21381771256203
87.87775600230128
88.86225295365857
86.89361311396829
85.11462858991985
84.58427749883545
69.15562160808042
68.52919086053767
68.66039615382364
68.66039615382364
67.67015590347047
67.67015590347047
66.6802069582871
0.0
