1.118033988749895
1.5811388300841898
2.5495097567963922
3.640054944640259
2.23606797749979
1.8027756377319946
1.4142135623730951
2.5495097567963922
2.0615528128088303
3.0413812651491097
3.8078865529319543
3.8078865529319543
2.5495097567963922
3.605551275463989
3.2015621187164243
4.301162633521313
3.2015621187164243
2.1213203435596424
3.5355339059327378
3.8078865529319543
3.0413812651491097
3.0
3.5
3.640054944640259
3.5
3.640054944640259
5.0990195135927845
3.640054944640259
3.5355339059327378
3.1622776601683795
2.692582403567252
3.1622776601683795
3.0413812651491097
4.527692569068709
4.6097722286464435
4.47213595499958
4.6097722286464435
3.8078865529319543
4.031128874149275
4.272001872658765
4.6097722286464435
4.0
1.5
2.0615528128088303
3.1622776601683795
2.5
2.23606797749979
3.905124837953327
3.0413812651491097
3.0413812651491097
3.5355339059327378
3.8078865529319543
2.23606797749979
3.605551275463989
2.692582403567252
3.8078865529319543
4.242640687119285
4.123105625617661
3.5355339059327378
2.692582403567252
2.5
3.905124837953327
3.905124837953327
3.640054944640259
4.301162633521313
2.692582403567252
3.2015621187164243
3.605551275463989
4.6097722286464435
3.905124837953327
4.6097722286464435
4.301162633521313
4.716990566028302
4.949747468305833
3.3541019662496847
4.949747468305833
4.301162633521313
3.605551275463989
2.8284271247461903
2.5
2.5
1.5811388300841898
2.5
1.0
0.5
2.1213203435596424
0.7071067811865476
4.031128874149275
5.70087712549569
5.1478150704935
6.041522986797286
5.830951894845301
6.5
6.041522986797286
5.70087712549569
6.264982043070834
5.830951894845301
6.708203932499369
6.020797289396148
5.5901699437494745
5.830951894845301
5.70087712549569
7.826237921249264
6.946221994724902
6.5
7.632168761236874
6.708203932499369
5.70087712549569
7.158910531638177
7.158910531638177
5.5901699437494745
7.158910531638177
6.726812023536855
5.385164807134504
6.946221994724902
7.158910531638177
7.280109889280518
6.264982043070834
6.800735254367722
6.96419413859206
6.082762530298219
6.708203932499369
7.106335201775948
6.800735254367722
10.124228365658293
9.300537618869138
9.7082439194738
8.74642784226795
9.924716620639604
10.816653826391969
10.307764064044152
10.404326023342406
10.977249200050075
9.433981132056603
12.349089035228468
13.46291201783626
13.200378782444085
13.601470508735444
11.661903789690601
13.038404810405298
12.971121771072847
16.560495161679196
15.435349040433131
16.1245154965971
16.1245154965971
16.64331697709324
17.269916039170543
16.62077013859466
17.356554957709783
18.027756377319946
17.67059704707229
18.788294228055936
20.615528128088304
22.360679774997898
21.93171219946131
15.811388300841896
31.216982557575932
22.89650628371062
35.4400902933387
24.62214450449026
21.70829334609241
13.901438774457844
17.414074767267998
26.744158240632665
33.50373113550191
38.14773912042495
23.43608329051593
21.965882636488796
37.5532954612508
44.070965498840614
25.243811122728676
32.984845004941285
45.467021015236966
28.88771365130858
42.933087473416116
52.03844732503075
55.61025085359713
50.70009861923347
57.638962516686576
47.59464255564905
54.77681991499689
31.575306807693888
53.89341332667657
55.724770075793046
59.17136131609615
61.204574992397426
60.848171706305195
59.75366097570926
60.29925372672534
62.51399843235114
66.04922406811453
65.32419153728578
65.69056248807739
67.04103221162394
66.11542936410532
70.8590149522275
71.02112361825881
71.13719139803032
73.07701416998371
73.68174807915459
76.03453162872775
75.23629443293974
85.32877591996736
79.26695402246764
48.708315511830214
45.77390086064329
35.7246413557925
22.610838109190027
7.516648189186454
25.079872407968907
4.123105625617661
12.103718436910205
21.360009363293827
5.385164807134504
30.64718584144391
12.649110640673518
18.7949461292125
16.977926846349646
8.200609733428363
21.50581316760657
6.670832032063167
18.848076824970764
17.92344832893492
26.196373794859472
24.19194080680589
21.360009363293827
24.041630560342615
27.459060435491963
27.064737205448715
25.83118270617898
30.696090956341656
30.083217912982647
35.106979363083916
30.516389039334257
36.01735692690401
39.81205847478876
39.223717314910374
22.321514285549714
42.172265767919086
39.654760117796705
42.464691215173104
41.871828238088675
43.83206588788623
44.477522413012174
43.68065933568311
43.174066289845804
42.5
46.28714724413247
46.28714724413247
48.507731342539614
48.507731342539614
0.0
