10.307764064044152
11.280514172678478
12.093386622447824
13.038404810405298
9.656603957913983
9.340770846134703
8.54400374531753
6.0
6.0
7.0710678118654755
20.024984394500787
22.02271554554524
22.02271554554524
23.194827009486403
9.055385138137417
9.055385138137417
15.0
17.029386365926403
19.026297590440446
22.0
22.0
21.02379604162864
24.020824298928627
25.079872407968907
25.179356624028344
27.018512172212592
23.08679276123039
25.179356624028344
40.01249804748511
43.04648650006177
44.01136216933077
49.09175083453431
49.49747468305833
49.49747468305833
49.24428900898052
48.662100242385755
44.10215414239989
45.0111097397076
46.010868281309364
51.0098029794274
47.095647357266465
47.095647357266465
48.25971404805462
46.389654018972806
47.38143096192854
44.28317965096906
41.19465984809196
42.1070065428546
42.01190307520001
46.010868281309364
43.01162633521314
42.01190307520001
42.04759208325728
43.289721643826724
44.28317965096906
44.27188724235731
46.238512086787566
48.46648326421054
51.894122981316485
51.478150704935004
51.42956348249516
54.20332093147061
55.569775957799216
57.8013840664737
56.356011214421486
53.71219600798314
50.32891812864648
49.9799959983992
50.96076922496363
51.66236541235796
51.19570294468082
50.635955604688654
49.36598018878993
48.373546489791295
49.25444142409901
50.48762224545735
50.08991914547278
49.1248409666637
47.13013897709193
49.09175083453431
47.095647357266465
47.265209192385896
37.013511046643494
39.01281840626232
38.01315561749642
39.01281840626232
40.0
39.05124837953327
40.049968789001575
41.012193308819754
41.048751503547585
41.048751503547585
41.0
40.049968789001575
41.012193308819754
42.04759208325728
42.01190307520001
42.04759208325728
42.01190307520001
41.048751503547585
40.049968789001575
40.049968789001575
40.11234224026316
40.19950248448356
40.01249804748511
41.19465984809196
44.10215414239989
44.04543109109048
48.041648597857254
50.039984012787215
49.0
51.088159097779204
53.46026561849464
54.589376255824725
55.57877292636101
55.57877292636101
57.706152185014034
56.88585061331157
57.87054518492115
58.855755878248644
58.05170109479997
58.69412236331676
58.69412236331676
58.52349955359813
57.56735185849702
56.61271941887264
53.75872022286245
50.59644256269407
49.040799340956916
47.51841748206689
45.27692569068709
44.181444068749045
41.19465984809196
39.11521443121589
37.21558813185679
35.12833614050059
37.12142238654117
31.25699921617557
31.144823004794873
33.06055050963308
32.14031735997639
32.38826948140329
32.2490309931942
31.400636936215164
29.832867780352597
29.832867780352597
29.120439557122072
31.016124838541646
32.31098884280702
35.11409973215888
34.785054261852174
37.0
38.27531841800928
37.64306044943742
38.62641583165593
38.600518131237564
40.162171256046406
37.0
38.3275357934736
40.26164427839479
37.656340767525464
40.311288741492746
39.319206502675
45.39823785126467
46.04345773288535
44.181444068749045
45.0
47.01063709417264
47.095647357266465
48.041648597857254
47.16990566028302
46.52956049652737
45.35416188179427
43.73785545725808
43.657759905886145
44.28317965096906
43.46262762420146
42.95346318982906
45.617978911828175
47.16990566028302
47.16990566028302
45.221676218380054
48.76474136094644
49.24428900898052
46.87216658103186
48.25971404805462
47.265209192385896
48.16637831516918
49.09175083453431
49.040799340956916
51.15662224971465
48.373546489791295
48.373546489791295
46.69047011971501
47.16990566028302
49.49747468305833
50.635955604688654
50.80354318352215
48.507731342539614
49.03060268852505
50.00999900019995
46.32493928760188
46.32493928760188
45.5411901469428
45.12205669071391
39.6232255123179
38.3275357934736
41.30375285612676
41.30375285612676
40.024992192379
41.0
40.607881008493905
42.95346318982906
45.89117562233506
45.221676218380054
43.657759905886145
41.23105625617661
44.01136216933077
41.7612260356422
41.43669871020132
43.41658669218482
45.880278987817846
44.9221548904324
43.01162633521314
41.23105625617661
41.43669871020132
39.84971769034255
40.311288741492746
37.69615364994153
37.33630940518894
36.05551275463989
36.05551275463989
38.27531841800928
39.0
40.311288741492746
38.01315561749642
37.12142238654117
32.2490309931942
30.870698080866262
26.570660511172846
27.51363298439521
27.51363298439521
23.08679276123039
21.840329667841555
23.53720459187964
29.832867780352597
30.805843601498726
30.59411708155671
61.0
58.42088667591412
58.249463516842795
60.207972893961475
56.515484603779164
62.0966987850401
61.61168720299745
62.36184731067546
65.52098900352466
66.21933252457322
66.94027188471824
67.68308503607086
68.06614430096654
66.09841147864296
55.78530272392541
55.31726674375732
55.90169943749474
59.22837157984339
58.309518948453004
58.309518948453004
61.66036003787198
58.137767414994535
62.51399843235114
57.14017850864661
60.207972893961475
63.28506932918696
64.38167441127949
61.98386886924694
60.876925020897694
59.77457653551382
56.64803615307419
61.40032573203501
57.0087712549569
53.600373133029585
31.04834939252005
30.083217912982647
32.69556544854363
35.84689665786984
34.92849839314596
38.47076812334269
36.28015986734347
35.77708763999664
0.0
