4.6097722286464435
5.522680508593631
4.743416490252569
3.640054944640259
5.0
24.27447218787671
28.653097563788805
32.31098884280702
36.52738698565776
40.326790102858425
44.44378471732578
47.460509900337144
49.24682730897494
53.744767187141115
58.450834040242746
62.5859409132754
67.19560997565243
71.97569034055873
74.52516353554684
78.15529412650176
81.97865575867904
84.25704718301016
90.2551937563706
69.00181157042184
71.69553682064178
76.52777273643864
78.35336623272799
71.68856254661549
62.07455195166535
55.30144663568938
74.47314952383846
81.38949563672206
84.15759026968394
89.73990193888112
95.57850176687224
96.51942809610924
102.14940038982118
108.16769388315534
112.8716084761797
119.26650829130531
122.98068954108201
126.3932355784913
132.53112841894918
138.01539769170685
145.03189304425425
128.09469153715935
86.46531096341468
87.38563955250314
93.59086493883898
80.65358020571685
81.21576201698781
85.65191182921721
92.8453014427763
97.67548310604867
109.68249632461873
113.66837730873085
115.13470371699404
83.05570419904944
81.68537200747757
92.13576938409967
95.75620084360072
75.92265801458745
55.210959057056776
31.847291878588358
24.300205760445735
50.08991914547278
45.77390086064329
47.6366455578056
57.604253315184984
57.38466694161429
59.03600596246328
64.25145912740037
57.019733426244635
69.75851202541521
76.44932962426813
80.26362812631884
82.10054811022884
88.01278316244749
92.94218633107357
98.18986709431886
105.84186317332097
111.83022847155415
114.67017920976666
119.67664768032233
125.23977004130916
133.5
140.24710335689647
143.3614313544616
151.92103211866353
97.69467743945931
94.60708218732887
104.04326023342406
110.3675676999362
111.4955156048888
123.17162822663343
129.5
134.00093283257397
145.7840869230932
150.78461459976612
149.6963593411677
154.08601493970826
145.54209013203018
113.38540470448567
125.61548471426602
129.7815472245573
131.73173497680807
138.18556364541124
146.21644914304272
152.3975065412817
162.38996274400705
168.47106576501497
164.0525830336115
122.89121205358828
131.3059404596761
121.19818480488888
125.67418191498204
130.72585819186654
129.28263611173776
135.39756275502157
144.7281935215112
149.89496322425248
144.5657289954988
142.64115815570204
144.80676779764127
144.09805689182627
149.74394812479068
165.42747655694927
176.11927776367924
174.459880774922
171.91058722487105
166.1715980545412
170.51979357247652
135.94208325606903
129.83932378135677
127.7810627597063
144.05294165687835
133.04322605830032
137.3835870837561
139.71757226634023
0.0
