4.6097722286464435
4.949747468305833
4.301162633521313
5.1478150704935
4.47213595499958
4.272001872658765
3.605551275463989
3.640054944640259
3.2015621187164243
3.2015621187164243
2.8284271247461903
4.47213595499958
3.0413812651491097
5.1478150704935
3.3541019662496847
3.0413812651491097
3.0413812651491097
3.640054944640259
2.0
1.5
2.9154759474226504
2.5495097567963922
3.640054944640259
2.5
2.5
4.031128874149275
3.2015621187164243
1.8027756377319946
3.5355339059327378
2.0615528128088303
3.3541019662496847
2.9154759474226504
4.924428900898052
6.519202405202649
4.6097722286464435
4.301162633521313
8.276472678623424
7.5
6.726812023536855
5.70087712549569
5.830951894845301
5.385164807134504
6.576473218982953
3.605551275463989
3.640054944640259
5.852349955359813
4.527692569068709
2.5495097567963922
3.0413812651491097
2.5
3.605551275463989
4.272001872658765
2.692582403567252
2.0
2.9154759474226504
2.0615528128088303
1.5811388300841898
3.5355339059327378
3.905124837953327
2.9154759474226504
2.5
3.5355339059327378
2.0
4.716990566028302
5.0
3.1622776601683795
3.2015621187164243
2.23606797749979
4.716990566028302
2.5
3.905124837953327
4.272001872658765
4.6097722286464435
3.605551275463989
2.23606797749979
1.5
1.5811388300841898
2.692582403567252
3.3541019662496847
3.5355339059327378
4.031128874149275
2.0615528128088303
3.0413812651491097
2.5495097567963922
3.640054944640259
3.640054944640259
3.640054944640259
4.6097722286464435
5.0990195135927845
3.8078865529319543
3.3541019662496847
3.605551275463989
3.3541019662496847
3.605551275463989
5.5901699437494745
3.8078865529319543
4.031128874149275
6.041522986797286
2.9154759474226504
4.301162633521313
5.5901699437494745
5.5
6.670832032063167
5.70087712549569
5.220153254455275
6.96419413859206
5.830951894845301
6.041522986797286
5.0990195135927845
4.031128874149275
5.5
5.0990195135927845
5.5901699437494745
7.280109889280518
6.708203932499369
8.631338250816034
9.12414379544733
9.7082439194738
9.340770846134703
0.0
