24.9098374141623
29.410882339705484
46.542990879400946
46.542990879400946
45.56862956025779
45.59879384369722
45.59879384369722
46.2709412050371
46.32763753959401
46.389654018972806
46.389654018972806
47.51841748206689
47.59464255564905
47.762432936357
47.853944456021594
47.95049530505394
48.158592172114
48.386465049639654
48.63383595810637
49.01530373260988
49.96498774141749
49.684001449158664
49.86231041578399
50.61867244406949
51.22987409705396
51.20790954530364
52.100863716449076
52.55949010407159
53.52102390649865
55.06813960903346
55.06813960903346
55.61025085359713
56.73182528352142
57.019733426244635
57.604253315184984
58.200085910589515
58.502136713115014
59.11429607125505
59.42432162002356
59.665735560705194
59.602852280742404
59.98541489395568
60.30754513325841
60.30754513325841
60.30754513325841
59.98541489395568
59.665735560705194
59.033888572581766
58.412327466040935
57.201398584300364
57.201398584300364
56.73182528352142
55.47071299343465
55.33760023709015
53.85164807134504
52.839379254491625
52.55949010407159
51.42956348249516
50.566787519082126
49.040799340956916
48.869724779253666
49.01530373260988
48.76474136094644
48.507731342539614
47.460509900337144
47.67598976424087
47.877447718106275
47.71268175233918
47.095647357266465
47.02393007820593
47.042533945356304
48.093658625644196
47.762432936357
48.507731342539614
48.83646178829912
49.1350180624776
50.44799302251776
50.21205034650547
50.766622893393254
52.03124061561477
51.86520991955976
53.02122216622322
53.02122216622322
53.02122216622322
53.387732673339855
53.387732673339855
54.230987451824994
53.85164807134504
54.230987451824994
54.69232121605372
54.03933752369657
54.03933752369657
54.31620384378864
54.60082416960389
54.42425929675111
54.25172808307584
53.61203223158025
54.55501810099599
54.70831746635972
54.07864643276494
54.07864643276494
54.07864643276494
54.07864643276494
54.07864643276494
54.07864643276494
54.07864643276494
54.07864643276494
54.46558546458488
54.46558546458488
53.96758286230726
53.96758286230726
54.33691194758863
54.171025465649066
52.90085065478626
52.90085065478626
52.787309080876625
52.69250421075089
52.55949010407159
52.502380898393554
52.502380898393554
52.502380898393554
52.55949010407159
52.61653732430518
52.69250421075089
51.79285665031424
53.033008588991066
53.18364410229897
53.18364410229897
53.352600686377045
53.744767187141115
53.744767187141115
52.99528280894442
53.50233639758174
52.06006146750117
52.6806416058119
52.825183388228766
53.45091205957107
53.75872022286245
53.60270515561691
54.7220248163388
54.7220248163388
55.19284373902109
55.19284373902109
55.664171600770274
56.13599558215744
56.77367347635698
57.716981903075975
58.345951016330176
58.345951016330176
59.927038972403764
59.29797635670209
60.728905802755904
60.878978309429606
61.832434854209
62.02015801334273
63.265314351546536
63.60031446463138
65.18051856191389
66.62019213421709
67.58143236126325
67.58143236126325
68.06247130394253
68.54378162897055
69.0253576593414
68.54378162897055
69.3757882838098
69.0253576593414
69.3757882838098
68.76408946535975
68.76408946535975
67.92827099227537
67.79749257900325
67.79749257900325
67.79749257900325
66.57702306351644
65.96969000988257
65.364363379444
64.76109943476871
64.1599563590874
62.96427558544607
63.186232677696495
61.61168720299745
62.5859409132754
59.927038972403764
58.8430114796991
58.8430114796991
57.002192940272046
56.40257086339239
55.80546568213547
54.82928049865327
55.056788863863105
54.45410911951457
54.45410911951457
53.96758286230726
53.48130514488217
53.600373133029585
53.48130514488217
53.48130514488217
53.48130514488217
52.630789467763066
52.75651618520692
52.75651618520692
52.2733201547405
51.79044313384468
51.79044313384468
52.06006146750117
51.92301994298868
51.79044313384468
51.66236541235796
51.53882032022076
51.419840528729765
51.68413683133346
51.480578862324386
51.62363799656123
51.41254710671316
51.24451190127583
51.03920062069938
51.5
51.06123774449656
52.690131903421914
52.690131903421914
53.049505181481194
53.723830838837245
54.8839685154053
55.19284373902109
56.08029957123981
56.859475903318
57.697486947006624
58.823889704778956
60.28474102125678
59.42432162002356
60.63208721460939
60.207972893961475
60.60115510450275
61.15962720618889
61.15962720618889
62.54998001598402
63.12289600454022
63.12289600454022
63.413326675076746
63.70635761052424
63.70635761052424
64.11123146532127
64.11123146532127
64.92495668077107
64.5174395028197
65.74382100243338
65.04805915628843
65.45991139621256
66.15323121359984
66.15323121359984
66.30422309325402
66.88796603276258
67.83988502348747
68.1065341945984
68.37579981250677
68.92205742721266
69.8927750200262
70.0446286306095
71.80006963784923
71.80006963784923
73.01540933255117
73.17444909256236
74.51845409024533
76.85863646982035
77.12651943397938
78.15529412650176
79.90306627407988
82.05181289892381
85.74672005388894
85.74672005388894
88.40955830678038
91.0494371207203
92.4026514771086
95.50523545858624
97.94003267305969
100.40542814011602
103.59174677550331
105.84186317332097
110.70794912742264
109.84648378532651
112.43776056112111
114.85752043292594
117.040591249361
118.79604370516722
120.11765065967616
122.11879462228572
123.66183728216235
125.44421070738976
128.79926242024837
129.0280977151876
130.14607178090316
131.73173497680807
131.73173497680807
133.96734676778516
134.23859355639868
135.35601205709335
136.0588108135596
136.31030775403596
137.22426899058345
137.68169813014364
137.93929824382897
137.68169813014364
137.93929824382897
138.85694076998817
138.13942232396948
139.31618714277246
138.3979768638256
137.93929824382897
138.13942232396948
138.34106404101422
137.7406984155373
137.2816448036663
136.82287820390272
137.02280832036686
136.56500283747664
136.10749428301148
135.19338001544307
134.693169834257
132.39807400411834
132.39807400411834
131.4838393111488
129.4700737622405
128.15030237966667
125.97817271257748
125.03199590504823
122.54080952890756
121.0712600083108
118.74868420323654
116.19918244118588
116.19918244118588
115.85011868789778
114.94890169114275
115.26057435220423
113.95174417269794
115.2443057161611
115.18029345335077
115.30069384006325
115.14447446577712
115.2757563410451
115.69896283026914
116.87707217414372
116.46887996370532
116.80004280821133
116.95405080628888
117.84099456470994
117.2006825918689
117.7295629822858
117.98410909948848
118.28884140103833
118.4736257569591
118.39130035606502
118.15773355984787
118.76131525037941
117.63715399481578
117.7974957288991
118.62756846534451
119.44140823014438
118.88755191356242
119.69231387186063
119.57006314291216
119.33147112141039
119.10079764636339
118.39024453053554
117.19748290812393
115.73245007343446
115.03151742022705
113.07630167280853
111.61093136427094
108.74856320889945
108.95526604987938
107.28000745712129
106.19910545762615
105.5106629682517
104.33839178365747
103.26301370771628
102.0122541658599
100.9418149232517
99.79103166116683
98.5723084846855
98.64709828474429
98.43017829913751
97.93492737527302
97.43972495856092
96.25097402104562
96.25097402104562
95.75489543621255
94.76286192385707
94.70084476919939
94.8274749215648
93.7709976485267
93.70832406995656
93.21212367498126
92.71596410543332
92.43916918709297
91.3961158912128
91.30854286429063
91.16605728010836
90.5883546599672
90.5
91.0
90.54971010445036
90.13878188659973
89.95137575379268
89.6172416446746
90.09439494219383
89.13613184337763
88.52683209061533
88.32326986700618
86.20469824783333
87.95737604089835
86.81301745706112
87.06606686878649
87.44855630597911
87.87775600230128
87.91188770581599
88.87350561331537
89.11930206189902
89.86934961375874
89.52373986826065
89.26505475268584
88.83692925805124
88.15043959050914
87.89340134503841
87.63846187605074
86.95401083331349
86.26992523469578
85.52338861387568
85.47514258543241
83.86000238492723
83.86000238492723
82.96083413274
82.10054811022884
81.43709228600933
81.02468759581859
80.62257748298549
80.16389461596785
80.16389461596785
79.2480283666414
79.62411694957753
79.62411694957753
79.83890029302758
79.15964881175258
78.97151385151484
79.75587752636166
79.66335418497015
80.84862398334309
81.14493206602616
82.90054282090075
85.85161617581815
85.47075523241853
87.07755164219995
88.77640452282351
90.86390922693124
93.36219791757262
94.847245611035
96.7070318022428
98.2713081219539
100.19231507456048
103.31747190093262
103.31747190093262
105.30075973135237
106.31204071035415
107.36037444047967
108.44468636129665
110.13627921806692
111.47421226454125
112.68762132550319
114.32628744081563
116.72296260804897
116.27553482998907
117.4148627729897
117.89508047412326
119.10079764636339
119.6202324023825
121.46192819151193
121.07848694132248
121.35279148004796
121.35279148004796
121.81646029991185
122.28041543926811
121.07848694132248
119.69231387186063
120.15406776301833
119.16060590648236
117.78370006074695
117.6860229593982
116.56864930160253
114.7529956036007
113.59577456930342
112.47777558255676
111.80339887498948
110.69101137852161
109.59014554237986
108.73936729630167
107.86218058244512
105.49170583510346
105.05831713862544
103.41421565722963
101.28301930728566
100.97153064106733
99.71208552627911
98.45938248841499
96.67083324353835
95.85014345320512
94.33583624476968
93.00537618869137
91.10021953870364
90.30088593142374
87.92752697534488
87.92752697534488
87.53570700005798
86.36694969720767
86.05230967266364
84.88963423174822
84.57245414436073
84.57245414436073
84.18580640464282
83.48203399534538
84.25704718301016
84.25704718301016
83.86894538504703
83.94343333459742
84.25704718301016
84.41711911691846
84.41711911691846
85.11903429903326
85.11903429903326
85.90838143045183
86.50144507463445
86.50144507463445
86.50144507463445
87.71117374656436
88.0056816347672
88.23264701911646
88.64113040795452
0.0
