7.566372975210778
8.73212459828649
11.884864324004713
9.486832980505138
11.884864324004713
11.884864324004713
20.796634343085422
20.359273071502333
18.607794065928395
18.12456896039186
17.867568385205637
18.788294228055936
18.560711193270585
20.838665984174707
19.03943276465977
19.72308292331602
17.55704986607944
15.182226450688976
16.62077013859466
19.474342094150447
19.912307751739878
17.7341478509682
17.46424919657298
17.219175357722563
12.776932339180638
13.601470508735444
15.041608956491324
12.619429464123963
12.020815280171307
12.816005617976296
14.115594213493104
15.182226450688976
13.124404748406688
14.916433890176299
15.182226450688976
15.508062419270823
16.62077013859466
14.430869689661812
15.890248582070704
16.492422502470642
15.182226450688976
16.28649747490233
15.182226450688976
14.866068747318506
13.601470508735444
11.704699910719626
14.080127840328723
12.175795661885921
11.543396380615196
12.093386622447824
10.0
12.093386622447824
10.51189802081432
12.083045973594572
12.257650672131263
13.200378782444085
13.285330255586423
13.756816492197604
13.46291201783626
11.180339887498949
8.139410298049853
11.884864324004713
11.853269591129697
12.298373876248844
13.341664064126334
9.604686356149273
10.547511554864494
13.92838827718412
13.756816492197604
12.175795661885921
12.971121771072847
14.396180048887969
14.560219778561036
13.0
12.539936203984453
13.416407864998739
16.446884203398525
17.10263137648707
16.492422502470642
11.01135777277262
17.585505395068974
19.981241202688086
23.753947040439407
6.020797289396148
11.01135777277262
10.594810050208546
9.656603957913983
9.340770846134703
11.926860441876563
13.0862523283024
18.117670931993437
15.660459763365825
16.3783393541592
13.46291201783626
12.776932339180638
13.0862523283024
14.603081866510234
14.5
11.543396380615196
11.672617529928752
12.093386622447824
15.945218719101975
20.155644370746373
19.60229578391266
20.402205763103165
23.200215516240362
25.985572920372565
26.5
28.217902119044926
30.955613384328213
30.103986446980738
22.38861317723811
21.80022935659164
22.299103120977758
20.303940504246953
23.04886114323222
24.37724348649781
27.189152248645048
28.040149785619906
30.516389039334257
32.72995569810628
30.153772566629204
34.44198019858905
34.00367627183861
35.92352989337211
35.19232870953555
37.63641853311763
40.798284277650694
42.69074841227312
44.02839992550263
43.64057744805859
43.777848279695064
43.34166586553867
42.38513890504548
42.85148772213166
44.477522413012174
45.41200281863816
46.5537323960174
43.384905209070126
43.00290687848904
42.5
41.59627387158614
39.80263810352274
39.80263810352274
37.589892258425
36.05551275463989
35.77708763999664
32.31098884280702
25.317977802344327
25.0
23.53720459187964
24.698178070456937
23.769728648009426
26.92582403567252
29.614185789921695
32.2490309931942
32.69556544854363
27.16615541441225
31.144823004794873
27.294688127912362
25.179356624028344
22.20360331117452
19.1049731745428
17.029386365926403
14.0
14.0
19.235384061671343
21.840329667841555
17.26267650163207
20.396078054371138
16.0312195418814
18.439088914585774
15.524174696260024
14.317821063276353
24.150569351466643
19.448650338776723
27.04163456597992
24.82438317461282
32.09750769140807
32.76049450176233
38.616706229299254
42.547032799009614
43.54595273960601
47.36296021154083
28.376927247325423
27.04163456597992
26.004807247891687
21.360009363293827
20.71834935510066
33.24530041975858
30.319135871591065
31.2929704566377
34.03307215048327
33.24530041975858
26.669270706189174
26.443335644354704
30.103986446980738
28.64000698323937
31.148836254345042
31.531730050855124
31.084562084739105
33.63406011768428
27.789386463180506
26.076809620810597
25.495097567963924
24.73863375370596
26.248809496813376
24.041630560342615
28.460498941515414
28.160255680657446
28.635642126552707
29.427877939124322
28.284271247461902
26.68332812825267
26.68332812825267
26.30589287593181
26.92582403567252
27.459060435491963
27.073972741361768
28.160255680657446
28.0178514522438
27.294688127912362
28.160255680657446
26.68332812825267
25.495097567963924
24.73863375370596
23.345235059857504
22.80350850198276
22.20360331117452
27.294688127912362
28.0178514522438
26.0
22.20360331117452
21.02379604162864
19.6468827043885
19.4164878389476
21.470910553583888
27.459060435491963
23.08679276123039
9.219544457292887
14.422205101855956
23.11384866265244
28.81405906844782
15.976545308670458
14.115594213493104
13.756816492197604
19.525624189766635
14.705441169852742
14.430869689661812
11.884864324004713
12.349089035228468
0.0
