7.905694150420948
6.946221994724902
10.793516572461451
16.32482771731451
20.26079958935481
11.412712210513327
6.946221994724902
5.830951894845301
7.433034373659253
6.576473218982953
12.90348790056394
13.601470508735444
12.36931687685298
8.0156097709407
5.1478150704935
6.041522986797286
4.301162633521313
6.519202405202649
4.716990566028302
5.385164807134504
10.51189802081432
5.0
6.726812023536855
13.200378782444085
10.259142264341596
7.158910531638177
15.041608956491324
20.65187642806338
17.00735135169495
17.564168070250297
18.006943105369107
17.356554957709783
14.430869689661812
12.020815280171307
5.0990195135927845
19.1049731745428
27.35415873317986
33.28663395418648
23.200215516240362
14.534441853748634
15.660459763365825
14.713938969562161
7.905694150420948
10.307764064044152
7.433034373659253
3.640054944640259
3.2015621187164243
3.5355339059327378
0.7071067811865476
0.5
3.0
5.656854249492381
4.924428900898052
1.118033988749895
1.5811388300841898
2.9154759474226504
5.0
9.962429422585638
5.522680508593631
8.0156097709407
10.259142264341596
15.976545308670458
10.111874208078342
13.46291201783626
12.539936203984453
12.98075498574717
10.700467279516348
9.5524865872714
12.747548783981962
9.513148795220223
0.0
