5.830951894845301
7.211102550927978
6.708203932499369
7.3824115301167
7.826237921249264
7.826237921249264
6.96419413859206
6.708203932499369
6.946221994724902
7.158910531638177
7.3824115301167
7.211102550927978
7.158910531638177
6.946221994724902
7.615773105863909
7.826237921249264
7.158910531638177
8.06225774829855
7.615773105863909
7.826237921249264
7.615773105863909
8.06225774829855
6.708203932499369
7.158910531638177
7.158910531638177
6.96419413859206
6.264982043070834
7.158910531638177
6.264982043070834
6.264982043070834
6.96419413859206
6.800735254367722
6.519202405202649
7.158910531638177
6.041522986797286
6.96419413859206
6.946221994724902
6.5
6.519202405202649
7.3824115301167
6.264982043070834
6.800735254367722
6.103277807866851
7.211102550927978
6.800735254367722
6.800735254367722
6.946221994724902
7.826237921249264
6.519202405202649
6.519202405202649
7.158910531638177
7.3824115301167
7.3824115301167
6.708203932499369
6.946221994724902
6.708203932499369
6.708203932499369
7.211102550927978
6.519202405202649
6.519202405202649
5.830951894845301
6.708203932499369
6.264982043070834
6.264982043070834
6.264982043070834
6.519202405202649
6.519202405202649
6.041522986797286
6.5
6.5
6.041522986797286
6.264982043070834
6.5
6.041522986797286
5.852349955359813
6.96419413859206
7.3824115301167
6.96419413859206
7.3824115301167
6.708203932499369
7.211102550927978
6.946221994724902
7.211102550927978
6.946221994724902
7.3824115301167
7.632168761236874
7.615773105863909
6.708203932499369
6.708203932499369
5.852349955359813
6.041522986797286
6.041522986797286
6.5
6.519202405202649
6.800735254367722
7.632168761236874
8.32165848854662
7.7781745930520225
6.726812023536855
6.726812023536855
7.106335201775948
7.106335201775948
6.800735254367722
6.264982043070834
7.158910531638177
7.211102550927978
6.708203932499369
6.264982043070834
6.264982043070834
6.708203932499369
7.632168761236874
7.106335201775948
7.632168761236874
7.5
7.3824115301167
7.3824115301167
6.96419413859206
7.158910531638177
6.96419413859206
8.06225774829855
8.06225774829855
7.632168761236874
7.905694150420948
8.139410298049853
7.433034373659253
7.106335201775948
6.4031242374328485
6.519202405202649
6.800735254367722
6.519202405202649
6.4031242374328485
6.800735254367722
7.810249675906654
5.315072906367325
4.949747468305833
5.70087712549569
4.6097722286464435
5.315072906367325
5.656854249492381
5.656854249492381
6.020797289396148
4.242640687119285
4.6097722286464435
4.949747468305833
4.949747468305833
3.905124837953327
4.301162633521313
4.716990566028302
4.6097722286464435
3.905124837953327
4.301162633521313
4.6097722286464435
4.301162633521313
5.70087712549569
4.949747468305833
5.70087712549569
5.70087712549569
5.408326913195984
6.020797289396148
5.315072906367325
4.301162633521313
4.6097722286464435
4.949747468305833
5.70087712549569
4.716990566028302
5.408326913195984
6.363961030678928
5.1478150704935
4.6097722286464435
4.949747468305833
5.70087712549569
6.103277807866851
4.6097722286464435
5.315072906367325
6.103277807866851
5.70087712549569
6.726812023536855
7.5
8.32165848854662
7.632168761236874
7.905694150420948
8.74642784226795
9.17877987534291
8.32165848854662
8.74642784226795
8.602325267042627
7.905694150420948
8.5
7.0710678118654755
5.70087712549569
7.106335201775948
5.656854249492381
5.315072906367325
4.301162633521313
6.041522986797286
6.4031242374328485
4.716990566028302
4.924428900898052
5.408326913195984
5.5901699437494745
4.924428900898052
6.041522986797286
5.5
5.5901699437494745
4.123105625617661
4.031128874149275
4.0
4.0
4.031128874149275
3.3541019662496847
4.031128874149275
4.301162633521313
3.5
4.123105625617661
3.640054944640259
4.6097722286464435
4.301162633521313
5.0
4.949747468305833
6.4031242374328485
6.103277807866851
4.242640687119285
5.315072906367325
4.949747468305833
5.315072906367325
5.5901699437494745
3.5355339059327378
5.408326913195984
3.905124837953327
5.1478150704935
4.031128874149275
5.1478150704935
5.1478150704935
5.0
5.70087712549569
5.408326913195984
4.301162633521313
5.315072906367325
6.020797289396148
5.315072906367325
5.0
4.924428900898052
5.024937810560445
5.220153254455275
5.0990195135927845
5.0990195135927845
6.020797289396148
6.020797289396148
6.576473218982953
7.0178344238090995
6.020797289396148
6.5
7.0
6.519202405202649
7.0178344238090995
7.516648189186454
7.158910531638177
8.0156097709407
9.055385138137417
9.513148795220223
10.012492197250394
11.510864433221338
10.547511554864494
12.0
12.5
14.0089257261219
14.080127840328723
14.534441853748634
15.132745950421556
16.62077013859466
16.194134740701646
17.528548142958105
16.53027525481654
17.564168070250297
16.62077013859466
17.564168070250297
17.613914953808536
16.0312195418814
16.688319268278637
17.029386365926403
16.1245154965971
16.070158679988197
17.613914953808536
17.11724276862369
16.77050983124842
16.1245154965971
17.26267650163207
16.278820596099706
16.3783393541592
16.62077013859466
16.688319268278637
16.77050983124842
16.77050983124842
15.20690632574555
15.532224567009067
17.613914953808536
16.62077013859466
16.070158679988197
16.070158679988197
15.20690632574555
15.700318468107582
14.142135623730951
14.142135623730951
14.142135623730951
12.854960132182441
13.238202294873727
13.152946437965905
13.238202294873727
13.946325680981353
13.238202294873727
13.647344063956181
12.854960132182441
12.257650672131263
11.280514172678478
11.280514172678478
11.180339887498949
11.180339887498949
10.111874208078342
11.280514172678478
10.606601717798213
10.111874208078342
10.920164833920778
10.04987562112089
10.594810050208546
9.962429422585638
10.44030650891055
10.124228365658293
11.236102527122116
10.51189802081432
9.013878188659973
9.656603957913983
10.51189802081432
8.94427190999916
9.848857801796104
9.17877987534291
10.124228365658293
8.94427190999916
9.17877987534291
7.905694150420948
8.5
8.06225774829855
8.5
8.32165848854662
7.211102550927978
8.200609733428363
7.632168761236874
6.708203932499369
7.3824115301167
7.211102550927978
6.946221994724902
7.158910531638177
7.211102550927978
7.211102550927978
7.211102550927978
6.4031242374328485
5.830951894845301
5.830951894845301
6.4031242374328485
6.4031242374328485
7.0710678118654755
7.0710678118654755
6.4031242374328485
6.4031242374328485
6.4031242374328485
6.4031242374328485
7.0710678118654755
6.4031242374328485
6.4031242374328485
5.656854249492381
6.4031242374328485
6.4031242374328485
6.4031242374328485
5.830951894845301
6.103277807866851
5.5901699437494745
5.830951894845301
5.385164807134504
5.385164807134504
5.385164807134504
4.47213595499958
4.47213595499958
4.47213595499958
3.1622776601683795
3.1622776601683795
3.1622776601683795
2.0
3.605551275463989
3.605551275463989
2.23606797749979
2.23606797749979
2.23606797749979
2.23606797749979
2.23606797749979
1.0
2.0
2.0
1.0
2.8284271247461903
2.8284271247461903
2.8284271247461903
2.8284271247461903
2.23606797749979
2.23606797749979
2.23606797749979
2.23606797749979
2.23606797749979
2.23606797749979
2.23606797749979
2.23606797749979
2.23606797749979
2.23606797749979
2.23606797749979
2.23606797749979
2.23606797749979
2.23606797749979
2.23606797749979
2.23606797749979
2.23606797749979
2.23606797749979
2.23606797749979
2.0
2.0
2.0
2.0
2.0
2.0
2.0
2.0
2.0
2.0
2.23606797749979
2.23606797749979
1.0
1.4142135623730951
2.23606797749979
2.8284271247461903
2.0
3.1622776601683795
3.605551275463989
2.23606797749979
2.692582403567252
3.2015621187164243
3.2015621187164243
3.905124837953327
3.2015621187164243
3.905124837953327
4.716990566028302
4.716990566028302
4.716990566028302
4.716990566028302
4.272001872658765
5.220153254455275
3.3541019662496847
4.272001872658765
4.272001872658765
4.272001872658765
5.220153254455275
5.220153254455275
5.220153254455275
5.220153254455275
5.220153254455275
5.220153254455275
5.220153254455275
5.220153254455275
4.272001872658765
4.272001872658765
3.0413812651491097
3.0413812651491097
3.0413812651491097
3.0413812651491097
2.5
1.8027756377319946
2.5
1.118033988749895
1.118033988749895
0.5
0.5
1.8027756377319946
2.1213203435596424
2.1213203435596424
0.7071067811865476
2.1213203435596424
1.5811388300841898
2.5495097567963922
2.5495097567963922
2.5495097567963922
2.5495097567963922
2.5495097567963922
2.1213203435596424
2.9154759474226504
2.9154759474226504
2.5495097567963922
2.5495097567963922
2.1213203435596424
2.9154759474226504
3.5355339059327378
2.1213203435596424
2.1213203435596424
2.1213203435596424
1.5811388300841898
1.5811388300841898
2.5495097567963922
2.5495097567963922
2.5495097567963922
2.5495097567963922
4.743416490252569
5.1478150704935
4.301162633521313
4.949747468305833
2.9154759474226504
4.949747468305833
4.301162633521313
5.1478150704935
4.301162633521313
4.949747468305833
5.1478150704935
5.70087712549569
5.70087712549569
5.70087712549569
5.70087712549569
5.70087712549569
5.70087712549569
6.363961030678928
6.363961030678928
6.800735254367722
6.800735254367722
6.800735254367722
6.264982043070834
7.158910531638177
5.408326913195984
6.800735254367722
6.800735254367722
7.632168761236874
8.5
7.158910531638177
7.158910531638177
8.077747210701755
8.077747210701755
7.615773105863909
8.54400374531753
6.708203932499369
7.615773105863909
8.246211251235321
8.246211251235321
8.246211251235321
9.219544457292887
8.54400374531753
8.54400374531753
8.54400374531753
8.54400374531753
9.486832980505138
8.246211251235321
9.219544457292887
8.246211251235321
8.246211251235321
7.280109889280518
7.615773105863909
9.219544457292887
7.280109889280518
7.280109889280518
5.830951894845301
6.324555320336759
4.47213595499958
4.47213595499958
4.47213595499958
3.605551275463989
4.242640687119285
4.242640687119285
4.0
2.23606797749979
2.23606797749979
2.0
2.0
2.23606797749979
3.1622776601683795
3.3541019662496847
3.905124837953327
3.2015621187164243
4.031128874149275
4.6097722286464435
4.6097722286464435
5.315072906367325
5.5901699437494745
2.5
3.905124837953327
3.3541019662496847
3.905124837953327
4.272001872658765
4.031128874149275
3.3541019662496847
2.0615528128088303
2.0615528128088303
1.118033988749895
1.118033988749895
2.0615528128088303
3.0413812651491097
4.031128874149275
4.031128874149275
4.031128874149275
3.0
4.0
3.1622776601683795
3.1622776601683795
4.242640687119285
3.605551275463989
2.23606797749979
3.1622776601683795
2.23606797749979
4.272001872658765
5.024937810560445
5.220153254455275
4.272001872658765
4.031128874149275
4.272001872658765
4.272001872658765
3.3541019662496847
3.3541019662496847
2.0615528128088303
3.0413812651491097
3.0413812651491097
4.031128874149275
4.031128874149275
5.024937810560445
6.020797289396148
6.020797289396148
6.020797289396148
4.031128874149275
3.0413812651491097
3.0413812651491097
2.0615528128088303
1.118033988749895
2.0615528128088303
3.0413812651491097
4.272001872658765
4.031128874149275
4.272001872658765
5.0
7.0710678118654755
6.082762530298219
6.0
5.0
4.0
3.1622776601683795
4.123105625617661
4.123105625617661
5.385164807134504
6.082762530298219
6.082762530298219
6.082762530298219
6.082762530298219
6.082762530298219
6.324555320336759
8.06225774829855
6.082762530298219
5.0
4.123105625617661
2.8284271247461903
2.692582403567252
2.5
1.8027756377319946
1.5
2.692582403567252
2.5
3.640054944640259
1.8027756377319946
2.692582403567252
2.692582403567252
3.2015621187164243
3.640054944640259
4.031128874149275
5.5901699437494745
4.924428900898052
4.031128874149275
4.031128874149275
4.924428900898052
6.264982043070834
6.576473218982953
4.6097722286464435
5.5901699437494745
4.6097722286464435
5.5
5.5
4.5
4.6097722286464435
4.6097722286464435
3.640054944640259
4.6097722286464435
4.6097722286464435
6.576473218982953
6.576473218982953
6.800735254367722
6.800735254367722
7.158910531638177
7.158910531638177
6.800735254367722
6.800735254367722
7.762087348130012
8.73212459828649
8.077747210701755
9.013878188659973
8.077747210701755
5.852349955359813
5.5901699437494745
5.70087712549569
3.8078865529319543
4.301162633521313
2.5495097567963922
2.5495097567963922
3.5355339059327378
4.527692569068709
6.519202405202649
7.516648189186454
9.013878188659973
8.0156097709407
7.0178344238090995
6.18465843842649
5.220153254455275
5.220153254455275
3.0413812651491097
2.0615528128088303
2.0615528128088303
1.118033988749895
1.8027756377319946
1.118033988749895
2.0615528128088303
2.0615528128088303
2.0615528128088303
1.118033988749895
1.118033988749895
0.5
2.0615528128088303
4.272001872658765
6.18465843842649
6.020797289396148
8.0156097709407
6.020797289396148
6.020797289396148
3.3541019662496847
2.0615528128088303
4.031128874149275
4.272001872658765
2.9154759474226504
1.5811388300841898
0.7071067811865476
3.5355339059327378
4.743416490252569
4.527692569068709
4.743416490252569
4.743416490252569
5.1478150704935
4.743416490252569
5.70087712549569
4.527692569068709
4.527692569068709
0.7071067811865476
1.8027756377319946
1.5
1.8027756377319946
2.0615528128088303
1.118033988749895
2.0615528128088303
2.0615528128088303
3.0413812651491097
3.0413812651491097
0.5
3.3541019662496847
3.2015621187164243
4.716990566028302
6.103277807866851
4.242640687119285
5.830951894845301
6.4031242374328485
6.4031242374328485
5.656854249492381
5.656854249492381
5.656854249492381
4.716990566028302
5.315072906367325
6.726812023536855
7.5
6.726812023536855
8.139410298049853
10.307764064044152
9.7082439194738
9.7082439194738
7.810249675906654
8.602325267042627
8.06225774829855
8.06225774829855
8.06225774829855
8.06225774829855
7.615773105863909
7.615773105863909
8.06225774829855
7.615773105863909
6.708203932499369
7.211102550927978
5.0
4.47213595499958
2.23606797749979
5.385164807134504
7.211102550927978
7.615773105863909
6.800735254367722
7.158910531638177
8.077747210701755
4.924428900898052
4.031128874149275
3.5
3.640054944640259
2.5
2.5
1.5
1.5
1.5
1.8027756377319946
2.692582403567252
1.8027756377319946
0.5
0.5
0.5
1.5
2.692582403567252
1.8027756377319946
1.5
1.5
1.118033988749895
1.8027756377319946
1.8027756377319946
2.5
2.5
3.3541019662496847
3.905124837953327
3.3541019662496847
4.272001872658765
5.024937810560445
3.0413812651491097
3.3541019662496847
1.8027756377319946
1.8027756377319946
2.5
2.692582403567252
3.2015621187164243
3.905124837953327
5.5901699437494745
6.5
7.158910531638177
6.020797289396148
7.158910531638177
6.5
5.024937810560445
4.031128874149275
2.0615528128088303
1.8027756377319946
1.5
2.692582403567252
3.8078865529319543
3.8078865529319543
3.5355339059327378
4.031128874149275
3.905124837953327
5.656854249492381
6.708203932499369
5.852349955359813
7.158910531638177
5.70087712549569
5.522680508593631
6.96419413859206
6.041522986797286
5.70087712549569
4.301162633521313
2.0615528128088303
3.0413812651491097
2.0615528128088303
3.3541019662496847
2.0615528128088303
3.5355339059327378
3.5355339059327378
5.522680508593631
5.70087712549569
6.670832032063167
6.670832032063167
5.70087712549569
5.522680508593631
4.527692569068709
4.031128874149275
2.9154759474226504
3.640054944640259
3.5355339059327378
3.5355339059327378
2.9154759474226504
1.5811388300841898
1.5
2.692582403567252
4.6097722286464435
6.264982043070834
5.5901699437494745
7.0710678118654755
8.06225774829855
8.54400374531753
7.0710678118654755
6.082762530298219
5.385164807134504
6.946221994724902
5.5901699437494745
5.315072906367325
6.726812023536855
5.1478150704935
4.527692569068709
5.522680508593631
4.527692569068709
6.670832032063167
5.522680508593631
6.519202405202649
5.024937810560445
8.902246907382429
11.01135777277262
10.404326023342406
7.433034373659253
8.200609733428363
7.211102550927978
7.211102550927978
4.47213595499958
6.082762530298219
7.0
8.0
8.06225774829855
10.04987562112089
9.5
8.514693182963201
8.860022573334675
9.7082439194738
12.020815280171307
9.5524865872714
10.965856099730654
11.10180165558726
9.7082439194738
8.73212459828649
8.73212459828649
9.12414379544733
10.012492197250394
9.12414379544733
9.055385138137417
9.848857801796104
9.486832980505138
10.0
11.40175425099138
8.94427190999916
9.848857801796104
10.770329614269007
10.44030650891055
10.04987562112089
10.0
10.04987562112089
10.0
9.055385138137417
10.04987562112089
11.045361017187261
11.045361017187261
11.180339887498949
9.656603957913983
11.10180165558726
11.412712210513327
11.412712210513327
9.17877987534291
10.594810050208546
10.594810050208546
10.307764064044152
11.10180165558726
11.01135777277262
13.009611831257688
12.010412149464313
13.009611831257688
11.01135777277262
13.238202294873727
12.36931687685298
13.892443989449804
11.412712210513327
12.776932339180638
12.379418403139947
13.124404748406688
11.926860441876563
12.349089035228468
14.916433890176299
12.747548783981962
14.577379737113251
15.508062419270823
17.507141400011598
14.508618128546908
14.508618128546908
16.62077013859466
17.92344832893492
20.155644370746373
19.981241202688086
18.9010581714358
19.704060495238032
19.235384061671343
18.384776310850235
18.24828759089466
20.09975124224178
18.027756377319946
16.1245154965971
16.070158679988197
16.00781059358212
15.008331019803634
16.070158679988197
15.20690632574555
15.88238017426859
15.660459763365825
15.008331019803634
13.200378782444085
14.430869689661812
14.080127840328723
12.257650672131263
13.238202294873727
13.238202294873727
14.705441169852742
15.811388300841896
15.297058540778355
15.033296378372908
16.1245154965971
17.26267650163207
18.681541692269406
18.027756377319946
17.72004514666935
21.02379604162864
20.248456731316587
19.4164878389476
21.37755832643195
19.235384061671343
19.0
17.0
18.110770276274835
19.1049731745428
20.024984394500787
19.026297590440446
22.20360331117452
22.135943621178654
21.47673159491453
19.525624189766635
19.78004044485248
17.066048165876012
19.059118552545918
20.05617112013158
17.18284027743958
18.172781845386247
16.867127793433
17.564168070250297
17.507141400011598
19.81161275615895
19.03943276465977
18.12456896039186
15.890248582070704
16.867127793433
17.507141400011598
16.507574019219177
17.066048165876012
17.26267650163207
18.33712082089225
16.194134740701646
17.26267650163207
17.029386365926403
17.46424919657298
17.11724276862369
16.0
16.1245154965971
18.110770276274835
18.027756377319946
17.528548142958105
17.066048165876012
18.172781845386247
16.688319268278637
17.356554957709783
20.155644370746373
19.059118552545918
17.066048165876012
19.1637678967368
19.319679086361656
19.78004044485248
20.426698215815495
19.90602923739438
18.82153022471871
18.172781845386247
19.319679086361656
16.00781059358212
18.006943105369107
17.18284027743958
18.062391868188442
18.560711193270585
19.6596032513375
17.564168070250297
16.507574019219177
20.0124960961895
19.300259065618782
23.119256043393783
22.594247055390007
22.594247055390007
20.89258241577618
17.84656829757475
18.828170383762732
18.006943105369107
18.062391868188442
16.56804152578089
17.67766952966369
17.613914953808536
16.76305461424021
15.132745950421556
15.0
14.035668847618199
15.811388300841896
16.76305461424021
17.46424919657298
17.88854381999832
16.15549442140351
16.492422502470642
14.866068747318506
14.560219778561036
14.035668847618199
12.5
12.5
13.038404810405298
12.010412149464313
12.093386622447824
11.10180165558726
11.543396380615196
11.067971810589327
11.423659658795863
13.729530217745982
13.729530217745982
12.90348790056394
14.983324063771697
13.209844813622906
10.51189802081432
11.423659658795863
8.860022573334675
10.111874208078342
10.111874208078342
9.013878188659973
8.381527307120106
9.656603957913983
9.7082439194738
9.7082439194738
12.5
13.124404748406688
12.5
7.5
9.433981132056603
8.06225774829855
8.5
6.708203932499369
8.246211251235321
8.94427190999916
8.06225774829855
7.810249675906654
7.810249675906654
8.902246907382429
9.604686356149273
10.259142264341596
9.604686356149273
7.433034373659253
6.519202405202649
6.946221994724902
6.708203932499369
5.852349955359813
5.408326913195984
4.6097722286464435
4.6097722286464435
5.408326913195984
6.800735254367722
7.5
6.726812023536855
6.726812023536855
4.949747468305833
3.5355339059327378
3.2015621187164243
3.2015621187164243
2.5
2.8284271247461903
2.23606797749979
2.23606797749979
2.23606797749979
2.23606797749979
2.23606797749979
2.0
3.1622776601683795
2.8284271247461903
4.242640687119285
4.242640687119285
5.830951894845301
5.385164807134504
7.211102550927978
7.810249675906654
8.902246907382429
8.902246907382429
9.7082439194738
9.17877987534291
9.17877987534291
9.5524865872714
8.32165848854662
7.5
7.5
5.220153254455275
3.0413812651491097
3.0413812651491097
2.0615528128088303
3.0413812651491097
3.0
3.0
2.23606797749979
3.1622776601683795
3.2015621187164243
3.3541019662496847
4.031128874149275
5.220153254455275
4.031128874149275
6.020797289396148
6.519202405202649
4.527692569068709
4.527692569068709
5.522680508593631
6.519202405202649
6.519202405202649
6.519202405202649
7.516648189186454
6.519202405202649
6.519202405202649
6.519202405202649
5.522680508593631
4.743416490252569
5.522680508593631
6.670832032063167
5.70087712549569
5.70087712549569
4.527692569068709
5.70087712549569
5.70087712549569
3.5355339059327378
3.8078865529319543
2.5495097567963922
3.5355339059327378
1.5811388300841898
2.5495097567963922
2.5495097567963922
2.5495097567963922
3.5355339059327378
2.5495097567963922
2.5495097567963922
2.1213203435596424
2.1213203435596424
1.5811388300841898
2.9154759474226504
2.1213203435596424
3.8078865529319543
2.1213203435596424
1.8027756377319946
2.8284271247461903
4.242640687119285
3.605551275463989
5.0
4.716990566028302
4.272001872658765
3.3541019662496847
5.220153254455275
4.031128874149275
4.272001872658765
5.024937810560445
4.031128874149275
5.024937810560445
6.020797289396148
5.220153254455275
5.024937810560445
5.024937810560445
4.272001872658765
4.031128874149275
5.024937810560445
5.220153254455275
5.220153254455275
6.5
5.024937810560445
5.024937810560445
5.024937810560445
6.020797289396148
6.020797289396148
6.020797289396148
6.020797289396148
6.18465843842649
6.18465843842649
7.0178344238090995
6.020797289396148
6.020797289396148
6.18465843842649
6.020797289396148
5.024937810560445
5.522680508593631
4.527692569068709
4.527692569068709
5.522680508593631
5.024937810560445
5.024937810560445
5.024937810560445
5.024937810560445
6.020797289396148
7.0178344238090995
6.020797289396148
6.020797289396148
7.0178344238090995
6.020797289396148
7.0178344238090995
6.020797289396148
6.020797289396148
6.020797289396148
6.020797289396148
6.020797289396148
6.020797289396148
5.024937810560445
5.522680508593631
4.527692569068709
5.522680508593631
5.522680508593631
6.519202405202649
6.519202405202649
7.516648189186454
7.648529270389178
6.519202405202649
5.522680508593631
4.527692569068709
6.670832032063167
6.519202405202649
6.519202405202649
4.743416490252569
5.522680508593631
4.527692569068709
5.522680508593631
3.5355339059327378
5.522680508593631
4.527692569068709
3.5355339059327378
4.527692569068709
4.743416490252569
5.522680508593631
5.522680508593631
5.522680508593631
4.527692569068709
2.5495097567963922
4.743416490252569
5.70087712549569
5.522680508593631
7.648529270389178
4.743416490252569
0.0
