6.324555320336759
6.324555320336759
6.800735254367722
6.708203932499369
6.708203932499369
7.433034373659253
7.905694150420948
7.905694150420948
7.615773105863909
7.280109889280518
8.139410298049853
8.139410298049853
6.670832032063167
6.800735254367722
7.615773105863909
6.324555320336759
5.852349955359813
6.5
7.280109889280518
6.519202405202649
6.519202405202649
7.566372975210778
7.158910531638177
5.70087712549569
6.519202405202649
7.158910531638177
6.576473218982953
6.082762530298219
6.670832032063167
6.18465843842649
5.5901699437494745
5.70087712549569
5.852349955359813
5.70087712549569
7.158910531638177
7.566372975210778
5.220153254455275
7.648529270389178
6.18465843842649
6.18465843842649
6.670832032063167
6.18465843842649
5.70087712549569
6.18465843842649
4.743416490252569
6.082762530298219
4.47213595499958
5.220153254455275
4.301162633521313
3.8078865529319543
4.031128874149275
4.716990566028302
4.272001872658765
4.272001872658765
4.47213595499958
4.924428900898052
4.924428900898052
4.743416490252569
4.272001872658765
4.272001872658765
4.716990566028302
4.272001872658765
4.716990566028302
5.220153254455275
4.272001872658765
4.743416490252569
4.716990566028302
4.743416490252569
3.605551275463989
4.272001872658765
3.605551275463989
5.220153254455275
3.8078865529319543
5.220153254455275
3.2015621187164243
4.301162633521313
4.301162633521313
4.6097722286464435
5.0
4.301162633521313
4.301162633521313
3.5355339059327378
4.031128874149275
4.716990566028302
4.716990566028302
4.301162633521313
4.272001872658765
4.301162633521313
4.031128874149275
4.47213595499958
5.1478150704935
4.272001872658765
4.272001872658765
4.031128874149275
4.47213595499958
5.220153254455275
4.924428900898052
5.5901699437494745
4.6097722286464435
5.5901699437494745
4.743416490252569
4.743416490252569
4.743416490252569
5.220153254455275
4.743416490252569
4.743416490252569
4.47213595499958
5.024937810560445
5.220153254455275
5.220153254455275
4.272001872658765
5.5901699437494745
3.8078865529319543
4.743416490252569
5.1478150704935
4.924428900898052
4.924428900898052
4.272001872658765
5.220153254455275
6.020797289396148
6.18465843842649
5.220153254455275
5.220153254455275
5.70087712549569
4.743416490252569
4.743416490252569
4.031128874149275
5.220153254455275
5.220153254455275
3.8078865529319543
4.47213595499958
4.47213595499958
5.70087712549569
4.272001872658765
5.70087712549569
4.924428900898052
4.924428900898052
4.716990566028302
5.1478150704935
4.272001872658765
4.47213595499958
4.716990566028302
3.905124837953327
4.716990566028302
4.272001872658765
4.716990566028302
5.0
4.716990566028302
4.301162633521313
4.47213595499958
4.301162633521313
4.47213595499958
4.716990566028302
3.5355339059327378
3.5355339059327378
4.6097722286464435
3.5355339059327378
3.905124837953327
2.5
2.1213203435596424
2.5
4.031128874149275
3.905124837953327
3.3541019662496847
4.6097722286464435
3.905124837953327
3.2015621187164243
4.031128874149275
3.605551275463989
3.605551275463989
4.272001872658765
3.905124837953327
3.905124837953327
3.905124837953327
3.605551275463989
3.905124837953327
3.605551275463989
3.2015621187164243
3.605551275463989
4.924428900898052
3.2015621187164243
3.5355339059327378
2.5
2.8284271247461903
2.5
1.8027756377319946
2.5
2.8284271247461903
2.23606797749979
2.5
2.5
2.8284271247461903
1.8027756377319946
2.1213203435596424
1.8027756377319946
2.23606797749979
3.2015621187164243
2.9154759474226504
3.905124837953327
3.605551275463989
3.905124837953327
4.924428900898052
4.6097722286464435
4.6097722286464435
3.905124837953327
4.47213595499958
4.6097722286464435
3.905124837953327
5.1478150704935
5.830951894845301
6.708203932499369
6.264982043070834
7.0710678118654755
5.5901699437494745
6.020797289396148
6.020797289396148
6.800735254367722
6.020797289396148
5.522680508593631
5.522680508593631
6.020797289396148
6.0
6.020797289396148
5.5901699437494745
6.519202405202649
6.18465843842649
6.576473218982953
7.566372975210778
7.648529270389178
7.433034373659253
7.433034373659253
7.280109889280518
7.615773105863909
7.905694150420948
7.615773105863909
7.826237921249264
6.264982043070834
7.3824115301167
6.041522986797286
7.615773105863909
5.852349955359813
7.158910531638177
6.264982043070834
7.158910531638177
6.800735254367722
6.96419413859206
6.96419413859206
7.433034373659253
7.826237921249264
7.826237921249264
8.06225774829855
6.264982043070834
7.433034373659253
8.514693182963201
10.5
11.5
10.51189802081432
10.04987562112089
10.04987562112089
9.513148795220223
10.51189802081432
10.012492197250394
10.04987562112089
9.5524865872714
11.10180165558726
11.10180165558726
10.688779163215974
10.198039027185569
10.920164833920778
12.854960132182441
12.020815280171307
12.649110640673518
13.92838827718412
12.539936203984453
13.647344063956181
14.326548781894402
13.647344063956181
12.529964086141668
12.971121771072847
12.619429464123963
13.038404810405298
12.349089035228468
13.038404810405298
12.776932339180638
12.206555615733702
12.529964086141668
12.776932339180638
12.529964086141668
12.776932339180638
12.298373876248844
12.083045973594572
12.093386622447824
12.747548783981962
12.539936203984453
12.083045973594572
12.349089035228468
12.349089035228468
12.539936203984453
12.175795661885921
13.601470508735444
13.341664064126334
12.649110640673518
12.649110640673518
12.98075498574717
12.98075498574717
12.020815280171307
12.257650672131263
12.649110640673518
13.729530217745982
12.854960132182441
12.747548783981962
12.165525060596439
12.093386622447824
13.238202294873727
12.854960132182441
12.854960132182441
13.341664064126334
13.82931668593933
12.093386622447824
13.238202294873727
13.238202294873727
13.536986370680884
14.080127840328723
14.534441853748634
14.0089257261219
12.5
12.041594578792296
11.672617529928752
12.5
13.583077707206124
14.080127840328723
13.341664064126334
13.729530217745982
13.729530217745982
14.221462653327892
12.257650672131263
14.430869689661812
13.729530217745982
12.658988901172163
13.152946437965905
13.509256086106296
15.074813431681335
14.534441853748634
15.008331019803634
15.008331019803634
15.074813431681335
16.194134740701646
14.637281168304447
14.705441169852742
15.508062419270823
14.773286702694158
14.773286702694158
15.88238017426859
15.264337522473747
14.326548781894402
13.200378782444085
12.776932339180638
12.971121771072847
13.46291201783626
13.601470508735444
13.313526955694348
12.619429464123963
12.619429464123963
13.46291201783626
9.300537618869138
9.86154146165801
8.5
9.013878188659973
8.73212459828649
7.433034373659253
8.73212459828649
8.73212459828649
9.7082439194738
8.5
8.276472678623424
8.94427190999916
7.905694150420948
7.905694150420948
8.139410298049853
7.905694150420948
7.433034373659253
6.670832032063167
7.0
6.519202405202649
7.5
7.5
7.0
7.0
7.0710678118654755
8.0
8.558621384311845
7.566372975210778
9.0
8.5
8.514693182963201
9.013878188659973
9.5
8.558621384311845
11.01135777277262
11.01135777277262
11.0
11.01135777277262
10.547511554864494
11.510864433221338
11.510864433221338
11.0
12.539936203984453
13.5
12.041594578792296
11.672617529928752
11.543396380615196
13.0862523283024
11.045361017187261
13.038404810405298
12.010412149464313
12.509996003196804
11.510864433221338
11.10180165558726
10.0
9.5524865872714
10.606601717798213
9.617692030835672
13.0862523283024
11.597413504743201
10.04987562112089
11.672617529928752
10.198039027185569
8.558621384311845
10.04987562112089
10.51189802081432
10.688779163215974
10.547511554864494
10.04987562112089
11.0
13.5
12.5
13.583077707206124
13.152946437965905
13.238202294873727
12.093386622447824
12.165525060596439
13.583077707206124
13.0862523283024
12.589678312014172
13.82931668593933
13.038404810405298
11.884864324004713
11.543396380615196
11.76860229593982
10.770329614269007
12.083045973594572
9.848857801796104
11.672617529928752
12.589678312014172
12.041594578792296
13.0
11.5
11.045361017187261
12.041594578792296
12.658988901172163
13.601470508735444
12.020815280171307
12.539936203984453
11.853269591129697
11.180339887498949
11.236102527122116
9.433981132056603
10.977249200050075
9.86154146165801
9.17877987534291
8.5
7.615773105863909
8.381527307120106
7.905694150420948
6.800735254367722
6.96419413859206
6.670832032063167
7.158910531638177
8.381527307120106
7.615773105863909
8.077747210701755
8.077747210701755
7.762087348130012
7.280109889280518
7.158910531638177
6.800735254367722
7.648529270389178
7.762087348130012
7.280109889280518
6.324555320336759
6.800735254367722
7.905694150420948
6.96419413859206
8.077747210701755
7.905694150420948
7.615773105863909
7.615773105863909
7.615773105863909
7.3824115301167
6.96419413859206
8.06225774829855
7.211102550927978
7.826237921249264
8.32165848854662
8.5
9.013878188659973
10.404326023342406
13.200378782444085
11.423659658795863
12.298373876248844
13.416407864998739
12.539936203984453
12.649110640673518
13.285330255586423
10.307764064044152
13.46291201783626
12.816005617976296
11.884864324004713
12.98075498574717
13.209844813622906
14.422205101855956
14.422205101855956
12.971121771072847
13.46291201783626
13.313526955694348
15.0
14.300349646075091
15.116216457830975
14.422205101855956
14.577379737113251
15.0
14.7648230602334
14.7648230602334
14.089002803605371
14.115594213493104
14.089002803605371
13.46291201783626
13.92838827718412
13.92838827718412
15.182226450688976
14.080127840328723
13.756816492197604
13.124404748406688
14.230249470757707
13.285330255586423
13.285330255586423
13.601470508735444
13.946325680981353
13.46291201783626
13.46291201783626
13.92838827718412
12.175795661885921
11.884864324004713
11.884864324004713
12.349089035228468
11.884864324004713
12.747548783981962
11.704699910719626
12.539936203984453
13.0
13.200378782444085
13.46291201783626
11.704699910719626
12.649110640673518
12.854960132182441
13.124404748406688
13.601470508735444
13.46291201783626
12.98075498574717
13.124404748406688
12.5
12.816005617976296
12.175795661885921
12.816005617976296
12.175795661885921
12.083045973594572
12.36931687685298
12.349089035228468
12.649110640673518
12.98075498574717
12.747548783981962
12.257650672131263
12.257650672131263
12.98075498574717
12.020815280171307
12.98075498574717
13.756816492197604
12.298373876248844
12.98075498574717
12.083045973594572
13.46291201783626
13.416407864998739
12.529964086141668
12.539936203984453
13.416407864998739
12.98075498574717
13.341664064126334
14.0
14.035668847618199
15.532224567009067
15.033296378372908
15.008331019803634
14.5
16.00781059358212
15.008331019803634
16.00781059358212
16.00781059358212
16.00781059358212
16.0312195418814
15.008331019803634
15.5
16.53027525481654
16.1245154965971
15.628499608087784
16.278820596099706
16.070158679988197
17.11724276862369
17.26267650163207
17.26267650163207
15.20690632574555
14.637281168304447
14.508618128546908
14.035668847618199
13.0
14.035668847618199
14.0089257261219
14.0089257261219
14.0089257261219
14.5
14.5
15.0
15.0
14.534441853748634
14.534441853748634
14.5
15.0
14.534441853748634
15.033296378372908
14.035668847618199
15.033296378372908
12.041594578792296
12.539936203984453
12.539936203984453
12.165525060596439
12.509996003196804
12.539936203984453
12.589678312014172
13.536986370680884
12.747548783981962
12.747548783981962
11.76860229593982
12.36931687685298
12.36931687685298
12.36931687685298
14.142135623730951
14.317821063276353
14.221462653327892
13.238202294873727
13.729530217745982
14.142135623730951
14.577379737113251
13.647344063956181
13.647344063956181
12.747548783981962
13.946325680981353
12.854960132182441
13.341664064126334
12.854960132182441
13.82931668593933
13.341664064126334
12.854960132182441
14.142135623730951
13.46291201783626
13.46291201783626
13.46291201783626
14.221462653327892
13.46291201783626
13.82931668593933
13.946325680981353
15.402921800749363
13.152946437965905
14.637281168304447
14.430869689661812
15.074813431681335
16.194134740701646
14.713938969562161
13.82931668593933
12.854960132182441
13.647344063956181
14.317821063276353
14.534441853748634
13.583077707206124
15.074813431681335
16.00781059358212
16.00781059358212
15.508062419270823
17.507141400011598
16.0312195418814
17.528548142958105
17.00735135169495
17.11724276862369
17.11724276862369
18.24828759089466
18.741664813991314
17.356554957709783
17.95132307101624
17.72004514666935
16.867127793433
18.069310999592652
16.3783393541592
16.3783393541592
15.628499608087784
15.132745950421556
15.572411502397436
15.008331019803634
14.221462653327892
13.536986370680884
14.577379737113251
13.038404810405298
12.5
12.093386622447824
12.041594578792296
13.0862523283024
12.589678312014172
12.589678312014172
13.0862523283024
12.165525060596439
12.165525060596439
12.257650672131263
12.093386622447824
11.76860229593982
12.165525060596439
13.82931668593933
11.543396380615196
12.093386622447824
12.093386622447824
13.238202294873727
11.597413504743201
12.589678312014172
12.539936203984453
11.672617529928752
14.317821063276353
13.152946437965905
13.0
13.5
11.76860229593982
14.035668847618199
12.509996003196804
13.647344063956181
12.589678312014172
12.589678312014172
12.010412149464313
13.536986370680884
13.536986370680884
13.583077707206124
14.080127840328723
16.00781059358212
16.53027525481654
17.5
15.532224567009067
15.508062419270823
16.070158679988197
14.534441853748634
17.528548142958105
16.56804152578089
15.5
16.62077013859466
15.132745950421556
15.402921800749363
16.194134740701646
17.356554957709783
15.787653403846944
15.041608956491324
16.00781059358212
15.402921800749363
16.00781059358212
15.976545308670458
15.182226450688976
15.041608956491324
15.041608956491324
15.692354826475215
15.976545308670458
14.983324063771697
15.435349040433131
15.443445211480501
14.317821063276353
13.865424623862047
13.200378782444085
12.971121771072847
12.747548783981962
13.656500283747663
13.656500283747663
14.115594213493104
12.349089035228468
12.206555615733702
13.209844813622906
12.529964086141668
13.209844813622906
13.46291201783626
13.46291201783626
13.865424623862047
14.396180048887969
13.285330255586423
11.884864324004713
13.124404748406688
12.649110640673518
12.649110640673518
12.36931687685298
12.36931687685298
12.257650672131263
12.747548783981962
13.285330255586423
12.747548783981962
12.5
12.020815280171307
11.76860229593982
13.729530217745982
14.142135623730951
14.142135623730951
14.317821063276353
12.589678312014172
14.035668847618199
14.080127840328723
14.637281168304447
13.285330255586423
13.124404748406688
12.98075498574717
14.430869689661812
14.983324063771697
15.435349040433131
13.92838827718412
14.089002803605371
13.200378782444085
14.534441853748634
15.976545308670458
13.756816492197604
14.115594213493104
14.577379737113251
16.91892431568863
15.508062419270823
16.446884203398525
16.28649747490233
16.28649747490233
17.08800749063506
16.560495161679196
13.92838827718412
15.337861650177967
15.435349040433131
14.115594213493104
14.7648230602334
15.435349040433131
15.435349040433131
14.577379737113251
14.7648230602334
16.1245154965971
15.20690632574555
14.317821063276353
14.577379737113251
15.231546211727817
17.00735135169495
16.347782724271816
15.443445211480501
17.4928556845359
16.64331697709324
17.0
16.507574019219177
18.309833423600555
19.13765920900464
17.755280904564703
18.35755975068582
18.601075237738275
17.613914953808536
18.506755523321747
17.804493814764857
17.7341478509682
18.117670931993437
18.117670931993437
22.327113561766108
22.051077071199945
21.523243250030884
21.70829334609241
22.327113561766108
21.783020910791965
21.633307652783937
21.914607000811127
22.47220505424423
21.50581316760657
23.43608329051593
21.50581316760657
21.70829334609241
23.717082451262844
23.50531854708632
23.90083680543424
24.413111231467404
25.238858928247925
25.387004549572207
26.076809620810597
25.656383221335
26.21545345783666
24.300205760445735
23.90083680543424
21.70829334609241
24.41823089414956
25.401771591761076
24.45914961727002
26.100766272276374
24.41823089414956
26.953663943887108
27.80287754891569
27.586228448267445
25.927784324928346
28.74456470360962
30.108138434649195
29.60152023123137
28.30635970943632
27.65863337187866
27.33587386567329
28.692333470807146
27.244265451650556
28.991378028648448
29.0
28.6574597618142
27.586228448267445
27.586228448267445
27.577164466275352
27.586228448267445
25.495097567963924
25.45584412271571
25.16445906432324
25.104780421266383
24.758836806279895
25.465663156493687
28.319604517012593
28.284271247461902
26.315394733881533
29.068883707497267
27.225906780123964
25.124689052802225
26.315394733881533
25.16445906432324
26.706740722147284
24.041630560342615
26.1725046566048
24.397745797511703
23.33452377915607
25.104780421266383
22.67156809750927
23.430749027719962
22.102036105300343
22.02271554554524
21.005951537600005
21.70829334609241
20.524375751773793
19.525624189766635
19.00657780874821
19.4164878389476
18.9010581714358
19.704060495238032
16.80029761641144
18.179658962697843
17.613914953808536
15.953056133543816
16.101242188104617
16.91892431568863
16.507574019219177
16.80029761641144
15.692354826475215
15.811388300841896
15.556349186104045
14.866068747318506
15.305227865013967
14.866068747318506
14.5
15.239750654128171
14.422205101855956
16.80029761641144
16.401219466856727
15.572411502397436
15.443445211480501
15.700318468107582
15.532224567009067
15.443445211480501
15.532224567009067
15.402921800749363
15.264337522473747
15.443445211480501
15.264337522473747
15.008331019803634
16.32482771731451
12.816005617976296
14.230249470757707
13.416407864998739
13.601470508735444
13.92838827718412
13.46291201783626
15.337861650177967
14.317821063276353
14.560219778561036
14.317821063276353
15.628499608087784
13.536986370680884
15.132745950421556
13.238202294873727
13.46291201783626
13.756816492197604
12.083045973594572
12.349089035228468
12.98075498574717
12.5
12.854960132182441
14.080127840328723
12.165525060596439
12.36931687685298
12.5
12.5
11.280514172678478
11.543396380615196
12.165525060596439
12.98075498574717
12.98075498574717
12.165525060596439
12.854960132182441
12.257650672131263
11.884864324004713
12.5
11.40175425099138
12.349089035228468
12.349089035228468
12.175795661885921
11.704699910719626
12.36931687685298
11.40175425099138
11.543396380615196
12.649110640673518
13.0
13.0
13.0
13.0
13.200378782444085
13.0
11.884864324004713
12.298373876248844
13.416407864998739
12.539936203984453
12.539936203984453
13.0
13.0
12.539936203984453
13.124404748406688
13.46291201783626
12.083045973594572
12.083045973594572
12.175795661885921
13.0
12.649110640673518
11.884864324004713
12.5
12.020815280171307
12.349089035228468
12.36931687685298
12.36931687685298
12.649110640673518
11.884864324004713
12.175795661885921
11.180339887498949
12.165525060596439
12.649110640673518
12.854960132182441
12.257650672131263
11.76860229593982
11.280514172678478
11.76860229593982
11.76860229593982
12.658988901172163
11.672617529928752
12.854960132182441
13.341664064126334
11.543396380615196
11.884864324004713
11.067971810589327
11.280514172678478
11.884864324004713
11.280514172678478
10.920164833920778
11.067971810589327
11.067971810589327
10.594810050208546
10.307764064044152
10.688779163215974
9.962429422585638
10.920164833920778
10.920164833920778
10.124228365658293
10.307764064044152
10.793516572461451
10.606601717798213
10.547511554864494
9.617692030835672
9.617692030835672
10.688779163215974
9.0
8.558621384311845
9.5524865872714
9.12414379544733
9.219544457292887
9.219544457292887
10.198039027185569
10.198039027185569
9.5524865872714
10.770329614269007
9.82344135219425
9.486832980505138
10.307764064044152
10.594810050208546
11.236102527122116
11.236102527122116
10.793516572461451
11.40175425099138
10.920164833920778
11.40175425099138
11.40175425099138
11.01135777277262
11.180339887498949
10.606601717798213
11.76860229593982
11.10180165558726
11.510864433221338
12.165525060596439
10.04987562112089
11.10180165558726
10.547511554864494
10.111874208078342
11.597413504743201
11.280514172678478
11.280514172678478
11.543396380615196
12.5
11.280514172678478
11.543396380615196
12.175795661885921
10.920164833920778
11.629703349613008
11.180339887498949
11.412712210513327
11.510864433221338
11.800423721205947
11.715374513859981
11.40175425099138
11.715374513859981
10.700467279516348
10.547511554864494
10.0
10.547511554864494
10.816653826391969
10.124228365658293
9.604686356149273
10.404326023342406
9.7082439194738
11.236102527122116
9.192388155425117
10.735455276791944
10.547511554864494
8.94427190999916
9.848857801796104
9.394147114027968
9.013878188659973
10.594810050208546
9.192388155425117
8.94427190999916
6.946221994724902
8.54400374531753
7.905694150420948
7.280109889280518
8.139410298049853
7.0710678118654755
8.0156097709407
7.0710678118654755
7.0178344238090995
5.522680508593631
5.5
5.522680508593631
5.5
5.0
5.5901699437494745
6.082762530298219
5.5901699437494745
5.70087712549569
6.18465843842649
6.18465843842649
6.18465843842649
5.0990195135927845
5.852349955359813
5.852349955359813
6.082762530298219
5.830951894845301
5.0
7.3824115301167
4.743416490252569
5.5901699437494745
6.5
6.800735254367722
5.385164807134504
6.324555320336759
5.5901699437494745
6.324555320336759
6.18465843842649
6.082762530298219
5.5901699437494745
6.800735254367722
6.800735254367722
6.576473218982953
6.18465843842649
6.020797289396148
6.519202405202649
6.670832032063167
6.020797289396148
5.522680508593631
6.020797289396148
6.020797289396148
5.70087712549569
6.082762530298219
6.576473218982953
5.70087712549569
5.5
5.0990195135927845
5.5901699437494745
6.18465843842649
7.280109889280518
5.385164807134504
6.670832032063167
5.522680508593631
5.0
5.522680508593631
5.5901699437494745
5.5901699437494745
5.0
5.024937810560445
5.385164807134504
4.743416490252569
5.5901699437494745
5.385164807134504
5.5901699437494745
5.1478150704935
6.5
6.264982043070834
4.6097722286464435
6.800735254367722
5.656854249492381
6.020797289396148
6.4031242374328485
6.363961030678928
6.726812023536855
6.726812023536855
6.020797289396148
6.363961030678928
7.211102550927978
7.106335201775948
7.905694150420948
6.726812023536855
7.211102550927978
7.211102550927978
7.632168761236874
7.211102550927978
7.106335201775948
6.4031242374328485
6.103277807866851
6.946221994724902
7.106335201775948
7.211102550927978
6.946221994724902
6.800735254367722
7.211102550927978
6.96419413859206
7.632168761236874
7.158910531638177
7.158910531638177
7.3824115301167
6.5
7.158910531638177
7.826237921249264
7.648529270389178
8.631338250816034
8.139410298049853
8.139410298049853
8.139410298049853
7.158910531638177
7.433034373659253
7.905694150420948
7.211102550927978
9.219544457292887
9.5524865872714
9.5524865872714
8.845903006477066
10.259142264341596
9.924716620639604
9.899494936611665
10.259142264341596
9.924716620639604
10.259142264341596
10.965856099730654
10.63014581273465
10.965856099730654
10.965856099730654
11.672617529928752
10.63014581273465
10.63014581273465
10.606601717798213
10.259142264341596
10.606601717798213
10.259142264341596
10.259142264341596
10.965856099730654
10.259142264341596
9.924716620639604
10.606601717798213
9.604686356149273
9.924716620639604
9.924716620639604
10.965856099730654
9.617692030835672
9.300537618869138
10.404326023342406
9.300537618869138
8.602325267042627
10.259142264341596
9.604686356149273
9.433981132056603
9.17877987534291
9.17877987534291
9.17877987534291
9.617692030835672
9.86154146165801
10.124228365658293
10.295630140987
9.7082439194738
9.86154146165801
9.86154146165801
10.816653826391969
10.404326023342406
10.404326023342406
10.700467279516348
10.295630140987
9.7082439194738
9.86154146165801
10.124228365658293
10.062305898749054
10.062305898749054
9.7082439194738
9.013878188659973
9.17877987534291
9.433981132056603
9.013878188659973
9.604686356149273
9.86154146165801
9.17877987534291
8.5
8.73212459828649
8.32165848854662
9.300537618869138
8.74642784226795
9.433981132056603
8.74642784226795
9.86154146165801
9.86154146165801
10.0
9.433981132056603
9.604686356149273
9.7082439194738
8.514693182963201
9.300537618869138
9.5524865872714
10.0
10.0
10.0
9.219544457292887
9.924716620639604
9.219544457292887
9.86154146165801
10.0
9.924716620639604
9.7082439194738
10.965856099730654
9.899494936611665
9.219544457292887
11.01135777277262
10.259142264341596
10.259142264341596
10.259142264341596
9.899494936611665
9.899494936611665
9.924716620639604
10.63014581273465
9.192388155425117
8.845903006477066
9.604686356149273
9.300537618869138
10.816653826391969
10.404326023342406
11.313708498984761
11.40175425099138
11.335784048754634
12.041594578792296
11.313708498984761
10.606601717798213
10.259142264341596
9.924716620639604
9.5524865872714
11.715374513859981
10.307764064044152
9.7082439194738
8.902246907382429
8.902246907382429
8.902246907382429
7.3824115301167
8.902246907382429
8.32165848854662
7.433034373659253
6.324555320336759
7.158910531638177
7.3824115301167
6.519202405202649
9.394147114027968
9.17877987534291
9.5524865872714
9.899494936611665
8.845903006477066
10.63014581273465
9.192388155425117
9.5524865872714
8.845903006477066
9.219544457292887
9.924716620639604
9.5524865872714
10.259142264341596
11.01135777277262
11.313708498984761
10.259142264341596
8.602325267042627
10.0
10.63014581273465
10.700467279516348
9.7082439194738
10.700467279516348
10.700467279516348
9.924716620639604
8.514693182963201
10.0
9.7082439194738
10.307764064044152
10.816653826391969
10.124228365658293
11.01135777277262
11.40175425099138
11.715374513859981
11.715374513859981
9.604686356149273
9.300537618869138
10.404326023342406
8.845903006477066
8.902246907382429
8.602325267042627
8.845903006477066
8.139410298049853
8.902246907382429
9.5524865872714
7.7781745930520225
6.726812023536855
7.433034373659253
7.433034373659253
6.4031242374328485
6.726812023536855
5.70087712549569
6.726812023536855
6.800735254367722
7.810249675906654
7.433034373659253
7.106335201775948
7.433034373659253
8.200609733428363
6.726812023536855
7.0710678118654755
8.139410298049853
7.433034373659253
7.5
7.810249675906654
7.0710678118654755
7.433034373659253
6.726812023536855
7.106335201775948
6.726812023536855
6.800735254367722
7.106335201775948
7.905694150420948
7.5
7.810249675906654
7.106335201775948
7.433034373659253
8.139410298049853
7.433034373659253
7.0710678118654755
7.7781745930520225
7.810249675906654
8.139410298049853
8.845903006477066
8.139410298049853
8.845903006477066
9.192388155425117
7.810249675906654
9.192388155425117
8.48528137423857
8.902246907382429
9.219544457292887
10.63014581273465
9.604686356149273
9.219544457292887
9.924716620639604
8.902246907382429
10.0
8.845903006477066
10.404326023342406
10.404326023342406
10.404326023342406
9.7082439194738
10.124228365658293
10.404326023342406
11.800423721205947
10.816653826391969
10.816653826391969
10.307764064044152
11.10180165558726
10.816653826391969
10.0
11.01135777277262
10.700467279516348
10.307764064044152
10.965856099730654
10.700467279516348
10.700467279516348
10.700467279516348
10.700467279516348
10.124228365658293
9.604686356149273
9.604686356149273
9.013878188659973
8.602325267042627
9.433981132056603
9.013878188659973
8.845903006477066
8.902246907382429
8.139410298049853
8.139410298049853
8.845903006477066
9.604686356149273
9.192388155425117
9.604686356149273
9.5524865872714
8.902246907382429
9.7082439194738
10.965856099730654
10.700467279516348
10.63014581273465
10.700467279516348
10.63014581273465
11.335784048754634
13.124404748406688
13.124404748406688
13.435028842544403
13.793114224133722
15.20690632574555
15.239750654128171
14.5
14.159802258506296
16.62077013859466
16.278820596099706
17.67766952966369
17.414074767267998
17.334935823359714
16.401219466856727
16.401219466856727
16.650825805346713
21.80022935659164
20.40833163195855
18.7949461292125
19.474342094150447
18.117670931993437
17.755280904564703
17.755280904564703
19.13765920900464
17.10263137648707
17.10263137648707
16.101242188104617
15.700318468107582
15.945218719101975
15.945218719101975
18.034688796871432
14.212670403551895
19.144189719076646
16.62077013859466
13.793114224133722
12.041594578792296
13.46291201783626
9.5524865872714
9.300537618869138
8.54400374531753
8.54400374531753
8.246211251235321
8.5
8.381527307120106
8.139410298049853
9.340770846134703
9.513148795220223
7.0178344238090995
7.516648189186454
7.0178344238090995
6.519202405202649
8.0156097709407
8.06225774829855
8.558621384311845
9.013878188659973
7.905694150420948
10.307764064044152
8.73212459828649
8.381527307120106
8.860022573334675
8.06225774829855
7.826237921249264
8.602325267042627
9.86154146165801
10.295630140987
9.86154146165801
9.86154146165801
10.735455276791944
10.404326023342406
9.86154146165801
11.180339887498949
12.083045973594572
10.770329614269007
11.180339887498949
12.298373876248844
10.124228365658293
11.40175425099138
10.012492197250394
10.51189802081432
10.04987562112089
12.093386622447824
11.045361017187261
10.04987562112089
10.307764064044152
12.010412149464313
11.76860229593982
9.5524865872714
11.10180165558726
11.10180165558726
10.111874208078342
11.672617529928752
10.198039027185569
10.198039027185569
11.76860229593982
11.76860229593982
11.597413504743201
11.597413504743201
12.093386622447824
12.010412149464313
10.51189802081432
11.045361017187261
11.0
11.0
11.01135777277262
10.012492197250394
11.01135777277262
9.513148795220223
10.5
11.543396380615196
10.0
9.513148795220223
9.617692030835672
9.617692030835672
10.793516572461451
10.307764064044152
10.307764064044152
10.44030650891055
10.688779163215974
11.180339887498949
10.111874208078342
10.307764064044152
11.40175425099138
10.44030650891055
10.920164833920778
10.44030650891055
11.543396380615196
10.307764064044152
11.280514172678478
11.40175425099138
10.198039027185569
12.36931687685298
11.672617529928752
10.688779163215974
11.280514172678478
11.672617529928752
11.10180165558726
11.10180165558726
11.543396380615196
11.543396380615196
13.238202294873727
13.152946437965905
13.536986370680884
12.589678312014172
12.509996003196804
12.509996003196804
12.509996003196804
12.509996003196804
12.539936203984453
14.0
14.560219778561036
13.601470508735444
13.0
12.083045973594572
13.416407864998739
13.46291201783626
13.892443989449804
13.892443989449804
13.865424623862047
13.892443989449804
14.150971698084906
12.349089035228468
13.209844813622906
13.656500283747663
13.656500283747663
14.230249470757707
13.946325680981353
13.285330255586423
13.285330255586423
13.0
13.285330255586423
12.349089035228468
12.747548783981962
13.200378782444085
12.747548783981962
13.656500283747663
11.704699910719626
12.816005617976296
13.0
11.884864324004713
12.649110640673518
13.601470508735444
12.175795661885921
13.124404748406688
13.341664064126334
12.854960132182441
12.658988901172163
13.341664064126334
11.884864324004713
12.165525060596439
14.142135623730951
14.035668847618199
13.583077707206124
13.038404810405298
12.658988901172163
13.238202294873727
13.82931668593933
12.658988901172163
12.747548783981962
13.238202294873727
13.729530217745982
14.221462653327892
13.729530217745982
13.46291201783626
13.756816492197604
13.46291201783626
12.649110640673518
12.5
12.816005617976296
13.46291201783626
12.98075498574717
13.946325680981353
14.560219778561036
14.560219778561036
14.705441169852742
13.647344063956181
14.230249470757707
15.182226450688976
16.101242188104617
13.200378782444085
14.230249470757707
14.396180048887969
14.230249470757707
13.756816492197604
15.811388300841896
14.230249470757707
15.811388300841896
14.705441169852742
13.92838827718412
13.92838827718412
15.182226450688976
15.524174696260024
13.946325680981353
14.230249470757707
13.946325680981353
16.492422502470642
15.297058540778355
14.080127840328723
12.816005617976296
13.0
12.539936203984453
12.083045973594572
12.529964086141668
11.926860441876563
11.412712210513327
12.093386622447824
12.90348790056394
12.619429464123963
13.46291201783626
13.46291201783626
13.729530217745982
14.705441169852742
14.577379737113251
14.326548781894402
13.209844813622906
13.209844813622906
13.647344063956181
12.747548783981962
13.0
12.349089035228468
14.089002803605371
13.0
12.816005617976296
12.020815280171307
11.76860229593982
12.020815280171307
11.76860229593982
12.36931687685298
11.76860229593982
13.238202294873727
12.658988901172163
12.257650672131263
13.238202294873727
12.257650672131263
13.0862523283024
13.82931668593933
12.747548783981962
12.747548783981962
12.747548783981962
13.152946437965905
13.341664064126334
13.46291201783626
14.866068747318506
13.46291201783626
14.773286702694158
14.534441853748634
14.773286702694158
14.396180048887969
13.656500283747663
13.285330255586423
14.705441169852742
13.82931668593933
13.46291201783626
13.285330255586423
13.92838827718412
12.98075498574717
12.5
11.76860229593982
12.020815280171307
11.884864324004713
12.649110640673518
12.020815280171307
12.349089035228468
11.884864324004713
13.0
13.656500283747663
14.089002803605371
14.089002803605371
13.416407864998739
14.115594213493104
13.46291201783626
13.92838827718412
14.396180048887969
12.649110640673518
14.396180048887969
16.91892431568863
16.446884203398525
13.92838827718412
14.430869689661812
13.946325680981353
13.601470508735444
13.601470508735444
13.124404748406688
13.601470508735444
15.182226450688976
15.692354826475215
16.28649747490233
15.976545308670458
15.890248582070704
15.890248582070704
17.46424919657298
15.692354826475215
15.953056133543816
16.507574019219177
16.507574019219177
19.13765920900464
18.601075237738275
18.034688796871432
18.398369492974098
18.439088914585774
17.804493814764857
16.710774967068403
17.10263137648707
16.507574019219177
17.334935823359714
15.953056133543816
16.80773631397161
18.35755975068582
16.91892431568863
16.64331697709324
19.474342094150447
19.4164878389476
20.591260281974
21.691011963483863
21.470910553583888
22.14158982548453
22.192341021172147
23.58495283014151
21.691011963483863
21.93171219946131
23.706539182259394
24.38237068047322
24.88473427625861
25.16445906432324
21.50581316760657
25.16445906432324
26.744158240632665
27.35415873317986
27.85677655436824
28.792360097775937
28.460498941515414
27.060118255469618
27.98660393831306
28.324018076537094
28.853076092507017
26.879360111431225
29.300170647967224
26.669270706189174
26.239283526803852
28.991378028648448
27.101660465735304
27.735356496717326
28.040149785619906
28.692333470807146
27.28094573140748
27.613402542968153
28.36370920736567
26.90724809414742
24.520399670478458
23.50531854708632
23.11384866265244
23.37733945512192
22.67156809750927
23.04886114323222
22.67156809750927
23.37733945512192
22.34390297150433
23.71181140275875
24.397745797511703
22.627416997969522
23.33452377915607
23.04886114323222
21.319005605327842
20.303940504246953
22.726636354727024
21.10094784600919
20.808652046684813
20.402205763103165
20.402205763103165
20.524375751773793
19.300259065618782
19.704060495238032
18.35755975068582
18.607794065928395
19.00657780874821
18.560711193270585
18.117670931993437
17.219175357722563
17.88854381999832
18.12456896039186
17.219175357722563
17.88854381999832
18.33712082089225
18.117670931993437
18.179658962697843
16.1245154965971
15.652475842498529
16.1245154965971
15.811388300841896
17.334935823359714
15.953056133543816
15.008331019803634
16.3783393541592
15.811388300841896
16.3783393541592
16.3783393541592
15.443445211480501
14.84082207965583
15.402921800749363
16.224980739587952
14.705441169852742
15.700318468107582
15.0
14.84082207965583
14.422205101855956
14.422205101855956
14.0089257261219
14.150971698084906
13.416407864998739
13.656500283747663
12.776932339180638
13.416407864998739
13.656500283747663
12.971121771072847
12.971121771072847
13.416407864998739
13.46291201783626
13.0
13.416407864998739
13.200378782444085
13.285330255586423
14.230249470757707
14.230249470757707
14.705441169852742
13.601470508735444
13.756816492197604
13.946325680981353
14.317821063276353
14.430869689661812
13.341664064126334
14.317821063276353
13.46291201783626
13.82931668593933
13.946325680981353
14.396180048887969
14.430869689661812
13.601470508735444
13.82931668593933
12.854960132182441
13.729530217745982
13.946325680981353
12.5
12.98075498574717
13.285330255586423
13.285330255586423
12.816005617976296
13.285330255586423
13.0
13.656500283747663
13.92838827718412
13.200378782444085
14.317821063276353
13.416407864998739
14.115594213493104
12.747548783981962
13.865424623862047
13.647344063956181
13.200378782444085
13.656500283747663
14.089002803605371
13.656500283747663
15.508062419270823
14.230249470757707
14.115594213493104
13.656500283747663
14.983324063771697
14.534441853748634
14.534441853748634
14.773286702694158
14.317821063276353
14.089002803605371
14.089002803605371
14.983324063771697
14.773286702694158
14.317821063276353
13.416407864998739
13.416407864998739
13.0
13.46291201783626
12.816005617976296
12.649110640673518
13.601470508735444
14.230249470757707
12.257650672131263
14.230249470757707
13.285330255586423
14.230249470757707
13.124404748406688
13.46291201783626
12.747548783981962
13.46291201783626
12.98075498574717
13.946325680981353
13.124404748406688
13.729530217745982
13.238202294873727
13.82931668593933
14.142135623730951
13.647344063956181
13.647344063956181
14.080127840328723
13.583077707206124
13.0862523283024
13.536986370680884
13.536986370680884
14.035668847618199
13.038404810405298
13.647344063956181
13.0862523283024
13.509256086106296
14.508618128546908
13.647344063956181
13.647344063956181
13.0862523283024
12.589678312014172
13.238202294873727
13.341664064126334
12.98075498574717
11.76860229593982
11.236102527122116
12.020815280171307
12.257650672131263
11.543396380615196
11.40175425099138
10.920164833920778
11.40175425099138
11.76860229593982
11.672617529928752
12.36931687685298
11.672617529928752
12.36931687685298
13.009611831257688
11.672617529928752
11.543396380615196
11.543396380615196
12.165525060596439
11.045361017187261
10.111874208078342
10.688779163215974
10.04987562112089
11.045361017187261
9.5524865872714
9.013878188659973
10.5
9.055385138137417
10.307764064044152
10.793516572461451
11.045361017187261
10.0
11.045361017187261
11.045361017187261
11.510864433221338
11.01135777277262
11.01135777277262
11.543396380615196
11.510864433221338
12.539936203984453
11.672617529928752
12.539936203984453
13.152946437965905
13.583077707206124
14.713938969562161
15.033296378372908
13.82931668593933
14.637281168304447
14.577379737113251
15.508062419270823
15.700318468107582
14.577379737113251
15.700318468107582
15.402921800749363
13.946325680981353
15.628499608087784
15.811388300841896
16.00781059358212
15.182226450688976
13.756816492197604
12.175795661885921
11.423659658795863
11.853269591129697
13.285330255586423
12.083045973594572
11.629703349613008
12.529964086141668
11.853269591129697
11.412712210513327
11.853269591129697
11.180339887498949
11.180339887498949
11.412712210513327
11.423659658795863
11.180339887498949
11.180339887498949
11.423659658795863
12.083045973594572
11.180339887498949
11.629703349613008
11.423659658795863
11.067971810589327
11.853269591129697
12.539936203984453
11.629703349613008
11.067971810589327
11.40175425099138
11.884864324004713
11.543396380615196
12.816005617976296
12.175795661885921
12.36931687685298
12.020815280171307
12.020815280171307
12.257650672131263
11.884864324004713
12.98075498574717
12.854960132182441
13.0862523283024
13.038404810405298
13.0862523283024
13.5
13.038404810405298
13.509256086106296
12.539936203984453
13.038404810405298
12.257650672131263
12.747548783981962
12.36931687685298
12.257650672131263
13.152946437965905
13.601470508735444
12.020815280171307
12.36931687685298
11.543396380615196
12.175795661885921
11.423659658795863
12.539936203984453
12.854960132182441
12.854960132182441
11.672617529928752
13.152946437965905
13.152946437965905
13.536986370680884
13.038404810405298
12.539936203984453
12.539936203984453
13.0
13.009611831257688
13.0862523283024
13.152946437965905
13.647344063956181
14.221462653327892
13.46291201783626
13.341664064126334
12.165525060596439
12.5
11.884864324004713
12.020815280171307
12.020815280171307
12.5
12.349089035228468
12.539936203984453
12.5
12.175795661885921
12.5
12.816005617976296
12.5
12.539936203984453
13.0
12.083045973594572
12.649110640673518
12.539936203984453
14.080127840328723
12.649110640673518
12.854960132182441
13.82931668593933
13.341664064126334
13.341664064126334
12.98075498574717
13.601470508735444
13.341664064126334
13.82931668593933
13.152946437965905
14.080127840328723
13.0862523283024
13.238202294873727
14.080127840328723
13.82931668593933
13.729530217745982
13.152946437965905
14.142135623730951
14.035668847618199
14.0089257261219
14.0
14.5
15.008331019803634
15.033296378372908
14.577379737113251
14.534441853748634
14.0089257261219
14.5
14.508618128546908
14.577379737113251
15.033296378372908
14.080127840328723
14.035668847618199
15.033296378372908
15.628499608087784
15.532224567009067
14.5
16.5
15.532224567009067
16.0
16.507574019219177
16.5
17.0
17.029386365926403
16.0
16.5
16.00781059358212
16.00781059358212
14.5
15.508062419270823
16.56804152578089
15.572411502397436
15.532224567009067
15.132745950421556
15.033296378372908
14.534441853748634
14.080127840328723
14.142135623730951
17.356554957709783
15.787653403846944
16.62077013859466
13.82931668593933
16.194134740701646
13.46291201783626
14.035668847618199
14.080127840328723
13.0862523283024
13.583077707206124
14.577379737113251
13.038404810405298
13.729530217745982
13.152946437965905
14.035668847618199
13.536986370680884
14.637281168304447
14.142135623730951
14.142135623730951
15.074813431681335
18.973665961010276
19.059118552545918
17.066048165876012
19.026297590440446
17.507141400011598
18.172781845386247
17.066048165876012
17.5
17.029386365926403
16.56804152578089
15.008331019803634
14.577379737113251
12.509996003196804
13.509256086106296
12.010412149464313
12.509996003196804
12.509996003196804
12.509996003196804
12.0
12.257650672131263
11.597413504743201
13.341664064126334
14.317821063276353
12.36931687685298
13.0
13.46291201783626
12.854960132182441
13.46291201783626
13.46291201783626
13.756816492197604
13.946325680981353
13.46291201783626
15.041608956491324
13.656500283747663
13.756816492197604
13.601470508735444
13.46291201783626
14.396180048887969
13.46291201783626
14.773286702694158
15.041608956491324
13.285330255586423
13.946325680981353
14.807092894960848
39.223717314910374
67.98896969362015
64.39332263519255
60.27022482121665
58.04524097632811
57.723478758647246
57.95903725908497
54.61913584083879
58.482903484693715
59.665735560705194
57.29310604252487
60.90361237233798
66.12110101926616
66.61080993352356
74.23779360945474
76.58002350482793
78.18567643756751
80.07652589866771
78.89233169326408
78.52547357386646
78.40918313565064
82.77831841732471
82.77982846080317
81.32035415564789
76.74144903505537
71.0862152600629
67.94115100585212
65.52289676136121
60.876925020897694
56.639209034025185
51.29571132170798
42.85148772213166
43.60045871318328
46.10043383743802
44.204072210600685
43.60045871318328
42.85148772213166
43.68352092036538
44.24081825644729
44.37623237725348
41.80011961705373
40.80441152620633
38.577843381920665
40.40111384603152
41.76421913552317
41.677331968349414
42.190046219457976
41.88078318274385
41.76421913552317
41.182520563948
42.03867267171979
41.593268686170845
42.485291572496
40.47838929601819
36.830693721405794
36.5
36.62308015445998
35.531676008879735
37.406550228536176
41.620307543313515
44.51123453691214
46.80010683748489
50.104889980919026
51.58730463980455
52.8441103624614
56.50884886458049
62.51599795252412
66.24198064671678
70.2353187506115
71.79484661171719
73.79024325749306
74.06247362868729
74.24284477308234
74.03039916142558
77.15244649393821
75.3823586789376
77.17674520216566
80.32745483332582
83.0451684326066
86.15393200545174
112.18957170789092
112.81511423563776
112.33098414952127
113.64858116140297
114.12712210513327
117.2060152039988
118.30152154558283
120.7683733433551
123.67902004786423
127.38622374495603
127.57840726392534
128.93893903704964
127.38622374495603
127.63228431709588
128.06736508572354
127.63228431709588
126.95077786291819
126.02479914683458
124.6645498929026
121.70866854912184
120.3536455617361
118.7655253009054
114.93476410555685
111.61205132063472
109.16501271011697
108.50115206761632
108.0856142139184
107.17509038951168
107.22056705688513
106.30733747018594
105.4442980914568
104.78549517943789
103.4130069188591
103.0109217510454
104.0
103.53864013014658
103.15643460298539
102.41703959791066
99.72462083156798
98.72436376092783
97.90939689325025
95.82536198731523
95.50130889155395
93.15175790075033
90.3230313928845
90.18037480516479
89.7008918573277
90.24965373894794
88.46044313703159
88.94099167425557
88.8045606936941
87.98011138888153
89.56003573022959
91.14000219442613
90.52071586106685
92.38235762308732
96.31329087929662
96.93941406878835
98.52030247619015
99.62429422585637
102.1420579389313
102.3095792191523
99.13753073382452
98.18986709431886
98.68130522039117
100.73355945264716
100.73355945264716
98.5507483482495
99.02019995940222
98.72436376092783
99.07825190222121
100.01249921884764
100.19106746611696
99.2585008953893
103.53018883398214
102.88342918079665
102.88342918079665
104.10811687856044
104.92973839670049
105.51421705154239
105.6882207249228
104.36115177593624
106.04244433244644
104.73418735064497
106.12492638395562
105.19743342876764
105.84894897919393
105.57698612860665
105.57698612860665
104.65419246260515
105.19743342876764
103.99639416825951
104.64344222167006
105.04522835426653
105.00476179678711
102.7861858422619
102.45974819410792
101.19288512538814
104.04326023342406
105.3612832116238
107.76015033397086
107.83436372511315
110.73052876239687
109.38464243210744
111.32385189167684
111.94306588619055
113.8913956363693
114.86622654200842
116.70903992407786
118.9884448171334
119.96353612660808
120.9390342279944
116.81716483462522
112.37882362794157
112.86828606831948
113.25745008607602
111.9866063420086
108.67382389517726
109.65856099730654
108.8358856260195
107.1272607696099
105.92922165295089
103.64000192975683
102.59142264341595
100.40418317978589
98.36793176640444
95.25754563287887
93.66162501259521
89.58934088383506
85.05292469985967
82.53787009609589
78.5573039252239
78.69243928103894
76.77564718060017
70.71421356417676
69.95891651533778
69.79434074479104
65.11528238439882
63.07336997497438
64.5600495662759
64.51356446515724
63.144675151591365
65.92419889539804
66.70832032063167
68.74045388270287
69.85699678629192
71.38101988624148
74.73285756613352
80.07652589866771
94.88545726295469
95.30083945065752
96.60745312862771
98.61287948336161
101.29412618705983
103.3065825589057
104.42461395667212
105.11898020814318
105.7946123391924
106.67942632016728
109.14783552595077
110.45587354233363
110.78808600206071
113.27510759209191
113.53413583587978
114.38968484964018
112.761917330276
109.95680970271918
109.22110601893756
110.5
106.89246933250256
112.92143286373938
113.14702824201791
114.54256850621083
115.03912377969506
116.9283968931414
117.27105354690048
117.74548823628021
119.09764901122104
116.542910552294
116.37224755069397
111.94864894227175
110.87041986030358
108.52188719332152
105.77334257741882
105.02975768800002
103.68461795271274
103.07764064044152
99.24716620639605
80.18883962248113
79.07749363757048
79.03954706347956
78.01442174367506
77.50161288644256
76.5147044691411
73.58328614570023
74.5821694508815
73.63762625180146
73.63762625180146
71.79484661171719
70.79901129253147
68.16524040887701
66.25896165802781
63.73774391990981
62.26756780218736
62.16912416947821
60.8276253029822
58.619535992704684
75.10326224605693
72.1959140118054
68.16524040887701
64.44571358903553
64.62391198310421
85.25989678623826
84.52366532516204
82.00609733428362
81.60882305241266
80.16389461596785
80.01562347441904
80.31344843797955
79.7699818227383
81.02468759581859
83.64358911476718
86.31483070712703
88.54942122905152
91.68560410446125
95.73531218939019
99.56153875869938
103.15279928339318
106.11432514038809
108.73936729630167
110.7361729517505
114.06138698087096
116.50965625217508
121.64292005702592
122.98882063016947
124.55621220958832
125.4561676443211
128.59335130557878
128.59335130557878
130.14607178090316
128.59335130557878
128.79829191413992
127.90621564255585
127.01574705523721
125.70600622086441
124.82387592123551
122.43059258208301
117.58507558359607
112.9391429044864
107.01635389042181
102.55973868921468
97.78803607803972
95.96353474106714
90.83226299063566
63.381779716256
60.47520152922188
58.79838433154435
55.21775076911409
54.00231476520243
51.61637337124723
50.13232490120521
46.42467016576423
44.598206241955516
50.204581464244875
48.79549159502341
47.39725730461627
46.349217900629135
46.32763753959401
46.38156961552724
43.86342439892262
44.553338819890925
44.90267252625394
47.73101716913227
43.846322536787504
48.43810483493342
48.44842618702903
44.93606569338264
48.5
50.99019513592785
51.85556864985669
54.993181395514846
59.20304046246274
63.70635761052424
68.22939249326495
73.24616030891995
89.2216341477783
90.33825324855468
92.70382947861431
94.15412895885129
95.2732911156112
96.62944685757029
96.61392239216872
97.74712271980184
98.37174391053561
96.64496882921532
95.06445182085677
95.35853396524088
93.92816404039844
91.88715905935932
89.36582120699165
87.02011261771614
83.00602387778854
79.90775932285925
75.35582260184013
70.2353187506115
66.11542936410532
62.96824596572466
58.53417805009309
56.8000880281008
53.649324320069496
50.56925943693461
51.97355096585185
55.17245689653489
54.150253923689036
55.31726674375732
56.40257086339239
56.08029957123981
56.464590674156135
59.602852280742404
60.30754513325841
61.99395131785036
65.48473104472522
67.20863039818622
70.71067811865476
72.15608082483416
75.44700126578923
74.96832664532403
75.8023746329889
76.55063683601855
82.12338278468563
84.76142990771216
89.23144064734134
92.5
95.12228971171794
98.97600719366285
103.9831717154271
105.80170130957252
110.40946517396051
112.61105629555207
119.00945340602149
122.54998980008118
126.28638089675387
130.64838307457157
135.72398461583714
137.18600511714013
140.4314779527724
144.68241081762497
146.15402833996743
146.6023533235398
146.8911161370898
145.23859679850946
143.9522490272382
141.04077424631504
136.3387325744229
131.75071157303097
126.53062870309307
121.13009535206352
114.36454870282137
109.91473968490304
102.82266287156737
96.64496882921532
89.9027252089724
81.0077156819028
74.35388355694677
68.15607089614248
61.58936596523786
54.147945482723536
52.002403790594144
47.71268175233918
44.03691633164157
38.897300677553446
38.27858409084641
39.53795644693843
41.00304866714181
44.206899913927465
45.77390086064329
48.9004089962446
51.73490117899134
54.96589851899085
59.42432162002356
64.06442070291435
67.55923326977594
70.44501401802685
73.67665844757076
75.37406715840667
77.93587107359485
78.64636037350998
79.40403012442127
80.43009387039157
80.53725845843029
79.27483837889548
77.78495998584816
75.71327492586752
72.21149492982401
69.2044073740972
65.364363379444
60.30132668523969
55.0
49.11466176204413
43.54595273960601
38.16084380618437
37.473323845103465
36.704904304465906
34.677081768799404
36.0347054934545
60.11031525453847
74.4043009509531
74.46139939592862
75.32761777728007
77.49354811853694
83.21207845018654
88.49011244201242
94.54760705591654
101.60831658875173
108.74856320889945
117.18041645257965
123.4514074443868
132.23085872821065
138.68128929311266
145.72319650625292
151.87906373164142
156.90203950235957
164.91285577540643
170.45893933730787
175.62032911938184
183.8212446916841
187.992686027941
191.89124524063104
201.42802684830133
203.66271136366618
208.10694366118588
215.10753124890815
219.27152117865194
225.32199182503248
230.77315701788194
234.61031520374377
239.16364690311946
239.975519584811
241.42131223237106
246.1097316239242
244.58996299930217
246.85268886524204
246.9534369066363
245.54480242921045
241.5502018214847
239.75404063331237
234.08225050182682
228.21919288263203
223.09471082927985
213.00938946440834
206.50242129331076
193.02331465395574
184.06792224611002
174.1034175425629
164.33578429544795
153.65952622600398
147.5211849193193
136.0588108135596
127.50882322412046
120.06664815842908
109.79184851344839
102.39384747141793
101.04578170314682
96.5090669315583
95.46858121916341
91.57101069661731
92.76987657639737
93.02284665607691
92.80355596635293
95.77055915050303
97.9081201943945
103.80390166077574
106.80004681646913
111.77768113536798
116.44955989611984
126.11998255629439
129.07846450899547
135.337540985493
139.6030085635693
146.9498213677036
149.8574322481204
153.15351775261317
160.8143339382407
163.24827717314508
168.66831356244717
172.57244855422317
178.31012310017624
183.10789169230256
185.5970096741863
190.55970193091719
190.02170928607077
192.89699323732341
197.42466917789176
201.8539075668341
205.77475549736417
206.26742350647618
207.53794833716555
209.0843131370692
209.63420522424292
208.51498747092498
210.69231120285335
211.41487648696815
210.1487568366751
209.1040410895973
209.06697491473875
209.37167907814083
209.20623795671102
207.7703058668394
207.93328256919332
208.39625716408634
210.29146440119723
207.28784334832565
205.55412912417984
202.74368054269902
198.4244188601796
194.5379140424817
190.18412131405714
185.930094390338
181.5358091396846
182.84966502567076
176.11927776367924
170.16536075241635
162.82582718966916
157.17028981331046
149.3226372657542
141.35947085356537
134.15103428598678
127.6401190848708
123.2000405844089
107.53836524701312
105.41821474489122
104.06248123122954
103.02062900215665
103.10310373601757
104.73418735064497
105.81705911619355
110.31998912255204
111.9162633400526
115.81234821900469
117.99152511939153
122.05019459222504
126.17844506887855
130.58809287220637
135.75161140848385
142.10031667804262
147.07311107065084
154.35106089690476
160.00078124809266
164.8104972384951
172.70567448697219
177.3760130344574
184.2450813454731
190.9063906735445
196.11858657455187
200.66452102950336
204.9158363816716
206.6597445077294
208.5623408000591
211.9256945252274
215.32127159200968
215.5203006679417
215.80141334106224
215.27714695248076
214.16173794588053
213.55678401774082
211.1456843035159
208.3698634639856
205.0
200.7691460359385
196.32880583347927
191.54960193119692
186.45173638236787
179.51323071016242
173.66922582887275
165.9103673674433
161.78766949307354
154.7384890710776
150.024164720221
144.84905936870973
138.80291783676594
134.58175953672176
128.86523968859873
125.86500705120545
121.61928301054895
115.52056094046635
113.08846094982458
110.36870027322058
104.90591022435295
102.63649448417459
100.18482919085105
98.8382517044894
98.20641526906478
97.67932227447118
97.86342524150685
99.55526103627071
102.23746866975922
104.284466724436
107.75087006609274
111.22162559502536
115.39172413999195
118.99684869777015
122.03790394791284
127.16622979391974
131.32593041741603
134.80077892950027
139.6656722319411
143.3117231771358
147.6651617681029
150.40777905414333
154.5477272560163
157.1058560334401
159.94139551723313
163.26741867255694
167.04640073943526
168.37606718295805
172.41012151263047
175.9957385847737
179.39411919012284
181.45316200055595
183.06829326784035
186.5241271256885
188.3593639827869
191.84629264074925
193.77628853912958
194.98012719249107
195.5409164343872
196.11030059637358
195.40023029669132
194.41000488657986
193.29899120274789
192.01692633723727
191.03926298015284
187.8776197422141
186.60117898877274
183.77431811871864
180.95303258028034
178.13758727455584
174.2161014372667
170.1212802679312
167.5022387910084
164.06248809523765
161.8463777784353
157.30861387730806
155.46703830716015
151.33819742550128
149.2590030785413
146.74126890551273
143.38845839188033
141.10722873049417
138.6542462386205
135.95587519485872
132.5990196042188
129.2681321904204
128.41339493993607
126.41696879770532
125.29964086141668
123.664869708418
123.30855606972291
122.70798670013293
122.3774897601679
122.06248399897488
121.21984161019185
121.0712600083108
120.5093357379419
120.23518619771835
122.06555615733703
122.60199835239229
123.01422681950247
123.70933675353692
125.08497111963531
125.36845695788075
127.17114452579249
129.00387591076478
130.00961502904315
132.4009063413087
132.74034804836094
134.82581355215328
138.31124321616085
139.42829698450743
140.1079940617237
139.86600730699365
141.4213562373095
139.38615426217913
141.14708640280182
141.8238343861849
140.70625430306927
140.470637501223
141.35416513141735
142.4517462160433
142.88544362530425
142.00792231421457
138.88574440884852
138.47111612173853
137.7942306484564
133.16343341923863
134.57804427171618
132.66216491524628
133.09395177843356
131.5465697006197
133.8553323554949
131.80003793626162
129.91247053304775
130.76792420161757
129.48552042603066
128.47178678604885
128.04784262142022
126.3576273914638
125.8222953216162
125.55676007288497
125.8222953216162
124.86793023030373
123.4908903522847
122.64175471673585
121.95285974506707
118.03601145413208
119.57006314291216
118.99684869777015
120.37960790765187
118.01377038295149
118.70657100598939
118.98319209031165
118.01906625626216
118.28989813166633
118.56749132877864
117.73805671914243
116.21639299169459
112.76745984547138
113.852975367357
112.76745984547138
110.67971810589327
108.51843161417327
105.50473923004597
101.21264743103995
96.6048653019091
92.57564474525684
90.31195934094221
87.02011261771614
84.15759026968394
83.44159634139318
82.73451516749222
81.67772034037189
83.43860018001261
83.0857990272706
85.22470299156225
86.74243482863506
90.02777349240623
91.61058890761483
92.92604586443997
95.7000522465897
98.63696061821857
104.0096149401583
108.30166203710819
109.1615774895178
110.5350623105628
110.92001622791082
117.18041645257965
122.24974437601087
122.38463955905577
123.30956978272205
122.70289320142373
122.22213383835188
124.949989995998
123.42001458434527
122.13210061241065
122.723265927859
118.6001686339442
116.43131022195018
111.74300872985299
107.4860456059297
102.54023600518968
98.99747471526736
94.88150504708491
87.48857068211825
83.65703795856031
77.60315715227055
73.18640584152223
69.61501274868805
68.20007331374359
64.04100249059192
62.96824596572466
61.92333970321691
61.40032573203501
62.54998001598402
63.547226532713445
64.74758682761852
67.79749257900325
69.32712311931024
70.66293229126569
72.04338970370564
74.70107094279172
76.03453162872775
76.96752561957543
78.27036476214992
82.53029746705145
85.03675675847474
85.5949764881094
90.00694417654674
94.04786015641186
94.81033698917012
97.67292357659824
100.05623418858018
102.61822450227835
104.87254168751704
104.21732101718985
106.16261112086495
107.62202376837188
109.7098445901734
110.55428530816886
111.47421226454125
112.66876230792633
117.957619508025
125.39936203984452
150.52076268741132
150.33296378372907
151.04055746719158
150.52989736261696
150.71247459981538
149.40548852033515
149.75313018431368
146.82046860026023
144.50346016618425
140.35846964112997
137.81872151489435
132.04639336233308
128.85068878356842
121.23221519051773
117.65309175708049
110.50113121592919
102.64745491243316
99.28997935340706
93.35148632989193
89.99027725260102
88.670739254841
88.56212508742098
88.933964265628
92.80086206496145
99.11861580954407
102.8895038378551
108.3351281902597
111.71951485752165
120.81494112898454
126.80003943217052
133.33604163916073
140.3753895809376
148.15954238590237
152.81442994691307
158.60012610335465
161.72971279267148
166.26033802443683
170.50879742699496
177.65415840897168
180.34688796871433
184.20437019788645
187.1049170919888
189.8012117980283
192.5259722738727
192.64604849308486
195.2331938989884
196.30206315777733
196.45864704817652
197.64235376052372
198.44520654326726
199.29939789171468
199.6027304422462
199.65094540221943
200.92598139613503
201.25667690787304
201.8539075668341
202.71161782196896
203.74616560809187
203.74616560809187
204.96950992769632
204.10414008539857
204.60816210503432
205.47140920332444
206.83930961014156
207.1382388647736
208.1465829649865
207.8250466137323
206.65188119153427
208.4034548657963
211.10187114282053
214.28252378577213
215.55799683611832
216.5386801474508
219.1238234423633
221.44186596034635
222.37018685066576
222.1018910320216
221.2747161335881
221.74140344103535
219.51594475117292
217.29070389687635
213.84398518546178
208.4592286275664
203.8295856837275
199.1645048697182
194.33026012435633
190.2452364712452
185.42518707014966
181.53856339632082
177.53872816937718
173.85051049680584
170.8347154415636
166.77080080157918
163.99161563933689
162.3884232326923
158.37060964711856
157.4420528321452
155.8597125622911
154.51294444155803
153.4177303964571
153.6766084997974
153.7546747256811
154.48705447382963
156.59661554452575
158.21583359449204
160.7801293692725
162.40997506310995
164.22621593399757
167.64620484818616
171.93094544031334
178.11864023734293
180.8535318980528
184.83776670366908
189.44260344494847
194.10628531812154
198.1167585036662
201.74798635921996
206.98429892143994
211.80415482232638
212.6240814207083
215.7110335611046
217.947241322298
218.67613038463983
219.32453123168872
219.80104640333266
220.1272359341297
218.22007240398395
216.01157376399996
213.3266274987724
211.7244671737303
207.92125913431747
205.0786434517256
200.98072046840713
193.20002587991544
190.86251596371667
185.92000968158322
181.3815040184638
179.00279327429502
170.3936618539551
149.7706580075016
147.4194695418485
132.23085872821065
129.46814279968643
125.66025624675449
121.46192819151193
117.58507558359607
113.51761977772438
112.60217582267227
111.89280584559492
107.59414482210451
106.88428322255803
102.51951033827659
99.81232388838565
99.16904759046544
97.36657537368765
99.20181449953424
103.32594059576714
103.43355355009321
103.24727599312246
104.65419246260515
106.12492638395562
108.97706180660222
111.19802156513397
114.69088891450794
119.60351165413162
122.01741678957148
124.8048476622603
128.69343417595164
131.52376211164278
138.23982783554095
141.8282411933533
145.69145479402695
147.55422731999244
150.18821525006547
153.77337220728432
153.85463918907354
154.5477272560163
153.43158084305853
155.26831614981853
157.67847031221478
159.21055241409096
159.46237800810573
162.04937519163718
163.47782724271815
165.8463143998081
169.81902131386815
172.16852209390657
175.9147520817967
179.00279327429502
183.73078130786905
186.7518406870465
189.46503635235712
191.4223079998776
192.30509613632188
192.38308137671567
191.3792047219342
188.5802216564611
185.300431731823
182.14623246172292
177.78920102188434
172.32309769731972
169.16929390406523
162.5
156.56468311851177
150.38035111011013
144.93533040635745
139.71757226634023
133.5337036107364
127.74681992128023
124.47188437554884
117.01495630901205
113.52752970094963
109.14439976471537
103.61949623502326
98.54567468945555
94.6374661537385
92.34987818075344
89.30985387962518
87.5571242104262
86.1307146144742
87.09190547921202
89.05054744357274
91.20444068136156
93.62825428256153
95.51177937825261
97.84298646300613
101.82828683622247
103.31747190093262
105.20575079338582
108.50115206761632
110.70004516710912
112.527774349269
113.87383369325896
114.82704385291821
114.00986799395919
114.74537027697457
113.70356194948336
112.43776056112111
111.01801655587259
108.01041616436815
106.00117923872357
103.16128149649946
98.6154146165801
94.52116165176982
91.29211356957401
87.43712026365004
83.01355311032049
79.55029855380808
74.70107094279172
70.50709184188496
66.38712224520656
64.70123646422842
62.33979467402824
60.63208721460939
61.032778078668514
62.50199996800102
64.07027391856539
69.1158447825099
77.81548689046416
81.94205269579228
89.95137575379268
98.6154146165801
106.29793036555321
117.46169588423282
126.8897158953396
138.1774221788784
147.2964697472414
157.96993384818518
168.01339232335022
174.2311682793868
184.00679335285423
194.67729708417465
199.94561760638817
203.58597692375574
205.29064761941788
205.16456809108146
201.67610170766392
195.40023029669132
187.21645226849054
177.04519197086375
168.5066764255945
154.5
141.0434330268517
129.1636558788888
114.48253141855311
103.9471019317037
91.78235124467012
82.10054811022884
72.33429338840602
65.80463509510557
64.40496875241847
63.63961030678928
64.9172550251472
67.71447408050955
75.0483177692878
76.84074440035052
83.97172143049112
89.86934961375874
97.06956268573585
104.72941325148346
110.94705944728774
119.03780911962384
125.72688654380971
132.97838170168865
136.15524227880468
140.38251315601954
146.21901381147393
149.31928877408973
152.86922515666782
156.61577187499347
159.44669955819091
161.0007763956435
161.93594412606487
157.69908052997647
155.72572041894685
153.5716445181206
148.47306152969298
141.8282411933533
133.29759937823337
127.94236983892397
114.76606641337848
106.36023693091323
98.61161189231215
89.80116925742114
84.10856080090778
79.35048834128244
77.71904528492357
78.5
81.12336284942828
82.74811176093385
86.31338250816034
89.71343266200441
97.32034730723068
102.31813133555558
109.46803186318826
114.83575227253924
118.28884140103833
124.7727935088415
131.36685274451847
136.59886529543354
139.7855500400524
139.80432754389258
143.5339681051144
148.36188863721034
152.73506473629428
156.03284910556494
159.6073306587138
165.23922052587878
168.40501773997116
174.8785292710343
178.66518967051192
180.50277006184697
182.70467974302136
186.87562708924887
187.27119372717203
188.09173293901037
189.84862390862884
185.37124911916627
181.79452687031036
177.1016657177453
172.87640093430915
164.8036710756165
157.64279241373518
150.9345884812358
144.91117969294157
135.35601205709335
123.77095782129183
117.0694238475615
110.21116095931482
99.53893710503444
91.7346717441121
84.21698166047035
77.36439749652291
67.4258852370512
58.0387801388003
58.69412236331676
56.72741841473134
55.00909015790027
54.35301279598032
54.79507277118993
56.189411813970786
54.79507277118993
56.50884886458049
56.356011214421486
55.823382197785186
53.27522876534647
57.716981903075975
55.94640292279746
56.38483838763751
56.870466852312724
55.13846207503434
54.150253923689036
53.23532661682466
53.23532661682466
52.100863716449076
51.657526073167695
49.64876634922564
50.766622893393254
50.32395056034453
50.798622028555066
52.79441258315126
49.64876634922564
51.478150704935004
50.42320894191484
49.96248592694322
50.284192347098504
50.79616127228513
50.450470760935424
52.17758139277826
50.75677294706589
53.75872022286245
56.60830327787612
54.55501810099599
55.43013620766234
57.65847726050351
57.65847726050351
59.16502345136018
66.25896165802781
68.1487343976394
67.67939125021738
67.04103221162394
68.00735254367721
71.64670264569054
69.98928489418934
72.57582242041767
72.74957044546724
74.33034373659252
76.38880808076534
76.10026281163555
80.16389461596785
82.85227818231675
85.56430330459075
83.39214591314939
82.63776376451628
84.12044935685971
87.31551981177229
87.27685833025843
89.69392398596462
91.0
90.24965373894794
91.33044399322715
93.36219791757262
96.57768893486735
96.93296652842108
96.10020811631992
100.65411069598697
100.08995953640904
102.23135526833242
104.4030650891055
104.284466724436
102.7861858422619
97.55639394729594
102.70954191310562
101.80004911590171
99.20181449953424
109.95567288685018
126.17844506887855
127.43331589502017
126.81088281373961
131.38683343470913
133.08737731280152
135.2377536045316
135.69911569350774
136.2736218055424
139.75872065813996
137.1541104014021
139.10877039209282
138.0
137.05838172107534
137.55816951384602
140.6280555223601
138.13037319865606
138.1774221788784
145.87751711624378
145.10168848087193
144.81885236391014
148.84975646604195
146.5127980757995
148.6556423416212
152.64337522473747
156.67242897204346
157.3848785620779
162.06248794832194
163.00306745579974
163.74751906517545
167.62830906502637
163.99085340347492
163.1295497449803
162.75518424922754
159.44434765773292
155.60366319595437
152.3162827802727
148.48905683584903
144.87408325853178
141.98943622678414
136.7707936658993
130.77174771333446
124.47991805909899
122.3774897601679
115.8846409150065
110.11471291339772
102.43168455121686
99.06689659013247
92.90452088031023
85.5949764881094
78.30229881682912
74.33875167098248
69.80150428178464
67.53702688155587
62.261545114139274
56.8000880281008
57.786244037833086
58.27949896833363
57.786244037833086
56.71860364994893
57.21232384722718
57.13580313603722
56.71860364994893
56.089214649520635
55.01136246267674
55.9933031710043
54.94087731370878
54.46558546458488
53.12720583655798
49.64876634922564
49.81214711292819
50.04497976820452
51.56064390598706
49.684001449158664
48.075461516245475
50.75677294706589
48.93107397145499
49.11720676097125
51.70348150753487
47.92702786528704
50.480194135918296
50.1422975141746
49.040799340956916
46.351914739307155
48.23121395942673
48.023431780746364
47.53945729601885
42.933087473416116
45.50274716981382
43.900455578501685
45.1275968781853
43.48850422812907
42.95346318982906
41.773197148410844
41.188590653237945
42.24038352098617
40.749233121618374
43.142206712220926
43.104524124504614
43.57177985806869
41.57523301197481
41.692325432865935
40.252329125157466
40.65095324835569
40.078048854703496
40.61095911204265
40.749233121618374
40.80747480548141
40.19950248448356
40.311288741492746
39.75550276376844
40.87175063537161
39.53795644693843
40.52468383590426
40.52468383590426
41.512046444375635
40.792156108742276
40.697051490249265
41.0
41.59927883990298
41.716303767232304
41.23105625617661
41.23105625617661
41.23105625617661
42.32316150761897
42.44997055358225
42.80770958600799
43.292609068985435
0.0
