4.123105625617661
5.0990195135927845
9.219544457292887
14.866068747318506
21.02379604162864
26.0
28.160255680657446
27.892651361962706
30.805843601498726
35.6931365951495
35.90264614203248
39.81205847478876
40.792156108742276
44.14748010928823
45.60701700396552
49.33558553417604
49.175705383857995
53.02122216622322
55.832338299591214
57.716981903075975
59.00211860602973
60.92002954693965
64.28841264178172
64.28841264178172
66.48308055437865
70.83078426785913
71.06335201775947
74.95331880577403
78.47611101475404
79.67747485958625
78.47611101475404
79.67747485958625
81.85658189785352
83.80035799446205
84.28671306914275
86.23369411082886
86.50144507463445
88.05963888183962
89.8470923291344
92.64178322981483
95.45941546018392
96.44946863513557
98.5723084846855
100.55098209366231
100.4116527102308
101.40266268693343
102.39384747141793
104.51076499576492
102.5304832720494
103.66532689380765
103.66532689380765
104.80696541738054
103.81955499808309
103.9831717154271
102.99757278693512
103.17218617437551
103.17218617437551
103.35618026997709
103.35618026997709
103.35618026997709
103.54950506883169
102.0992164514498
101.11503350145318
101.11503350145318
100.13116398005168
100.13116398005168
102.0992164514498
102.0992164514498
102.0992164514498
102.0992164514498
103.0837038527429
103.0837038527429
104.2461030446702
105.2295110698515
105.2295110698515
106.39666348152089
106.39666348152089
106.39666348152089
109.04127658827184
106.09901036296239
107.07940978544848
108.06016842481785
108.85311203635843
109.65856099730654
108.67382389517726
109.48972554536796
109.32977636490436
109.32977636490436
107.84827305061495
106.86089088155686
106.86089088155686
106.86089088155686
107.84827305061495
107.84827305061495
107.84827305061495
107.6951716652144
107.6951716652144
107.6951716652144
107.6951716652144
106.86089088155686
106.86089088155686
106.86089088155686
106.86089088155686
106.86089088155686
106.86089088155686
106.86089088155686
103.40696301506973
103.40696301506973
103.40696301506973
103.40696301506973
100.9418149232517
101.11503350145318
98.35268171229497
99.33403243601862
97.5717684578895
101.14964162071955
95.818839483684
97.04766869945924
94.73251817617856
94.86832980505137
96.13532129243653
97.26895702124085
95.74053478020686
92.82914413049384
90.94641279346867
90.00694417654674
97.55639394729594
96.2925230742242
93.7723306738187
103.88094146666172
116.22069523109901
115.2443057161611
118.39024453053554
118.17465887405811
114.26832456984744
110.14649336224917
106.02476125886821
100.71370313914586
96.59321922371156
96.39113029734634
94.23507839440683
98.16440291673963
95.82927527639974
94.59519015256537
91.70741518546906
91.00549433962765
91.78235124467012
89.62700485902673
90.80198235721508
94.11163583744573
96.317184344228
91.21951545584969
92.19544457292888
96.1041102138717
95.90099061010788
95.90099061010788
93.2148056909416
92.22797840135064
89.26925562588724
85.5102333057278
85.32877591996736
91.59148432032315
93.74433316206373
87.29833904490967
88.45903006477066
90.60905032059435
88.28363381737297
91.41115905621152
92.57429448826494
86.97700845625813
91.92388155425118
95.03683496413377
90.79647570252934
93.38094023943002
95.70788891204319
91.92388155425118
93.90420650854784
94.2019108086455
90.6697303403953
94.04786015641186
91.2414379544733
90.79647570252934
92.91393867445294
90.2551937563706
92.07062506576133
92.39588735436226
92.76313923105448
90.2551937563706
90.4267659490264
88.84255736976509
86.31338250816034
90.09439494219383
88.45903006477066
85.0
89.94442728707543
89.26925562588724
81.88406438373708
93.05912099305473
92.39588735436226
85.0
84.8528137423857
88.28363381737297
91.2414379544733
95.1892851112981
97.29337079164233
95.1892851112981
99.04039579888602
103.07764064044152
101.27191120937731
99.6393496566492
102.35721762533407
101.20276676059801
102.35721762533407
106.90182411914213
104.04806581575652
102.35721762533407
102.88342918079665
100.80674580602232
105.51303237041384
107.56393447619885
105.32331175955302
104.1393297462587
105.01904589168576
108.4665847162157
107.28000745712129
107.93516572461452
103.32473082471591
102.83968105745953
102.88342918079665
104.4030650891055
103.16006979447037
104.35516278555652
102.35721762533407
101.39033484509261
101.83319694480774
100.16985574512923
99.20181449953424
100.0
97.74456506629922
96.77293009927931
98.49365461794989
95.56673061269805
94.83142938920619
102.88342918079665
100.89598604503551
100.42410069301094
101.24228365658294
102.1077861869505
101.65136496870073
101.92153844992725
102.39140588936164
101.86756107809786
102.1077861869505
103.16006979447037
101.41498903022176
101.78899744078434
105.22357150372724
102.59142264341595
101.27191120937731
97.86725703727473
106.21205204683694
104.7377677822093
101.27191120937731
106.44834428021885
108.77729542510238
104.7306067966762
105.14038234665118
106.68879978704419
103.81955499808309
99.87241861495094
105.95517920328388
102.5304832720494
107.48255672433551
104.51076499576492
107.23105893350116
109.33663612897554
105.36840133550476
111.32497473613007
106.4248561192356
111.82352167589787
107.76131031126152
107.69633234237831
104.84512387326366
107.52906583803284
112.50999955559506
109.5559217933928
110.5407164803992
107.5
111.5403514428747
108.57370768284558
114.60911831089183
112.53999289141616
110.57237448838656
113.78158902036832
111.71951485752165
112.78408575681235
109.72351616677257
107.66731165957475
105.7319724586655
102.67545958017426
107.87608632129736
105.97287388761333
102.8943633052851
100.81790515578074
97.82765457681177
101.74109297624044
104.88684378891378
102.8943633052851
100.74348614178487
99.62554893198832
97.5820167858812
102.73874634236103
103.57726584535817
102.57801908791181
102.54389304098027
110.51809806543
110.5407164803992
110.50452479423636
111.51793577716546
118.50421933416548
118.50421933416548
120.60368982746755
122.5367291876195
128.50389099167387
130.50383136138188
135.55902773330885
137.5327233788381
139.5
140.5142341544087
142.5035087287327
143.50348427825716
144.51384016764624
145.50343638553696
146.5
148.53029993910334
149.5535021321801
150.55314676219822
152.617987144373
153.65952622600398
155.615712574277
157.70304372459017
158.6544988331563
161.6114166759267
164.69441399148909
165.5913645091434
168.56007831037573
170.58868661197906
167.59027418081277
164.5189958636996
166.56079970989572
167.5604368578693
164.53722982960423
166.56079970989572
165.537004926391
166.5187677110301
167.5604368578693
162.5192296314501
164.506838763621
164.5189958636996
164.5189958636996
165.5067974434887
165.51888109819978
165.5067974434887
166.50675661966395
166.5187677110301
166.50675661966395
166.5007507490582
166.5187677110301
166.50675661966395
166.5007507490582
165.51888109819978
165.5067974434887
165.50075528528563
164.5189958636996
163.50688058916666
163.50076452420643
162.5192296314501
159.07859692617356
159.11316727411344
159.20113064925135
159.20113064925135
152.3285921946369
152.47294842036735
152.47294842036735
153.55129436120035
153.73353570382747
153.73353570382747
154.72879499304582
154.82893786369524
154.82893786369524
154.93547043850222
155.16765126791086
150.74813431681335
150.74813431681335
150.9602596712128
150.8509197850646
150.9602596712128
151.07613974417006
149.96666296213968
149.96666296213968
149.21461054467824
148.0979405663698
148.0979405663698
148.22280526288793
147.10540438746634
147.10540438746634
144.3918280236108
143.13629868066312
143.13629868066312
143.26548781894402
143.13629868066312
142.1442928857856
142.27438279606065
142.1442928857856
142.1442928857856
142.27438279606065
142.1442928857856
142.1442928857856
142.27438279606065
142.1442928857856
142.1442928857856
142.27438279606065
142.27438279606065
142.27438279606065
142.41137595009747
142.27438279606065
142.27438279606065
141.4213562373095
141.4213562373095
142.41137595009747
142.55525244620065
142.41137595009747
142.55525244620065
142.55525244620065
142.55525244620065
142.55525244620065
142.86357128393507
142.70599146496969
142.86357128393507
141.8767070381886
142.70599146496969
142.86357128393507
141.8767070381886
141.718029904455
143.02796929272262
142.04224723651762
141.56623891309678
141.56623891309678
137.7679207943562
137.7679207943562
138.75518008348374
138.75518008348374
138.75518008348374
138.75518008348374
138.91724155050014
138.75518008348374
138.75518008348374
138.91724155050014
138.75518008348374
138.91724155050014
139.08630414242805
138.91724155050014
140.07141035914503
139.08630414242805
138.91724155050014
140.07141035914503
140.07141035914503
139.90353819685905
141.05672617780408
140.07141035914503
140.8900280360537
141.05672617780408
141.05672617780408
138.10141201305655
140.24621207005913
140.24621207005913
135.79396157414365
136.94524453225822
136.94524453225822
137.7679207943562
137.93114224133723
138.91724155050014
137.7679207943562
138.91724155050014
136.94524453225822
138.75518008348374
135.63554106501732
138.75518008348374
136.06616037795732
139.30183056945089
136.33048081775402
138.1774221788784
137.32079230764728
139.30183056945089
133.2216198670471
135.34031180694095
136.33048081775402
138.31124321616085
133.5065541462291
134.4953530795767
136.4734406395618
137.6117727521886
139.5886814895821
133.2216198670471
135.34031180694095
137.32079230764728
133.2216198670471
135.34031180694095
136.33048081775402
133.09019498069722
135.07405376311175
135.94484175576505
133.5065541462291
136.4734406395618
134.80726983364065
135.63554106501732
133.98880550254935
134.80726983364065
136.6235704408284
133.98880550254935
135.79396157414365
137.6117727521886
131.84839779079607
131.68523075880606
130.86252328302402
133.82077566656082
135.4843164355196
131.21356637177422
133.00375934536586
130.86252328302402
132.67252918370102
130.54118124178285
132.3706916201619
130.61871994473074
132.5943060617612
133.29009715654047
131.93274801958762
133.90388343883086
134.88976981224337
137.0301061810871
139.17345292835125
140.3362034544187
141.69421300815358
143.0742814065477
145.52662986546483
146.11296999240005
150.0966355385756
156.348968656656
159.05030650709227
165.13025161974412
171.0204666114556
173.1733235807409
179.25400971805345
180.42727066604982
192.35384061671346
196.1479033790573
205.65018842685265
208.88513590009222
218.55205329623422
222.0923231451281
227.16733920174352
231.24878378058554
236.4339231159522
238.53301658261063
244.88823981563507
252.60096991104368
262.89589194203853
269.64652788419136
277.83313337325336
289.024652927739
293.327888207037
300.2869461032231
307.45772067066395
324.9449953453661
328.27427556846425
336.23838269894173
349.15791556257176
345.5792239125495
358.7565330415601
366.6568559293553
362.6379048031245
362.70270194747656
366.7427572563636
362.18400019879397
360.4500658898539
360.7592687651975
358.8415388440976
354.89892927423716
357.9333038430484
357.0591687661864
358.3632933211771
360.34740182218604
362.40067604793455
363.10088129884787
371.59285515197945
368.79431937056734
368.44606118128064
366.363890142028
363.50859687220606
364.8732656690539
361.33433271694514
360.65842566062423
359.94235649614785
355.74499293735676
355.0246470317237
357.22611886590823
357.22611886590823
357.22611886590823
360.1423329740618
358.6816136910282
357.8051145526011
360.06180025101247
351.8074757591146
349.53182973800824
345.1238907986522
335.77745606279166
333.6023081454923
334.129465926009
328.86547401635215
327.3262898088084
322.89084843023966
322.1125579669318
322.1125579669318
323.6703569992161
317.4247942426678
319.7788298183606
316.01977786208255
316.8035668991118
313.37597227611434
314.95158358071484
315.74119148441815
307.9358699469745
308.7272258807117
310.3135511059741
310.50362316726677
315.3133362228753
312.9352968266763
312.5099998400051
317.14428892855693
314.70700659502324
318.2106220728654
329.0060789711947
328.40219244091537
331.602171283603
333.80383460949037
333.600059952033
339.60712595586097
343.2083915058022
342.80023337214925
345.48806057518107
353.7470847936418
355.9578626747835
358.16895454519783
358.41456443621263
363.0936518310393
367.2220036980355
375.2572450999447
373.31488049634453
379.984210198266
386.7040211841609
390.6161799004235
396.547601177967
400.52028662728185
403.0663717057031
408.17704492046096
411.59749756284964
418.28518979280153
422.5783950937388
426.88698738659156
431.21050543788937
435.5485047615248
441.6452196050581
449.08378950926294
452.5972271236314
452.5972271236314
452.5972271236314
436.5964956341267
422.6493818758049
423.51682375083993
421.16653475792685
406.2059206855557
395.4886218338019
378.00297617875975
365.536933838429
358.89866257761395
355.09470567723196
356.9331169841207
359.4833097655578
349.9103456601419
368.0125677201799
368.49592942120813
378.4101610686478
378.0148806594788
374.7082198191014
375.7399366583222
374.5564042971365
377.171711558542
380.996719145979
384.9759732762553
386.62449482669876
386.62449482669876
366.40210152235755
377.253893286736
379.64786315742646
354.8837837940753
363.5581108983817
366.2546928026998
357.34087367666183
346.51479044912355
333.95882979792583
328.9658036939402
320.97741353559445
293.7898909084518
296.1359485101395
315.9026748857945
317.5192907525462
315.9121713388074
314.66251762801363
316.6275414426231
315.9572755927611
316.29100524675056
316.29100524675056
314.6505998723028
315.70239150187
319.487871444285
319.12458382268204
323.45981203234504
331.86330017041655
339.3099615395929
341.62003746853026
321.30398379105105
322.66120002256235
330.6270557592043
341.220236797292
348.9401811199163
343.33693363808095
343.33693363808095
333.8701094737293
324.4044543467306
316.66741227982396
307.19903971204076
297.4798312491117
287.2981900395476
268.3789298734161
261.84967061273915
256.0864111974706
245.34720295939792
245.0617269179339
237.4010320112362
231.02002077742094
229.46295997393565
224.39307030298417
221.2080468699093
214.78593994952277
210.440015206234
210.79373804740976
205.01524333570907
206.50242129331076
200.0024999843752
201.16162655934158
192.3076961538461
193.53617232961903
186.92578741308006
186.92578741308006
187.33192466848783
185.50808607713034
185.01418864508744
184.1066267139779
183.2000272925744
183.2000272925744
183.2000272925744
190.0026315607234
193.94071259021402
193.94071259021402
200.0024999843752
202.2325394193526
208.16579930430456
207.23899247004653
211.322029140362
212.24985276791125
213.37759957408838
214.67184258770408
214.67184258770408
215.96759016111653
215.96759016111653
215.96759016111653
217.36432549983908
217.72976369803004
218.09917468894741
218.09917468894741
218.47253832003693
218.47253832003693
225.4245993675047
225.7725625491282
232.28484668613234
231.3401175758325
231.67056351638635
238.91054811372393
237.96270716227784
237.96270716227784
246.18336661927427
245.86835908672754
245.86835908672754
245.5570198548598
250.2943267435361
250.93076734430156
250.93076734430156
250.62172691129555
250.62172691129555
255.35514484732826
255.35514484732826
257.73047937719747
257.73047937719747
257.73047937719747
257.73047937719747
257.73047937719747
257.73047937719747
257.73047937719747
256.78006153126455
256.78006153126455
256.78006153126455
256.78006153126455
257.0933682536366
257.0933682536366
256.1444904736387
256.1444904736387
264.39364591457183
264.39364591457183
268.2088738278434
264.09278672466615
259.02316498722655
262.79459659589656
265.34694269955327
259.6324324887012
264.69794105734934
265.6501458685841
259.9423012901132
263.10454196003536
258.6774052753738
260.2556435507211
255.51516589040267
259.0
254.8921340488953
257.73047937719747
253.6178227175685
250.45558488482544
247.29334807066687
243.1810025474852
241.2819926973416
237.80664414603726
234.0299126180241
230.8679276123039
231.53401477968632
228.0372776543344
225.4245993675047
221.5789926865812
220.32759700046657
216.4330150416059
216.07695388448997
211.61580753809486
218.8498343613721
214.01460230554363
220.32759700046657
214.94243415389153
221.3170802265383
215.93343881853963
220.15505899252008
214.77022605566162
216.620059089642
212.5399962360026
207.53855063577947
202.93410260476182
198.3488089200437
192.87366331357944
193.5025839620753
187.19308213713455
181.2712056560556
182.7327283219949
176.80851223852318
170.89543586649702
172.44781819437438
167.50298504802834
161.67018896506553
165.7362362309462
160.79956467602764
156.32818044101967
153.7546747256811
148.3256552319928
140.0294611858519
136.84754290815746
117.77202554087282
99.74592723515082
80.66752754361572
81.1002466087496
75.63398706930634
77.19132075563937
77.73351915358008
76.60613552451265
76.52777273643864
76.52777273643864
75.2628726531216
81.28037893612455
79.19911615668448
81.99085314838479
79.69002446981679
85.73505700703768
86.81301745706112
86.96263565463043
90.87353850269065
91.0823802938856
92.04890004774636
93.68030742904295
90.10271915985666
89.96943925578285
92.37153241123588
94.58593975850745
90.56075308874148
91.58738996171907
94.16076677682696
95.3532904518769
91.55462850123963
89.06879363727792
95.1892851112981
96.13532129243653
97.12363255150623
99.62429422585637
100.96038827183659
100.96038827183659
99.46356116689167
98.47842403288143
100.40418317978589
96.46242791885346
97.12363255150623
95.50130889155395
93.25502667416916
98.37936775564275
89.24404742054229
85.8283170055198
87.56997202237763
88.61433292645158
84.50147927699254
83.68094167730189
80.62567829172043
79.76528066771908
80.99691352144228
75.71327492586752
78.7051459562842
75.79247983804198
77.77049569084667
77.40316530995356
74.80808779804494
74.15692819959575
72.10062413044703
73.85458685823109
75.2628726531216
73.09240726641858
70.86959855960805
73.3655232380987
70.53013540324447
71.15124735378853
65.83691973353552
68.28250141873832
63.94137940332536
52.52142420003479
48.5025772511111
43.34166586553867
37.98025802966588
39.12160528403711
35.531676008879735
36.30771267926417
38.451267859460756
41.692325432865935
38.2099463490856
47.01063709417264
49.193495504995376
44.721359549995796
41.82403615147634
42.290660907581
42.5
42.5
43.384905209070126
41.88078318274385
44.654227123532216
41.403502267320334
41.43971524998694
47.95049530505394
55.19284373902109
52.11765535785354
51.27621280866987
51.27621280866987
51.44171459039833
52.974050251042726
53.30337700371338
56.879258082362504
56.14712815451918
58.8430114796991
54.33691194758863
56.004464107783406
56.87266478722445
57.76244454660831
57.76244454660831
56.26944108483752
55.509008277936296
52.53808142671371
52.53808142671371
52.690131903421914
52.86066590575643
54.03008421240892
56.189411813970786
56.97587208634897
52.690131903421914
55.9933031710043
55.01136246267674
57.786244037833086
54.7220248163388
52.2733201547405
52.54046059942756
52.99528280894442
55.70008976653449
56.39592183837409
51.56064390598706
51.58003489723519
53.44623466625128
53.781967238099426
55.03180898353242
55.70008976653449
51.90857347298228
52.502380898393554
56.572961739686214
57.03069349043548
53.44623466625128
54.33691194758863
54.79507277118993
56.12931497889494
53.033008588991066
54.39209501388966
55.753923628745625
57.118298293979315
51.46357935472425
53.688918782184466
55.394043001030354
52.15841255253078
53.52102390649865
55.2675311552814
50.08492787256461
51.79285665031424
53.033008588991066
51.46357935472425
52.15841255253078
54.226377345347345
54.886246000250374
55.2675311552814
56.12931497889494
52.00480747007915
52.65453446760307
50.08492787256461
51.288400248009296
53.033008588991066
50.62114182829147
52.31156659860226
52.65453446760307
49.52272205765753
49.78453575157651
51.15173506343651
51.30789412946121
50.91659847240387
49.11720676097125
49.52272205765753
51.92783453986888
51.50242712727236
50.62114182829147
53.10837975310488
51.92783453986888
53.2024435529046
51.92783453986888
54.46558546458488
52.44520950477746
54.46558546458488
52.44520950477746
57.29310604252487
56.572961739686214
57.34544445725397
55.87933428379404
56.67892024377317
54.46558546458488
60.36969438385455
58.090446718888295
60.518592184551025
58.96185207403173
65.33375850201793
62.90071541723512
63.12289600454022
61.50203248673982
60.518592184551025
69.51618516575834
69.11222757226105
72.10062413044703
71.7669840525572
70.88370757797591
75.51489919214617
75.22300180131074
75.70006605016934
76.13474896523925
74.5821694508815
72.95546586788409
77.54031209635411
76.63223864666881
75.7792847683323
81.75879157619687
80.98456643089472
80.10305861825752
79.35048834128244
77.3983203952127
77.3983203952127
77.3983203952127
70.74249076757194
69.3000721500346
63.075351762792415
63.075351762792415
61.14327436439759
62.325757115337154
61.14327436439759
61.14327436439759
57.29310604252487
56.76706791793989
57.118298293979315
58.48504082241885
58.86000339789321
59.26634795564849
59.26634795564849
56.360447123847415
56.004464107783406
55.664171600770274
54.31620384378864
56.18051263561058
54.11330705103875
53.956000593075835
55.210959057056776
63.08922253443927
58.105507484230785
59.60075502877459
59.11429607125505
56.30719314616917
61.53454314448105
0.0
