7.0710678118654755
9.055385138137417
10.04987562112089
10.198039027185569
11.180339887498949
11.045361017187261
12.041594578792296
12.165525060596439
12.165525060596439
12.165525060596439
13.152946437965905
13.152946437965905
14.080127840328723
14.713938969562161
14.713938969562161
14.430869689661812
15.652475842498529
17.334935823359714
15.008331019803634
17.4928556845359
17.240939649566666
16.15549442140351
17.92344832893492
15.532224567009067
15.692354826475215
14.422205101855956
12.103718436910205
12.619429464123963
11.661903789690601
14.0089257261219
10.547511554864494
11.926860441876563
14.300349646075091
14.5
13.892443989449804
15.953056133543816
13.647344063956181
11.412712210513327
11.926860441876563
11.423659658795863
11.423659658795863
9.604686356149273
10.124228365658293
9.219544457292887
10.124228365658293
12.419742348374221
11.40175425099138
10.307764064044152
13.313526955694348
11.10180165558726
10.594810050208546
8.54400374531753
10.062305898749054
10.965856099730654
11.884864324004713
11.423659658795863
14.326548781894402
13.92838827718412
12.747548783981962
13.0
12.093386622447824
12.529964086141668
12.206555615733702
10.965856099730654
12.206555615733702
10.51189802081432
12.349089035228468
12.539936203984453
12.020815280171307
13.756816492197604
14.230249470757707
13.416407864998739
12.175795661885921
9.617692030835672
11.236102527122116
11.423659658795863
12.083045973594572
10.920164833920778
6.708203932499369
8.602325267042627
7.433034373659253
8.246211251235321
9.12414379544733
7.0178344238090995
10.307764064044152
12.747548783981962
12.509996003196804
10.977249200050075
10.062305898749054
10.735455276791944
7.0710678118654755
7.7781745930520225
8.139410298049853
7.905694150420948
10.44030650891055
10.793516572461451
11.280514172678478
13.416407864998739
10.770329614269007
14.534441853748634
12.349089035228468
11.704699910719626
12.349089035228468
10.51189802081432
10.04987562112089
11.5
10.111874208078342
11.01135777277262
9.5524865872714
10.062305898749054
10.594810050208546
11.180339887498949
9.7082439194738
10.111874208078342
11.180339887498949
8.73212459828649
8.860022573334675
13.92838827718412
15.435349040433131
14.115594213493104
12.776932339180638
13.209844813622906
13.200378782444085
10.51189802081432
9.300537618869138
9.192388155425117
9.82344135219425
8.860022573334675
9.82344135219425
6.946221994724902
9.513148795220223
11.672617529928752
7.0178344238090995
9.055385138137417
6.576473218982953
7.433034373659253
8.73212459828649
7.632168761236874
10.124228365658293
9.219544457292887
10.793516572461451
9.962429422585638
5.408326913195984
8.276472678623424
8.5
4.6097722286464435
4.301162633521313
5.1478150704935
4.272001872658765
5.70087712549569
6.18465843842649
6.020797289396148
3.0413812651491097
7.566372975210778
6.576473218982953
5.385164807134504
8.73212459828649
7.158910531638177
7.211102550927978
8.73212459828649
12.5
12.36931687685298
14.807092894960848
10.307764064044152
11.76860229593982
7.3824115301167
10.594810050208546
10.920164833920778
11.40175425099138
9.486832980505138
11.423659658795863
7.905694150420948
10.44030650891055
12.539936203984453
11.40175425099138
13.0862523283024
12.093386622447824
14.142135623730951
13.729530217745982
11.40175425099138
11.045361017187261
10.688779163215974
13.647344063956181
11.76860229593982
12.658988901172163
9.5
10.012492197250394
13.038404810405298
12.589678312014172
13.0
13.038404810405298
11.10180165558726
9.013878188659973
9.013878188659973
12.041594578792296
11.045361017187261
10.0
10.111874208078342
10.04987562112089
10.51189802081432
11.510864433221338
11.5
10.111874208078342
11.045361017187261
13.152946437965905
13.238202294873727
12.854960132182441
14.705441169852742
15.508062419270823
15.890248582070704
14.221462653327892
18.5
17.11724276862369
17.10263137648707
16.347782724271816
15.692354826475215
11.10180165558726
8.077747210701755
8.246211251235321
10.062305898749054
12.36931687685298
12.747548783981962
14.560219778561036
16.91892431568863
8.54400374531753
10.977249200050075
9.617692030835672
12.854960132182441
11.280514172678478
10.688779163215974
12.747548783981962
11.067971810589327
11.40175425099138
13.46291201783626
10.920164833920778
12.257650672131263
12.175795661885921
12.175795661885921
12.083045973594572
14.577379737113251
15.435349040433131
12.649110640673518
13.200378782444085
12.816005617976296
12.971121771072847
13.946325680981353
13.656500283747663
13.656500283747663
15.116216457830975
14.300349646075091
16.101242188104617
17.69180601295413
18.062391868188442
18.506755523321747
20.0
25.04495957273639
25.268557536986556
25.739075352467502
23.942639787625758
23.753947040439407
22.847319317591726
22.638462845343543
20.796634343085422
20.35313243704762
22.147234590350102
21.095023109728988
22.825424421026653
22.360679774997898
25.71478174124758
22.38861317723811
24.82438317461282
21.66217902243447
24.596747752497688
21.242645786248
24.186773244895647
23.323807579381203
24.186773244895647
22.638462845343543
23.50531854708632
22.588713996153036
22.588713996153036
22.360679774997898
23.03258561256204
21.95449840010015
23.753947040439407
21.95449840010015
20.40833163195855
19.474342094150447
19.29378138157474
18.7949461292125
20.0
17.88854381999832
18.601075237738275
18.867962264113206
22.20923231451281
22.588713996153036
24.964975465639856
24.596747752497688
25.387004549572207
26.386549603917523
23.942639787625758
24.698178070456937
23.50531854708632
23.50531854708632
22.051077071199945
24.698178070456937
25.700194551792794
25.30316185775999
24.70323865407125
23.50531854708632
24.27447218787671
26.911893281595777
27.060118255469618
25.283393759541063
28.88771365130858
28.324018076537094
24.351591323771842
21.70829334609241
22.610838109190027
23.96351393264352
22.47220505424423
20.248456731316587
23.119256043393783
22.38861317723811
22.14158982548453
20.615528128088304
24.423349483639626
23.259406699226016
21.828879952943073
20.8806130178211
21.840329667841555
21.828879952943073
22.14158982548453
22.638462845343543
22.594247055390007
26.669270706189174
27.77138815399763
27.95084971874737
32.25678223257862
31.148836254345042
31.80015723231569
32.28002478313795
29.261749776799064
29.80771712157776
30.37268509697488
28.02231253840411
27.518175811634027
25.46075411294803
26.92582403567252
25.347583711273153
25.46075411294803
22.847319317591726
24.150569351466643
20.359273071502333
22.638462845343543
22.901964981197573
23.43608329051593
25.51960031034969
26.419689627245813
25.51960031034969
27.3221521846285
24.08318915758459
25.612496949731394
23.04886114323222
26.100766272276374
22.5
22.5
22.38861317723811
16.560495161679196
16.1245154965971
17.414074767267998
17.204650534085253
17.92344832893492
18.027756377319946
17.334935823359714
18.117670931993437
18.721645226849056
16.64331697709324
14.212670403551895
15.0
15.20690632574555
17.334935823359714
16.32482771731451
18.200274723201296
17.4928556845359
17.10263137648707
15.700318468107582
17.5
18.741664813991314
18.034688796871432
19.448650338776723
20.554804791094465
21.569654610122992
19.448650338776723
18.82153022471871
20.506096654409877
22.638462845343543
20.700241544484452
21.005951537600005
20.303940504246953
19.912307751739878
20.248456731316587
19.60229578391266
19.83053201505194
21.914607000811127
19.90602923739438
21.02974084481309
18.7949461292125
18.66815470259447
21.07723890835799
22.38861317723811
22.847319317591726
22.38861317723811
20.35313243704762
19.313207915827967
20.155644370746373
22.147234590350102
19.697715603592208
19.4164878389476
20.0
22.20360331117452
22.38861317723811
19.83053201505194
20.573040611440984
20.796634343085422
20.155644370746373
19.67866865415443
19.981241202688086
21.50581316760657
21.66217902243447
24.12985702402731
23.119256043393783
20.81465829649865
23.56374333589636
22.299103120977758
22.360679774997898
24.150569351466643
23.706539182259394
26.196373794859472
21.360009363293827
18.848076824970764
20.426698215815495
21.02974084481309
20.591260281974
16.80773631397161
19.60867155112758
18.12456896039186
18.66815470259447
22.655021518418383
18.580904176062045
20.248456731316587
21.73131381210073
19.72308292331602
21.93171219946131
21.73131381210073
19.03943276465977
18.34393632784414
17.10263137648707
19.448650338776723
17.392527130926087
19.924858845171276
17.92344832893492
20.26079958935481
19.78004044485248
19.78004044485248
19.60867155112758
21.10094784600919
21.47673159491453
23.243278598338918
23.119256043393783
23.04886114323222
21.70829334609241
22.192341021172147
23.769728648009426
23.926972228010797
23.259406699226016
23.96351393264352
23.119256043393783
23.96351393264352
24.38237068047322
21.982947936980608
24.23324163210527
25.079872407968907
25.480384612481814
27.115493725912497
27.313000567495326
26.277366686941825
26.580067720004024
25.709920264364882
27.681221071332818
28.692333470807146
29.832867780352597
28.50438562747845
30.675723300355934
29.567718883945037
28.324018076537094
28.324018076537094
27.577164466275352
33.28663395418648
33.421549934136806
33.421549934136806
30.220026472523152
35.38361202590826
37.12478956169314
35.4682957019364
37.90118731649445
39.408120990476064
43.41658669218482
45.27692569068709
48.654393429576324
51.090605790105876
48.9004089962446
51.58003489723519
52.06966487312935
50.74692108887001
46.15463140357639
47.28900506460249
50.30159043211258
53.075418038862395
56.97587208634897
73.35529974037323
79.8655119560377
70.91015442092902
62.83510165504628
60.38418667167755
58.619535992704684
53.21888762460185
50.766622893393254
53.47195526628889
51.237193521893836
51.655106233556424
49.20619879649311
47.877447718106275
46.238512086787566
48.541219597369
49.01530373260988
48.23121395942673
50.1422975141746
52.20153254455275
50.480194135918296
44.99444410146657
46.57252408878007
46.446205442425544
46.22228899567826
47.18315377335432
51.53882032022076
50.34381789256751
50.21951811795888
49.1350180624776
49.84475900232641
49.03060268852505
47.67074574621211
53.48130514488217
53.75872022286245
55.731499172371095
53.033008588991066
54.09482415166907
55.939699677420506
56.99561386633186
56.67892024377317
55.61025085359713
60.13318551349163
58.01939330947886
60.79679267856159
59.033888572581766
59.508402768012516
58.01939330947886
57.554322166106694
60.70625997374571
59.75366097570926
61.573127255321374
63.12685640834652
64.62391198310421
61.094189576423716
60.90361237233798
61.5995129850878
61.1657583947097
60.79679267856159
60.53304882458838
58.67282164682384
62.09871174187111
62.59792328823697
58.553394436189606
60.01874707122767
59.53360395608517
58.51922760939348
57.51956188984753
56.60830327787612
60.01874707122767
60.03332407921454
65.00192304847603
62.54998001598402
62.50799948806552
59.508402768012516
60.508263898413084
59.052942348370756
57.5086949947571
58.57687256929991
58.077534382926416
57.05479822065801
60.16851336039474
60.10199663904686
61.10032733136542
59.602852280742404
58.502136713115014
58.42088667591412
59.669925423114115
56.87266478722445
56.720807469569756
55.38275905008706
55.724770075793046
55.111251119893836
51.06123774449656
51.29571132170798
52.55949010407159
50.53958844312051
50.12235030403104
49.563091106185055
46.5
45.224440295044005
45.044422518220834
46.04345773288535
45.33486517019765
45.39823785126467
43.289721643826724
41.743262929483606
39.654760117796705
35.503520952153465
30.103986446980738
30.103986446980738
31.064449134018133
33.03407331831786
36.718523935474316
40.152833025827704
43.846322536787504
47.00265949922408
51.15662224971465
54.389796837274545
56.5
53.26584271369411
51.198144497628036
42.14558102577303
42.79310692155922
39.777506206397604
41.11265012134343
42.720018726587654
43.54595273960601
39.42714800743264
40.30198506277327
38.658763560155414
40.512343797909296
39.01281840626232
40.50308630215727
43.142206712220926
42.2965719651132
42.50294107470682
43.02615483633182
39.51265620026069
39.528470752104745
40.577087130546964
43.01162633521314
41.512046444375635
43.01162633521314
44.02556075736003
46.71723450719231
44.50280890011326
47.13013897709193
46.13296001775737
46.09772228646444
45.27692569068709
44.02556075736003
45.63441683641854
45.069390943299865
45.17742799230607
43.52585438564073
43.57177985806869
44.50280890011326
44.04543109109048
42.1070065428546
43.142206712220926
40.37635446644484
43.51149273467873
43.02615483633182
44.0
43.502873468312416
42.52646234992984
44.10215414239989
42.50294107470682
42.00297608503474
43.502873468312416
44.0028408173836
46.09772228646444
47.510525149697095
47.510525149697095
46.56715580750021
48.52319033204639
47.02393007820593
47.502631506054485
47.00265949922408
46.0
46.51075144523038
45.0
46.02445002387318
47.502631506054485
48.00260409602796
44.50280890011326
45.510987684294435
46.010868281309364
46.502688094345686
46.5
44.51123453691214
44.60100895719737
46.010868281309364
45.0111097397076
46.502688094345686
49.1248409666637
46.63153439465616
47.095647357266465
48.06506007486103
48.21047603996459
47.447339229929426
48.06506007486103
47.67598976424087
46.5966737010272
45.33486517019765
44.10215414239989
44.83859944289072
44.83859944289072
46.63153439465616
48.25453346577915
48.34511350695125
48.0130190677487
45.83121207212395
46.45696933722647
47.762432936357
48.34511350695125
50.44799302251776
50.62114182829147
46.56715580750021
48.31407662369219
49.36598018878993
47.59464255564905
50.98284025042151
48.25971404805462
47.16990566028302
48.25971404805462
47.668123520860355
48.66466890876789
48.708315511830214
48.373546489791295
47.877447718106275
49.1553659329274
47.877447718106275
47.59464255564905
48.81085944746312
48.507731342539614
49.20619879649311
48.373546489791295
48.58240422210494
49.64876634922564
49.23921201644072
48.83646178829912
50.064957804835906
48.83646178829912
51.54852083231875
51.78802950489621
53.033008588991066
53.64000372856064
52.55949010407159
53.3970972993851
53.89341332667657
54.7220248163388
53.36665625650534
54.405882034941776
55.03180898353242
54.405882034941776
52.6806416058119
52.974050251042726
53.781967238099426
54.23329235810785
53.64000372856064
53.16013544000805
54.817880294662984
55.84129296497351
56.61271941887264
54.57105459856901
55.986605540968455
56.8000880281008
57.28001396647874
58.33095233235953
56.879258082362504
57.623779813545724
57.142366069318484
56.526542438044096
56.61271941887264
55.1837838499681
56.13599558215744
54.55501810099599
54.70831746635972
53.45091205957107
54.740295943664755
54.07864643276494
53.44623466625128
53.02122216622322
53.45091205957107
53.30337700371338
53.781967238099426
52.974050251042726
54.07864643276494
54.817880294662984
54.08558033339386
0.0
