3.605551275463989
3.605551275463989
3.605551275463989
3.605551275463989
3.605551275463989
3.605551275463989
3.605551275463989
3.605551275463989
3.605551275463989
3.605551275463989
3.605551275463989
2.8284271247461903
3.605551275463989
3.605551275463989
3.605551275463989
6.0
2.8284271247461903
4.242640687119285
4.272001872658765
5.1478150704935
7.648529270389178
8.139410298049853
8.0156097709407
8.381527307120106
8.139410298049853
6.5
7.648529270389178
23.50531854708632
27.101660465735304
27.064737205448715
26.65520587052368
27.577164466275352
29.09467305195231
30.700162866017504
31.535694062442957
32.63816784073518
33.5
32.50384592629001
31.535694062442957
30.20347662107791
28.53506614676055
26.476404589747453
26.476404589747453
26.476404589747453
22.80350850198276
21.18962010041709
23.021728866442675
24.520399670478458
23.90083680543424
22.901964981197573
21.783020910791965
21.783020910791965
20.40833163195855
19.45507645834372
21.27204738618265
20.359273071502333
18.5
20.248456731316587
21.73131381210073
25.46075411294803
20.81465829649865
23.243278598338918
25.83118270617898
28.02231253840411
28.98706608127149
28.74456470360962
29.516944286290883
30.5
30.696090956341656
28.74456470360962
27.55449146690971
28.359301824974466
27.55449146690971
30.01666203960727
32.035136959282696
32.035136959282696
31.016124838541646
31.016124838541646
31.016124838541646
31.144823004794873
28.861739379323623
27.51363298439521
28.429737951659
26.21545345783666
24.20743687382041
23.430749027719962
23.753947040439407
23.04886114323222
21.639085008382402
22.299103120977758
24.41823089414956
24.45914961727002
24.9098374141623
24.545875417267155
18.34393632784414
22.85278976405288
22.699118925632334
19.60229578391266
22.14158982548453
24.12985702402731
24.12985702402731
25.124689052802225
24.046829312822098
25.124689052802225
25.124689052802225
26.30589287593181
26.476404589747453
26.9675731203236
25.985572920372565
26.196373794859472
22.321514285549714
22.80350850198276
22.80350850198276
23.04886114323222
21.242645786248
22.5
22.276669409945463
23.04886114323222
23.04886114323222
23.04886114323222
26.537709019431198
26.1725046566048
25.104780421266383
24.45914961727002
23.200215516240362
22.38861317723811
21.914607000811127
21.07723890835799
18.741664813991314
21.592822881689184
23.632604596192948
21.644860821913362
23.13547060251855
16.492422502470642
20.8806130178211
20.554804791094465
19.96246477767713
19.45507645834372
19.557607215607945
20.700241544484452
19.72308292331602
20.248456731316587
19.72308292331602
18.35755975068582
20.081085628023203
18.34393632784414
20.130822139197395
21.10094784600919
19.448650338776723
19.448650338776723
18.34393632784414
19.03943276465977
19.448650338776723
20.248456731316587
21.982947936980608
9.7082439194738
12.083045973594572
12.539936203984453
13.285330255586423
12.349089035228468
12.776932339180638
11.661903789690601
11.629703349613008
12.083045973594572
11.629703349613008
11.853269591129697
12.349089035228468
12.529964086141668
14.221462653327892
14.430869689661812
13.729530217745982
13.946325680981353
13.341664064126334
14.221462653327892
13.341664064126334
13.285330255586423
13.238202294873727
14.230249470757707
12.175795661885921
12.165525060596439
12.419742348374221
10.63014581273465
8.94427190999916
8.06225774829855
8.5
12.093386622447824
10.816653826391969
13.45362404707371
14.916433890176299
13.901438774457844
15.305227865013967
14.866068747318506
14.534441853748634
15.556349186104045
15.556349186104045
15.945218719101975
15.239750654128171
14.212670403551895
15.572411502397436
14.603081866510234
14.705441169852742
12.619429464123963
8.06225774829855
6.708203932499369
6.800735254367722
12.806248474865697
8.381527307120106
8.139410298049853
9.617692030835672
15.913830462839549
14.849242404917497
15.20690632574555
15.239750654128171
16.62077013859466
16.32482771731451
16.650825805346713
14.534441853748634
14.866068747318506
14.5
13.45362404707371
13.45362404707371
11.672617529928752
11.715374513859981
13.509256086106296
14.300349646075091
12.5
10.700467279516348
10.700467279516348
10.700467279516348
10.965856099730654
9.192388155425117
9.5524865872714
8.139410298049853
8.514693182963201
8.845903006477066
7.905694150420948
5.408326913195984
4.924428900898052
11.926860441876563
11.180339887498949
13.200378782444085
11.543396380615196
11.543396380615196
8.860022573334675
8.73212459828649
8.077747210701755
6.5
4.716990566028302
5.0
6.800735254367722
9.5524865872714
10.012492197250394
10.51189802081432
12.010412149464313
8.860022573334675
8.902246907382429
8.5
9.604686356149273
8.48528137423857
10.0
11.40175425099138
11.10180165558726
10.0
8.845903006477066
8.845903006477066
10.770329614269007
14.422205101855956
12.529964086141668
12.747548783981962
10.735455276791944
11.884864324004713
11.067971810589327
10.124228365658293
8.860022573334675
10.793516572461451
9.617692030835672
9.82344135219425
11.236102527122116
12.093386622447824
12.206555615733702
12.649110640673518
10.688779163215974
12.175795661885921
9.433981132056603
6.946221994724902
4.272001872658765
3.1622776601683795
8.246211251235321
6.082762530298219
6.576473218982953
9.192388155425117
12.206555615733702
12.206555615733702
12.619429464123963
17.804493814764857
17.804493814764857
17.804493814764857
18.200274723201296
17.72004514666935
18.439088914585774
15.787653403846944
16.62077013859466
13.729530217745982
14.089002803605371
15.008331019803634
15.116216457830975
16.3783393541592
16.91892431568863
18.506755523321747
18.439088914585774
18.034688796871432
18.062391868188442
18.506755523321747
19.60229578391266
24.12985702402731
25.238858928247925
26.627053911388696
28.040149785619906
27.35415873317986
28.71410803072246
29.300170647967224
29.60152023123137
27.721832551258224
30.054117854297438
33.354160160315836
35.04639781775011
34.311076928595526
34.677081768799404
35.36240942017385
36.5
35.75262228144951
36.830693721405794
34.38386249390839
34.713109915419565
35.0891721190455
34.38386249390839
33.24154027718932
31.51586901863885
31.56342820417326
30.479501308256342
31.184932259025352
30.103986446980738
27.101660465735304
26.953663943887108
25.544079548889602
25.544079548889602
25.700194551792794
22.726636354727024
22.638462845343543
20.862646045025066
20.506096654409877
20.155644370746373
22.638462845343543
22.67156809750927
23.30772404161333
21.592822881689184
22.983689869122408
21.965882636488796
22.983689869122408
22.726636354727024
22.726636354727024
23.04886114323222
21.50581316760657
22.41093483101497
25.10975905897944
25.739075352467502
25.268557536986556
23.926972228010797
23.42007685726074
19.96246477767713
17.67766952966369
21.552262062252307
18.66815470259447
18.828170383762732
18.560711193270585
19.557607215607945
19.50640920313116
23.03258561256204
26.16295090390226
28.88771365130858
30.20761493398643
24.9899979991996
24.13503677229434
25.894014752448104
28.71410803072246
28.71410803072246
29.706901555025897
28.71410803072246
30.008332176247315
30.20761493398643
29.025850547399983
29.025850547399983
27.865749586185547
28.71410803072246
29.706901555025897
27.721832551258224
27.721832551258224
29.53811097548386
26.1725046566048
26.0
24.08318915758459
24.08318915758459
22.090722034374522
22.360679774997898
23.53720459187964
25.179356624028344
23.0
22.0
22.02271554554524
25.179356624028344
28.071337695236398
27.018512172212592
25.019992006393608
26.019223662515376
25.019992006393608
25.079872407968907
25.019992006393608
25.179356624028344
26.1725046566048
26.1725046566048
24.515301344262525
23.53720459187964
26.476404589747453
24.515301344262525
22.360679774997898
21.213203435596427
23.08679276123039
23.194827009486403
23.194827009486403
23.08679276123039
24.020824298928627
25.019992006393608
25.079872407968907
26.019223662515376
20.615528128088304
13.038404810405298
14.0
12.36931687685298
12.36931687685298
11.40175425099138
12.649110640673518
13.038404810405298
12.083045973594572
11.180339887498949
11.180339887498949
11.180339887498949
11.180339887498949
11.180339887498949
5.656854249492381
1.4142135623730951
18.439088914585774
23.08679276123039
26.076809620810597
27.073972741361768
27.073972741361768
27.073972741361768
4.242640687119285
10.0
8.54400374531753
7.615773105863909
7.615773105863909
7.615773105863909
9.486832980505138
9.486832980505138
7.615773105863909
8.54400374531753
7.615773105863909
9.486832980505138
3.1622776601683795
3.0
21.587033144922902
25.317977802344327
26.30589287593181
27.294688127912362
28.284271247461902
0.0
