9.486832980505138
8.246211251235321
12.649110640673518
12.649110640673518
11.704699910719626
13.124404748406688
14.773286702694158
16.560495161679196
15.337861650177967
17.44276354251241
16.101242188104617
15.890248582070704
17.219175357722563
15.443445211480501
17.334935823359714
14.577379737113251
15.953056133543816
13.729530217745982
15.116216457830975
15.890248582070704
14.577379737113251
16.80773631397161
14.115594213493104
12.298373876248844
9.340770846134703
11.853269591129697
11.672617529928752
9.013878188659973
10.259142264341596
10.404326023342406
11.800423721205947
11.01135777277262
8.845903006477066
9.86154146165801
11.236102527122116
10.735455276791944
8.54400374531753
10.547511554864494
10.920164833920778
10.111874208078342
10.307764064044152
12.816005617976296
11.884864324004713
12.816005617976296
13.200378782444085
9.656603957913983
11.280514172678478
9.12414379544733
11.543396380615196
11.543396380615196
11.280514172678478
10.307764064044152
12.257650672131263
11.543396380615196
13.756816492197604
11.543396380615196
11.884864324004713
11.10180165558726
11.715374513859981
13.124404748406688
13.892443989449804
12.083045973594572
11.661903789690601
10.770329614269007
11.704699910719626
10.44030650891055
8.54400374531753
9.486832980505138
10.44030650891055
12.083045973594572
10.295630140987
12.083045973594572
12.083045973594572
10.770329614269007
11.180339887498949
10.770329614269007
9.486832980505138
9.486832980505138
9.219544457292887
9.0
10.295630140987
9.848857801796104
11.180339887498949
11.180339887498949
11.704699910719626
10.770329614269007
11.180339887498949
11.40175425099138
11.40175425099138
10.816653826391969
13.038404810405298
8.94427190999916
10.295630140987
11.661903789690601
9.433981132056603
8.54400374531753
10.44030650891055
12.0
13.341664064126334
9.219544457292887
13.038404810405298
14.142135623730951
11.045361017187261
9.055385138137417
10.44030650891055
13.341664064126334
13.238202294873727
14.080127840328723
15.008331019803634
14.430869689661812
13.238202294873727
15.20690632574555
14.430869689661812
16.3783393541592
16.62077013859466
18.553975315279473
16.91892431568863
14.115594213493104
14.534441853748634
13.200378782444085
13.238202294873727
14.035668847618199
13.341664064126334
13.341664064126334
13.341664064126334
16.15549442140351
15.660459763365825
15.008331019803634
17.066048165876012
15.20690632574555
16.070158679988197
16.00781059358212
17.00735135169495
17.00735135169495
16.00781059358212
12.010412149464313
13.009611831257688
14.0089257261219
15.008331019803634
13.46291201783626
17.00735135169495
12.5
16.00781059358212
16.00781059358212
19.1637678967368
17.066048165876012
15.008331019803634
16.00781059358212
15.008331019803634
15.008331019803634
12.093386622447824
13.0862523283024
15.008331019803634
15.402921800749363
15.402921800749363
17.356554957709783
15.20690632574555
13.238202294873727
16.3783393541592
19.1637678967368
20.155644370746373
17.11724276862369
14.0
15.0
15.508062419270823
16.507574019219177
15.508062419270823
18.66815470259447
18.560711193270585
18.506755523321747
16.867127793433
18.66815470259447
17.7341478509682
18.66815470259447
17.67766952966369
17.240939649566666
17.67059704707229
18.117670931993437
15.008331019803634
18.580904176062045
16.77050983124842
16.3783393541592
18.117670931993437
16.3783393541592
16.3783393541592
17.066048165876012
13.901438774457844
16.3783393541592
15.88238017426859
16.91892431568863
15.532224567009067
16.710774967068403
16.00781059358212
16.00781059358212
16.32482771731451
17.902513789968157
15.700318468107582
15.953056133543816
15.443445211480501
21.213203435596427
19.4164878389476
21.965882636488796
20.554804791094465
23.50531854708632
22.726636354727024
22.726636354727024
21.783020910791965
21.50581316760657
19.557607215607945
22.638462845343543
19.81161275615895
21.224985276791124
19.81161275615895
21.319005605327842
17.69180601295413
20.518284528683193
18.384776310850235
17.804493814764857
16.278820596099706
17.69180601295413
19.1049731745428
19.1049731745428
19.209372712298546
22.20360331117452
20.615528128088304
23.58495283014151
25.51960031034969
23.323807579381203
24.698178070456937
23.853720883753127
22.825424421026653
22.47220505424423
23.853720883753127
23.600847442411894
22.20360331117452
23.021728866442675
24.20743687382041
22.47220505424423
21.633307652783937
22.80350850198276
19.209372712298546
20.615528128088304
20.518284528683193
20.615528128088304
19.849433241279208
21.400934559032695
21.93171219946131
19.4164878389476
20.0
20.670026608594387
18.33712082089225
15.231546211727817
16.76305461424021
19.6468827043885
17.46424919657298
19.4164878389476
20.223748416156685
20.71834935510066
22.610838109190027
23.286262044390035
25.675864152935535
25.5
24.545875417267155
23.50531854708632
29.516944286290883
26.669270706189174
28.77933286231632
30.76117683054405
31.51586901863885
29.920728600754362
31.894356867634123
30.103986446980738
32.76049450176233
33.04920573932148
31.815876539866068
32.684093990808435
35.79455265819088
38.91336531321854
35.0891721190455
35.79455265819088
35.9339672176619
36.21118611699981
36.28015986734347
33.80088756231114
31.567388235329194
32.07023542164915
33.80088756231114
32.42298567374695
32.42298567374695
32.882366094914765
31.084562084739105
31.084562084739105
30.663496212923928
31.988279103446626
32.5
29.516944286290883
29.516944286290883
28.622543562723422
29.516944286290883
30.41792234851026
31.32491021535417
31.815876539866068
32.931747600150224
29.841246622753548
32.59601202601324
29.546573405388315
29.295904150580505
28.853076092507017
28.622543562723422
29.75315109362368
32.89756829919196
29.966648127543394
33.15493930020081
32.65348373451139
35.0891721190455
36.28015986734347
33.55964838909967
34.438350715445125
34.0
34.48187929913333
34.438350715445125
34.0147027033899
35.84689665786984
36.76955262170047
36.00694377477767
39.147158262126766
40.92065493122025
43.617656975128774
39.19502519453202
40.929817981515626
41.0396150079408
40.512343797909296
38.69431482789171
37.88469347902923
34.73110997362451
34.311076928595526
30.84234102658227
28.376927247325423
25.811818998280614
24.026027553467927
22.20360331117452
23.194827009486403
18.24828759089466
22.360679774997898
20.024984394500787
20.09975124224178
21.587033144922902
18.439088914585774
17.67766952966369
17.10263137648707
16.446884203398525
15.443445211480501
14.089002803605371
12.103718436910205
14.089002803605371
13.435028842544403
13.209844813622906
12.747548783981962
12.747548783981962
16.32482771731451
15.945218719101975
16.3783393541592
16.347782724271816
21.242645786248
18.867962264113206
18.788294228055936
19.313207915827967
22.135943621178654
25.632011235952593
22.135943621178654
22.38861317723811
21.360009363293827
21.224985276791124
20.12461179749811
18.681541692269406
18.681541692269406
20.40833163195855
18.179658962697843
19.235384061671343
17.44276354251241
19.4164878389476
16.64331697709324
17.029386365926403
16.710774967068403
16.650825805346713
16.97056274847714
16.98528775146303
14.5
10.965856099730654
11.715374513859981
13.793114224133722
13.0862523283024
11.926860441876563
12.5
10.259142264341596
10.062305898749054
9.656603957913983
10.307764064044152
10.111874208078342
10.111874208078342
12.257650672131263
15.532224567009067
11.884864324004713
13.313526955694348
13.901438774457844
13.313526955694348
14.705441169852742
14.534441853748634
13.647344063956181
13.200378782444085
13.200378782444085
10.965856099730654
14.534441853748634
13.901438774457844
12.816005617976296
12.5
12.257650672131263
12.816005617976296
13.313526955694348
11.543396380615196
11.543396380615196
11.412712210513327
10.012492197250394
10.307764064044152
11.01135777277262
11.01135777277262
12.093386622447824
13.009611831257688
12.816005617976296
12.093386622447824
14.142135623730951
14.035668847618199
12.0
13.0
12.041594578792296
11.280514172678478
8.139410298049853
5.024937810560445
8.381527307120106
9.12414379544733
6.18465843842649
10.012492197250394
9.013878188659973
11.40175425099138
9.848857801796104
8.54400374531753
8.06225774829855
12.806248474865697
12.5
12.379418403139947
13.82931668593933
14.603081866510234
15.692354826475215
14.326548781894402
14.603081866510234
15.239750654128171
15.402921800749363
13.46291201783626
12.971121771072847
19.144189719076646
17.67766952966369
17.7341478509682
16.98528775146303
16.32482771731451
15.443445211480501
15.443445211480501
15.953056133543816
16.32482771731451
18.117670931993437
16.91892431568863
17.5
17.356554957709783
16.710774967068403
17.5
17.327723451163457
17.5
18.309833423600555
17.029386365926403
20.518284528683193
19.448650338776723
16.710774967068403
17.356554957709783
18.117670931993437
18.741664813991314
18.82153022471871
19.235384061671343
19.235384061671343
18.7949461292125
19.448650338776723
22.073740054644116
22.073740054644116
24.520399670478458
24.23324163210527
28.692333470807146
29.618406439239774
31.847291878588358
30.20347662107791
32.42298567374695
28.935272592460574
30.84234102658227
32.42298567374695
31.148836254345042
32.76049450176233
33.36540124140574
34.00367627183861
34.64462440264001
34.64462440264001
34.077118422777474
33.15493930020081
36.881567211820055
34.96069221282668
33.04920573932148
36.62308015445998
34.6878941419049
36.003472054789384
34.2235299172952
37.16517186829626
36.39024594585752
35.654592972014136
35.92005011132362
37.16517186829626
38.56488039654732
39.777506206397604
36.18355980276125
38.34383914007569
37.71272994626615
39.702015062210634
39.702015062210634
41.692325432865935
37.71272994626615
38.70723446592381
39.702015062210634
39.702015062210634
42.68782027698299
42.79310692155922
42.921439864012015
41.93149174546501
40.94203219186854
45.047197471096915
44.05961870012041
44.05961870012041
43.072613108563544
43.072613108563544
48.16897341650536
48.0130190677487
48.0130190677487
48.869724779253666
49.751884386422994
50.855186559484764
51.848336521049546
52.73755777432247
49.73178058344583
49.327983944207574
50.93378053904893
49.52019789944301
49.327983944207574
48.28301978956991
48.023431780746364
47.783365306349026
48.75705077217038
48.75705077217038
49.96248592694322
51.44171459039833
50.5
53.26584271369411
56.7824796922431
55.23812089490373
52.461890930464946
55.599010782566985
53.44389581607987
54.42655601817921
54.42655601817921
54.42655601817921
57.378131722808824
56.7824796922431
57.56083738098326
59.34854673873658
57.76028047023318
57.56083738098326
56.029010342857205
60.69802303205599
59.71808771218315
57.76028047023318
56.5795899596312
55.40983667184014
56.073612332361826
54.94770240874499
53.956000593075835
53.956000593075835
52.96461082647544
54.582506355058484
52.58564442887431
55.58102194094671
55.58102194094671
53.53737012592232
55.509008277936296
53.50934497823721
54.5
52.50952294584288
51.58730463980455
53.53737012592232
52.58564442887431
51.655106233556424
51.655106233556424
50.58903043150758
48.59269492423733
46.671725916233264
48.869724779253666
46.671725916233264
48.66466890876789
48.541219597369
52.53808142671371
51.58730463980455
53.584046133154224
55.58102194094671
62.890778338322384
70.36511919978534
81.2972939279039
88.8045606936941
94.3464360747135
102.0992164514498
112.49111075991738
123.22844639124523
128.16493280144925
137.20513838774406
146.0419460292145
150.00083333101853
158.00712009273505
167.09054431654712
177.15882704511228
187.5326638215327
195.5159840013087
208.50059951952176
222.5140445005663
233.50481793744643
243.51283333738286
254.52406565981144
267.6686384319239
279.64486406869696
293.15396978379806
301.11999269394255
314.14367731978945
328.13754737914405
340.08271052789496
351.7591505561725
360.6833791568444
373.7091114757573
383.7202757217815
388.5051479710404
377.5648950842755
367.5013605416992
335.5
338.5369256078279
349.0014326618159
340.00588230205665
332.0060240417333
312.1602152741441
309.6033753045984
300.63474516429403
297.7838981543495
299.8753907875736
310.69478592342034
318.6898962941875
333.715822220044
341.710769511293
346.8692116634164
349.0175497020171
355.9062376525593
357.3583635512117
347.4665451521916
334.2528982671654
332.6018640957985
331.25518863860833
336.42978465052704
339.92535945410134
339.6472434747557
314.51430810060134
321.51399658490766
325.5138245912146
328.59739804204173
330.57412179419003
331.53770524632637
335.5014903096557
327.5244265699888
330.55445844822606
331.5965168695232
339.52356324708893
341.53660125966
331.5135743827091
328.50608822364313
327.5137401697828
328.59739804204173
323.0990560184291
318.30802691732424
314.2292157008956
313.12936623702353
308.7737845089832
304.86923426282294
299.0422210992956
293.18296335223846
289.33760557521725
288.4185326916424
279.290619248123
275.08953088040266
267.86610461198705
265.9816723009313
0.0
