5.0990195135927845
6.082762530298219
5.522680508593631
6.670832032063167
6.324555320336759
4.47213595499958
4.47213595499958
4.47213595499958
3.640054944640259
3.2015621187164243
3.2015621187164243
3.640054944640259
2.692582403567252
3.640054944640259
2.0615528128088303
2.0615528128088303
2.0615528128088303
2.9154759474226504
3.3541019662496847
3.3541019662496847
0.7071067811865476
2.0615528128088303
0.7071067811865476
0.7071067811865476
1.5811388300841898
1.118033988749895
1.5811388300841898
1.8027756377319946
1.8027756377319946
0.5
0.5
1.5
0.5
1.5
1.5
0.5
0.5
0.5
1.118033988749895
0.5
1.118033988749895
1.8027756377319946
0.5
0.5
1.118033988749895
0.5
1.118033988749895
1.118033988749895
0.5
1.0
0.5
0.5
0.5
1.118033988749895
0.5
1.118033988749895
1.8027756377319946
1.0
2.23606797749979
1.0
0.5
1.118033988749895
2.5495097567963922
2.5495097567963922
1.5
1.118033988749895
0.5
0.5
1.5
2.23606797749979
3.0413812651491097
2.5495097567963922
1.5
1.8027756377319946
1.8027756377319946
2.0
3.5
2.692582403567252
3.2015621187164243
3.640054944640259
2.692582403567252
2.5
3.8078865529319543
1.8027756377319946
2.5
2.692582403567252
2.5
2.0615528128088303
2.5
2.5
2.9154759474226504
3.2015621187164243
3.5355339059327378
3.0413812651491097
3.605551275463989
3.605551275463989
5.0990195135927845
4.242640687119285
4.0
6.708203932499369
7.280109889280518
4.031128874149275
5.315072906367325
6.264982043070834
5.70087712549569
4.527692569068709
4.242640687119285
7.762087348130012
3.640054944640259
3.640054944640259
4.272001872658765
1.8027756377319946
7.211102550927978
4.6097722286464435
4.949747468305833
6.576473218982953
2.0
5.0990195135927845
3.605551275463989
8.54400374531753
5.0
4.242640687119285
4.123105625617661
3.0
2.23606797749979
3.2015621187164243
2.1213203435596424
3.0413812651491097
2.5
5.315072906367325
5.315072906367325
7.106335201775948
4.272001872658765
4.031128874149275
4.242640687119285
3.0413812651491097
2.5
3.905124837953327
6.18465843842649
2.5
3.3541019662496847
1.118033988749895
1.5811388300841898
4.924428900898052
4.031128874149275
8.32165848854662
6.4031242374328485
6.4031242374328485
5.852349955359813
5.852349955359813
6.800735254367722
6.708203932499369
7.433034373659253
4.6097722286464435
8.139410298049853
6.800735254367722
6.264982043070834
7.158910531638177
5.852349955359813
5.70087712549569
5.5901699437494745
5.5901699437494745
3.640054944640259
5.5
5.852349955359813
4.272001872658765
4.527692569068709
6.519202405202649
3.640054944640259
4.123105625617661
4.123105625617661
3.2015621187164243
4.5
4.6097722286464435
3.640054944640259
3.640054944640259
3.640054944640259
2.23606797749979
4.527692569068709
2.5495097567963922
2.9154759474226504
1.118033988749895
2.5
3.1622776601683795
2.0615528128088303
2.5495097567963922
4.716990566028302
1.5811388300841898
0.7071067811865476
2.1213203435596424
2.23606797749979
2.5
2.1213203435596424
3.3541019662496847
3.605551275463989
5.830951894845301
3.2015621187164243
4.924428900898052
4.5
5.852349955359813
5.5901699437494745
6.576473218982953
5.220153254455275
6.519202405202649
6.041522986797286
6.020797289396148
4.272001872658765
3.0413812651491097
2.0615528128088303
3.3541019662496847
4.6097722286464435
2.692582403567252
3.0413812651491097
5.5901699437494745
3.8078865529319543
5.70087712549569
8.200609733428363
6.020797289396148
6.800735254367722
7.632168761236874
6.726812023536855
7.632168761236874
7.3824115301167
7.632168761236874
6.103277807866851
6.103277807866851
6.800735254367722
6.363961030678928
4.949747468305833
5.408326913195984
6.519202405202649
6.726812023536855
5.408326913195984
5.70087712549569
6.800735254367722
7.905694150420948
8.077747210701755
6.670832032063167
6.020797289396148
9.192388155425117
8.54400374531753
5.385164807134504
6.103277807866851
8.48528137423857
7.7781745930520225
7.810249675906654
8.514693182963201
8.276472678623424
7.905694150420948
10.062305898749054
7.3824115301167
7.3824115301167
9.86154146165801
9.394147114027968
5.5901699437494745
5.5901699437494745
7.433034373659253
4.6097722286464435
7.106335201775948
6.363961030678928
5.315072906367325
7.7781745930520225
6.726812023536855
5.220153254455275
6.4031242374328485
7.5
9.219544457292887
8.06225774829855
8.32165848854662
7.433034373659253
7.433034373659253
6.103277807866851
8.902246907382429
9.962429422585638
8.514693182963201
11.629703349613008
7.3824115301167
6.519202405202649
9.617692030835672
9.17877987534291
9.219544457292887
10.04987562112089
9.513148795220223
11.543396380615196
13.729530217745982
28.442925306655784
32.26840560052511
32.42298567374695
35.259750424527965
38.12151623427379
40.04060439104285
41.692325432865935
41.14911906711977
41.14911906711977
41.14911906711977
43.165379646193315
42.5440947723653
40.35467754796215
41.70431632337353
44.10215414239989
44.68780594300866
41.23105625617661
44.68780594300866
45.34313619501854
45.67548576643712
45.77390086064329
48.21306876771069
45.260357930533424
48.79036790187178
49.20619879649311
48.27007354458868
47.634021455258214
50.93132631298737
49.145193050795925
49.852281793314134
47.762432936357
44.598206241955516
44.9694340635948
43.48850422812907
42.07433897282285
39.96561021678513
39.284220750830734
38.55191305240247
38.73306081372863
35.79455265819088
32.802438933713454
33.60059523282288
32.86715685908959
33.185087012090236
33.70830758136635
34.8209706929603
32.07023542164915
31.088583113419627
31.662280397975127
34.677081768799404
33.54101966249684
34.40930106817051
36.71511950137164
34.88552708502482
34.48187929913333
40.24922359499622
39.147158262126766
38.76209488662861
40.99390198553927
39.62953444086872
42.737571292716204
44.50280890011326
45.17742799230607
42.04759208325728
43.46262762420146
44.294469180700204
41.6293165929973
45.69463863518345
47.53945729601885
50.08991914547278
46.61544808322666
50.92150822589606
50.97548430373173
54.60082416960389
52.502380898393554
52.502380898393554
0.0
