6.519202405202649
6.800735254367722
6.103277807866851
6.726812023536855
4.031128874149275
5.315072906367325
6.103277807866851
3.905124837953327
4.301162633521313
4.242640687119285
3.0413812651491097
4.031128874149275
4.123105625617661
5.0
5.385164807134504
5.408326913195984
5.0
6.800735254367722
5.852349955359813
7.0710678118654755
4.527692569068709
6.082762530298219
4.123105625617661
5.5901699437494745
5.220153254455275
5.0
5.830951894845301
4.716990566028302
3.605551275463989
7.0710678118654755
6.4031242374328485
9.192388155425117
7.762087348130012
6.708203932499369
6.519202405202649
8.845903006477066
7.211102550927978
7.211102550927978
7.632168761236874
9.013878188659973
9.219544457292887
7.158910531638177
10.0
13.82931668593933
10.63014581273465
8.602325267042627
10.63014581273465
7.433034373659253
6.708203932499369
4.716990566028302
6.519202405202649
7.810249675906654
7.615773105863909
5.656854249492381
5.830951894845301
5.0990195135927845
5.220153254455275
6.041522986797286
1.118033988749895
2.5
2.0
3.5355339059327378
6.800735254367722
6.726812023536855
2.0615528128088303
3.1622776601683795
3.1622776601683795
2.692582403567252
2.8284271247461903
2.692582403567252
3.605551275463989
3.605551275463989
2.5
2.23606797749979
2.23606797749979
4.123105625617661
5.385164807134504
5.0990195135927845
4.123105625617661
6.0
3.640054944640259
8.0156097709407
5.024937810560445
5.385164807134504
6.18465843842649
8.06225774829855
7.5
7.516648189186454
5.0
9.055385138137417
9.340770846134703
7.0710678118654755
12.010412149464313
7.0710678118654755
8.558621384311845
6.18465843842649
7.648529270389178
6.670832032063167
4.924428900898052
8.077747210701755
9.82344135219425
8.860022573334675
8.06225774829855
9.12414379544733
7.826237921249264
6.726812023536855
8.860022573334675
8.5
7.905694150420948
7.158910531638177
9.486832980505138
6.041522986797286
7.280109889280518
8.077747210701755
5.5901699437494745
7.615773105863909
6.519202405202649
8.54400374531753
9.962429422585638
8.381527307120106
10.062305898749054
12.083045973594572
9.013878188659973
13.656500283747663
10.44030650891055
9.394147114027968
10.44030650891055
12.747548783981962
10.920164833920778
12.020815280171307
11.067971810589327
11.884864324004713
10.307764064044152
12.298373876248844
13.92838827718412
15.660459763365825
15.182226450688976
15.182226450688976
16.00781059358212
13.82931668593933
12.36931687685298
16.867127793433
13.601470508735444
15.337861650177967
14.713938969562161
14.089002803605371
15.231546211727817
13.656500283747663
14.983324063771697
13.729530217745982
11.926860441876563
14.317821063276353
11.853269591129697
11.661903789690601
12.298373876248844
11.926860441876563
9.7082439194738
12.379418403139947
11.412712210513327
13.416407864998739
13.647344063956181
13.200378782444085
11.180339887498949
13.892443989449804
12.093386622447824
14.115594213493104
11.236102527122116
10.062305898749054
10.124228365658293
10.0
6.103277807866851
6.946221994724902
9.656603957913983
8.32165848854662
8.139410298049853
8.139410298049853
9.300537618869138
10.965856099730654
5.5901699437494745
5.0
2.0615528128088303
4.5
8.077747210701755
9.394147114027968
6.670832032063167
6.020797289396148
5.024937810560445
5.385164807134504
6.264982043070834
6.041522986797286
4.123105625617661
6.576473218982953
6.324555320336759
5.220153254455275
4.924428900898052
5.830951894845301
5.5901699437494745
7.615773105863909
6.708203932499369
3.1622776601683795
4.272001872658765
2.9154759474226504
6.363961030678928
4.743416490252569
3.8078865529319543
4.47213595499958
4.743416490252569
4.716990566028302
4.031128874149275
2.5495097567963922
4.031128874149275
3.640054944640259
4.6097722286464435
5.408326913195984
5.5901699437494745
5.5901699437494745
6.670832032063167
7.280109889280518
8.860022573334675
5.522680508593631
6.264982043070834
10.816653826391969
9.433981132056603
8.5
6.708203932499369
8.246211251235321
2.23606797749979
2.5
4.272001872658765
3.905124837953327
3.905124837953327
4.6097722286464435
6.041522986797286
4.527692569068709
3.0413812651491097
5.522680508593631
5.70087712549569
6.020797289396148
7.0178344238090995
4.924428900898052
4.031128874149275
3.5355339059327378
4.0
6.264982043070834
4.0
5.024937810560445
5.5901699437494745
2.1213203435596424
2.5495097567963922
2.5
1.5811388300841898
2.5
3.5355339059327378
4.6097722286464435
4.031128874149275
6.4031242374328485
6.020797289396148
4.47213595499958
3.905124837953327
3.5
4.031128874149275
3.1622776601683795
6.708203932499369
6.020797289396148
7.762087348130012
8.631338250816034
8.73212459828649
8.139410298049853
9.013878188659973
8.077747210701755
7.762087348130012
7.826237921249264
7.648529270389178
8.0156097709407
10.198039027185569
7.762087348130012
5.5901699437494745
6.726812023536855
6.020797289396148
6.264982043070834
6.18465843842649
7.158910531638177
4.47213595499958
5.522680508593631
6.670832032063167
3.1622776601683795
6.0
2.0615528128088303
4.123105625617661
4.0
2.1213203435596424
1.5811388300841898
3.1622776601683795
3.5355339059327378
3.2015621187164243
4.031128874149275
3.1622776601683795
3.3541019662496847
4.123105625617661
4.743416490252569
6.020797289396148
4.743416490252569
4.527692569068709
6.18465843842649
6.18465843842649
8.246211251235321
8.0156097709407
11.180339887498949
11.10180165558726
10.920164833920778
12.539936203984453
12.854960132182441
13.285330255586423
13.647344063956181
13.509256086106296
14.807092894960848
15.402921800749363
15.008331019803634
14.221462653327892
12.509996003196804
14.713938969562161
13.647344063956181
13.583077707206124
14.637281168304447
16.140012391568973
14.035668847618199
13.536986370680884
16.446884203398525
17.67059704707229
17.392527130926087
23.71181140275875
24.438698819699873
22.89650628371062
27.97320146139873
24.27447218787671
31.212978070027216
30.37268509697488
31.567388235329194
31.216982557575932
33.55964838909967
34.677081768799404
34.21257078911201
37.83186487605389
39.19502519453202
39.274673773310965
40.35467754796215
34.73110997362451
38.33079701754191
39.11521443121589
37.473323845103465
39.1184099881373
33.83784863137726
34.30014577228499
36.31115531073061
35.0891721190455
30.805843601498726
28.319604517012593
29.82029510249689
27.101660465735304
26.100766272276374
24.052026941611388
22.20360331117452
16.401219466856727
17.10263137648707
13.038404810405298
14.577379737113251
12.776932339180638
13.124404748406688
12.379418403139947
8.139410298049853
2.692582403567252
4.527692569068709
5.408326913195984
2.9154759474226504
8.139410298049853
7.810249675906654
9.433981132056603
7.0710678118654755
7.106335201775948
8.48528137423857
8.74642784226795
10.700467279516348
11.800423721205947
11.313708498984761
12.379418403139947
13.313526955694348
14.159802258506296
13.82931668593933
16.91892431568863
16.32482771731451
19.1049731745428
14.212670403551895
21.400934559032695
20.93442141545832
18.062391868188442
14.300349646075091
15.572411502397436
10.5
10.198039027185569
8.139410298049853
7.0
9.013878188659973
5.0990195135927845
8.0156097709407
7.905694150420948
13.82931668593933
16.77050983124842
13.416407864998739
10.012492197250394
12.165525060596439
12.36931687685298
14.221462653327892
17.269916039170543
14.577379737113251
15.811388300841896
12.747548783981962
15.700318468107582
10.606601717798213
12.093386622447824
11.672617529928752
12.010412149464313
12.165525060596439
13.46291201783626
13.038404810405298
12.093386622447824
13.0
12.658988901172163
13.038404810405298
11.510864433221338
9.013878188659973
9.513148795220223
12.509996003196804
9.513148795220223
9.219544457292887
9.5
10.547511554864494
7.648529270389178
9.5524865872714
8.558621384311845
8.631338250816034
7.905694150420948
12.020815280171307
8.94427190999916
10.793516572461451
12.298373876248844
11.661903789690601
12.020815280171307
10.977249200050075
12.747548783981962
13.82931668593933
11.40175425099138
13.793114224133722
11.236102527122116
13.82931668593933
9.7082439194738
12.041594578792296
11.412712210513327
11.661903789690601
12.083045973594572
11.704699910719626
12.649110640673518
13.46291201783626
10.307764064044152
10.111874208078342
14.142135623730951
11.884864324004713
13.238202294873727
14.230249470757707
13.946325680981353
14.577379737113251
15.811388300841896
16.977926846349646
15.435349040433131
18.560711193270585
20.573040611440984
19.45507645834372
22.360679774997898
23.47871376374779
27.060118255469618
28.469281690973517
27.95084971874737
28.653097563788805
27.735356496717326
28.844410203711913
27.202941017470888
27.5
25.80697580112788
23.16246964380094
23.37733945512192
20.554804791094465
17.327723451163457
13.313526955694348
11.661903789690601
13.435028842544403
10.547511554864494
10.259142264341596
10.307764064044152
11.01135777277262
10.63014581273465
12.419742348374221
12.619429464123963
12.90348790056394
14.0089257261219
17.44276354251241
17.613914953808536
21.360009363293827
20.838665984174707
20.248456731316587
22.38861317723811
24.88473427625861
27.390691849604675
24.698178070456937
29.34706118165838
25.80697580112788
26.65520587052368
28.469281690973517
26.504716561397142
24.186773244895647
23.323807579381203
23.90083680543424
25.10975905897944
21.224985276791124
21.644860821913362
20.130822139197395
20.89258241577618
18.33712082089225
18.82153022471871
17.392527130926087
18.66815470259447
18.35755975068582
17.219175357722563
17.92344832893492
21.540659228538015
20.155644370746373
19.60867155112758
20.506096654409877
21.095023109728988
21.289668856043768
21.86892772862904
21.70829334609241
20.506096654409877
19.72941965694886
21.224985276791124
23.16246964380094
30.53686296920494
39.24601890638081
46.048887065813005
48.46906229751097
51.62363799656123
44.91380634058975
40.70012284993744
36.0347054934545
32.72995569810628
35.01785258978626
33.1436268383531
32.76049450176233
32.901367752724205
30.01666203960727
34.66987164671943
35.0891721190455
32.7566787083184
30.700162866017504
31.906112267087632
31.34086788842964
30.955613384328213
26.61766330841233
26.832815729997478
27.212129648375555
25.243811122728676
24.73863375370596
25.401771591761076
26.019223662515376
27.073972741361768
28.040149785619906
25.544079548889602
26.504716561397142
27.004629232781554
25.544079548889602
27.004629232781554
22.699118925632334
19.4164878389476
21.289668856043768
20.155644370746373
18.66815470259447
18.110770276274835
14.080127840328723
16.0
17.528548142958105
17.0
19.525624189766635
18.027756377319946
16.00781059358212
16.56804152578089
15.20690632574555
15.532224567009067
14.637281168304447
16.53027525481654
15.508062419270823
13.509256086106296
12.041594578792296
14.080127840328723
14.637281168304447
15.700318468107582
14.713938969562161
15.041608956491324
13.601470508735444
13.124404748406688
13.46291201783626
17.95132307101624
16.28649747490233
13.82931668593933
16.492422502470642
17.18284027743958
16.3783393541592
18.741664813991314
17.066048165876012
16.688319268278637
18.172781845386247
20.155644370746373
21.095023109728988
17.507141400011598
20.59732992404598
21.965882636488796
20.402205763103165
19.1637678967368
19.78004044485248
18.33712082089225
18.788294228055936
21.02974084481309
20.12461179749811
15.0
14.7648230602334
15.953056133543816
15.116216457830975
16.224980739587952
15.620499351813308
16.00781059358212
13.901438774457844
11.01135777277262
12.806248474865697
12.90348790056394
11.926860441876563
8.902246907382429
9.013878188659973
7.106335201775948
7.433034373659253
9.604686356149273
9.5524865872714
8.902246907382429
9.013878188659973
8.845903006477066
5.70087712549569
8.845903006477066
9.7082439194738
9.924716620639604
9.604686356149273
9.5524865872714
7.826237921249264
10.062305898749054
15.402921800749363
16.91892431568863
17.46424919657298
18.5
18.384776310850235
19.03943276465977
17.613914953808536
16.507574019219177
15.532224567009067
12.539936203984453
13.152946437965905
14.080127840328723
9.513148795220223
9.513148795220223
11.76860229593982
12.509996003196804
12.041594578792296
13.729530217745982
10.606601717798213
12.041594578792296
12.747548783981962
12.509996003196804
14.713938969562161
13.82931668593933
14.637281168304447
14.035668847618199
15.524174696260024
18.828170383762732
18.828170383762732
21.02974084481309
22.360679774997898
26.23451924468981
29.0
28.040149785619906
29.154759474226502
29.154759474226502
32.0624390837628
35.174564673923115
34.058772731852805
36.22154055254967
36.840874039577294
35.531676008879735
41.50301193889427
38.05259518088089
36.53080891521566
38.05916446797013
37.84507894033252
37.84507894033252
36.21118611699981
31.32091952673165
27.35415873317986
30.59411708155671
29.120439557122072
28.231188426986208
27.35415873317986
22.7705950734714
22.847319317591726
21.50581316760657
20.26079958935481
15.890248582070704
15.692354826475215
12.349089035228468
11.704699910719626
11.40175425099138
13.0862523283024
10.606601717798213
13.729530217745982
11.236102527122116
11.180339887498949
13.341664064126334
15.660459763365825
13.647344063956181
15.524174696260024
16.00781059358212
15.435349040433131
17.867568385205637
16.140012391568973
15.890248582070704
20.74246851269154
18.439088914585774
20.886598574205422
20.5
19.319679086361656
17.240939649566666
16.00781059358212
15.524174696260024
18.200274723201296
16.1245154965971
17.11724276862369
14.5
16.53027525481654
17.507141400011598
16.070158679988197
16.507574019219177
17.356554957709783
16.1245154965971
18.172781845386247
21.828879952943073
18.33712082089225
16.53027525481654
17.67766952966369
22.940139493908923
20.65187642806338
20.05617112013158
20.05617112013158
20.0
22.522211259110417
22.051077071199945
22.588713996153036
24.50510150968569
24.046829312822098
23.5
23.58495283014151
21.095023109728988
20.155644370746373
20.886598574205422
24.682990094394967
21.70829334609241
21.50581316760657
21.783020910791965
22.699118925632334
20.024984394500787
20.155644370746373
18.607794065928395
20.024984394500787
17.564168070250297
18.0
16.507574019219177
14.0
17.11724276862369
15.572411502397436
13.0862523283024
14.637281168304447
11.597413504743201
11.40175425099138
12.649110640673518
13.46291201783626
12.36931687685298
11.40175425099138
11.76860229593982
10.770329614269007
12.083045973594572
12.349089035228468
14.560219778561036
12.816005617976296
13.92838827718412
14.080127840328723
14.705441169852742
17.10263137648707
15.402921800749363
18.027756377319946
15.337861650177967
15.787653403846944
17.84656829757475
16.278820596099706
17.755280904564703
17.755280904564703
17.755280904564703
17.564168070250297
18.172781845386247
18.0
18.5
17.507141400011598
18.027756377319946
19.0
18.506755523321747
18.172781845386247
20.05617112013158
19.6596032513375
17.95132307101624
18.110770276274835
15.890248582070704
14.230249470757707
13.285330255586423
14.807092894960848
15.508062419270823
16.00781059358212
17.84656829757475
16.3783393541592
17.11724276862369
17.18284027743958
15.890248582070704
18.828170383762732
17.18284027743958
17.528548142958105
16.867127793433
18.172781845386247
18.439088914585774
18.172781845386247
19.319679086361656
17.72004514666935
16.77050983124842
15.890248582070704
15.297058540778355
18.172781845386247
19.6596032513375
17.613914953808536
15.5
15.628499608087784
15.628499608087784
15.5
15.0
17.507141400011598
16.0312195418814
15.5
15.532224567009067
15.532224567009067
15.008331019803634
17.0
19.00657780874821
20.0
18.33712082089225
18.553975315279473
19.1637678967368
16.91892431568863
18.34393632784414
16.977926846349646
15.660459763365825
17.10263137648707
18.788294228055936
18.384776310850235
17.92344832893492
18.35755975068582
18.560711193270585
18.867962264113206
19.29378138157474
17.755280904564703
16.560495161679196
17.219175357722563
18.66815470259447
19.03943276465977
18.788294228055936
20.248456731316587
17.88854381999832
20.81465829649865
22.360679774997898
19.78004044485248
20.130822139197395
18.439088914585774
19.1637678967368
20.988091861815356
18.24828759089466
18.66815470259447
18.110770276274835
19.90602923739438
19.319679086361656
19.4164878389476
17.585505395068974
19.525624189766635
18.200274723201296
18.027756377319946
16.446884203398525
18.384776310850235
17.08800749063506
17.08800749063506
16.560495161679196
18.34393632784414
19.241881404893856
19.96246477767713
23.58495283014151
26.443335644354704
26.575364531836623
22.360679774997898
25.179356624028344
26.542418879973994
26.076809620810597
25.675864152935535
26.23451924468981
23.345235059857504
23.759208741033444
22.638462845343543
21.587033144922902
24.253865671269807
22.321514285549714
26.100766272276374
18.681541692269406
22.594247055390007
21.86892772862904
27.892651361962706
19.697715603592208
25.811818998280614
23.40939982143925
27.28094573140748
26.832815729997478
26.669270706189174
31.535694062442957
30.528675044947494
31.80015723231569
35.8503835404867
37.963798545456434
40.311288741492746
41.012193308819754
40.02811511925087
43.729280808172454
46.09772228646444
45.77390086064329
48.303726564313855
52.73755777432247
53.80752735445107
57.8013840664737
59.49159604515582
60.74537019394976
62.821174774115775
69.6419413859206
71.17935093831638
72.56031973468694
72.94518489934754
75.14818693754361
75.14818693754361
75.15317691222374
77.38378383098102
72.88689868556625
78.73531609131953
76.13967428351661
75.78423318870489
73.68174807915459
72.73238618387272
72.15434844830907
71.06335201775947
73.12489316231512
68.93656504352388
70.40596565632774
70.94540154231281
71.58910531638176
66.77761601015717
67.08203932499369
68.06614430096654
66.33626459185051
66.61080993352356
66.59016443890194
63.387695966961914
64.1346240341362
63.78283468144074
61.79198977213794
64.19501538281614
60.07495318350236
59.00211860602973
62.54998001598402
60.5743344990269
63.549193543270086
65.00192304847603
64.00195309519859
64.00781202322104
63.00198409574099
62.53199181219162
62.12889826803627
59.30430001273095
62.45198155383062
61.32087735836792
61.491869381244214
61.98790204547981
64.90377492873584
62.77141068989927
67.70893589475469
68.20923691113983
71.63274390947201
73.51360418317142
78.9335163286167
78.64636037350998
83.21658488546619
89.7008918573277
90.10271915985666
97.01159724486553
102.49024343809512
107.33592129385204
111.63892690276094
119.96353612660808
123.70630541730684
131.9280106724876
139.75424859373686
148.14182393908885
158.50078864157112
169.08060208078277
178.02036400367234
188.00066489244128
196.5636029380821
203.39739428026112
210.58252539087852
214.16173794588053
219.37467948694535
222.91253890259293
219.42709495410998
214.76731594914529
213.40688836117732
210.26293063685762
199.68475154603067
190.83107713367863
181.41802556526736
171.22280806014135
158.72775434686903
147.71763604932215
135.5525728269294
124.45882853377658
117.66265337820663
107.05606008068857
98.50888284819801
91.30854286429063
84.48076704197234
83.0
82.07466113241041
77.1621668954417
77.00649323271382
77.5064513443881
75.63398706930634
74.5
73.56119901143536
75.2013962636333
78.5573039252239
80.00624975587844
78.62887510323418
79.51100552753688
76.97077367416804
76.72190039356428
73.610461213064
73.68174807915459
71.33372274037013
66.57326790837296
72.67220926874316
69.26940161427699
70.40063920164361
69.5449494931156
64.18138359368704
52.175185672884766
45.39273069556402
48.088460154178364
53.387732673339855
44.637428241331286
37.8021163428716
34.21257078911201
31.32091952673165
29.34706118165838
28.861739379323623
29.614185789921695
34.44198019858905
35.014282800023196
36.22154055254967
31.953090617340916
32.33032632065442
33.60059523282288
34.677081768799404
37.013511046643494
37.606515392947536
33.8710791088799
33.90058996536786
35.22782990761707
33.55964838909967
33.094561486745825
31.084562084739105
27.225906780123964
26.612966764342527
18.9274932307477
14.916433890176299
39.147158262126766
59.73692325521963
50.42320894191484
48.78780585351221
55.47071299343465
51.3638978271704
51.73248495867949
52.20153254455275
50.35126612112152
47.15135204848319
42.36153915995027
45.0249930594109
44.5926002830066
44.79397280885008
44.84696199298231
45.069390943299865
42.85148772213166
43.01162633521314
42.72294465506796
44.11632350955823
43.1335136523794
43.1335136523794
44.40720662234904
44.0028408173836
43.96020928066653
46.90682253148256
46.90682253148256
47.24669300596604
45.67548576643712
49.429242357131066
48.106652346634974
47.18315377335432
48.33735615442781
47.5
46.15733961137708
47.18315377335432
50.65816814690401
49.62358310319802
46.09772228646444
44.206899913927465
45.260357930533424
45.64263357870578
44.598206241955516
43.522982434571276
47.39725730461627
45.67548576643712
45.10543204537564
45.63167759353145
43.83206588788623
42.43819034784589
42.5
41.743262929483606
42.72294465506796
43.142206712220926
41.907636535600524
41.100486615124154
42.15744299646268
41.617304093369626
39.99062390110962
43.603325561245896
41.400483088968905
42.47940677551889
41.06701839676214
42.5205832509386
42.08622102303793
40.660177077823946
37.83186487605389
38.55191305240247
35.302266216207705
31.80015723231569
32.035136959282696
30.955613384328213
30.20761493398643
31.567388235329194
28.853076092507017
28.853076092507017
29.58462438497403
28.853076092507017
30.26962173533062
28.231188426986208
30.20761493398643
29.261749776799064
31.196954979612993
31.148836254345042
29.90401310861136
25.93260495977988
20.573040611440984
20.796634343085422
20.838665984174707
19.981241202688086
19.13765920900464
21.219095173922945
19.557607215607945
19.704060495238032
20.112185361118765
21.005951537600005
22.638462845343543
19.209372712298546
16.80773631397161
13.729530217745982
18.439088914585774
16.62077013859466
15.572411502397436
15.945218719101975
14.84082207965583
16.98528775146303
18.867962264113206
14.150971698084906
12.727922061357855
10.965856099730654
12.379418403139947
13.038404810405298
15.945218719101975
13.45362404707371
14.916433890176299
12.103718436910205
13.0862523283024
15.620499351813308
13.45362404707371
13.45362404707371
12.90348790056394
13.82931668593933
11.715374513859981
15.556349186104045
12.727922061357855
14.212670403551895
15.572411502397436
15.20690632574555
11.335784048754634
14.212670403551895
13.901438774457844
15.620499351813308
11.01135777277262
14.300349646075091
12.90348790056394
14.0089257261219
14.422205101855956
13.200378782444085
13.313526955694348
15.945218719101975
15.811388300841896
16.507574019219177
15.0
17.44276354251241
17.4928556845359
17.92344832893492
17.0
17.92344832893492
16.28649747490233
16.00781059358212
16.977926846349646
16.76305461424021
18.681541692269406
17.356554957709783
19.1637678967368
21.592822881689184
22.54994456755936
25.179356624028344
20.303940504246953
25.401771591761076
25.709920264364882
28.146935890075138
26.725456029785533
27.65863337187866
27.285527299284507
28.02231253840411
30.923292192132454
28.622543562723422
30.083217912982647
30.041637771599603
31.531730050855124
31.945265689926575
29.75315109362368
30.41792234851026
29.841246622753548
29.261749776799064
26.196373794859472
29.068883707497267
29.154759474226502
32.59601202601324
30.923292192132454
29.34706118165838
28.96981187374195
30.63494736408078
30.463092423455635
30.923292192132454
29.80771712157776
29.966648127543394
31.084562084739105
32.8709598277872
30.37268509697488
31.148836254345042
26.725456029785533
28.160255680657446
27.54087870784082
31.48412298286233
28.398943642325854
29.154759474226502
29.154759474226502
28.635642126552707
28.88771365130858
30.516389039334257
30.20347662107791
28.935272592460574
29.60152023123137
29.740544715926102
29.60152023123137
28.853076092507017
26.100766272276374
28.622543562723422
28.151376520518493
30.20347662107791
30.319135871591065
31.894356867634123
29.516944286290883
30.008332176247315
30.20347662107791
27.572631357924475
29.004310024546353
26.23451924468981
23.521266972678152
25.739075352467502
25.317977802344327
27.408940147331492
0.0
