1.5811388300841898
5.5901699437494745
4.272001872658765
3.5
2.5495097567963922
9.300537618869138
9.604686356149273
8.602325267042627
13.82931668593933
13.946325680981353
15.787653403846944
15.5
11.76860229593982
10.920164833920778
11.40175425099138
10.63014581273465
14.0089257261219
12.747548783981962
13.0862523283024
7.5
6.020797289396148
6.576473218982953
6.800735254367722
7.516648189186454
8.5
6.5
6.18465843842649
6.5
6.5
6.576473218982953
6.576473218982953
4.031128874149275
5.0990195135927845
4.527692569068709
5.024937810560445
6.519202405202649
5.830951894845301
6.18465843842649
8.0156097709407
7.0178344238090995
6.800735254367722
8.0156097709407
10.012492197250394
6.103277807866851
6.708203932499369
6.576473218982953
5.5901699437494745
7.615773105863909
9.17877987534291
13.200378782444085
12.747548783981962
11.715374513859981
13.45362404707371
12.529964086141668
11.597413504743201
10.012492197250394
22.38861317723811
29.206163733020468
30.4138126514911
36.76955262170047
10.259142264341596
5.0
1.8027756377319946
5.1478150704935
5.0990195135927845
5.408326913195984
8.602325267042627
6.020797289396148
6.4031242374328485
5.1478150704935
3.0413812651491097
6.363961030678928
12.539936203984453
12.539936203984453
6.5
4.6097722286464435
6.519202405202649
6.519202405202649
5.70087712549569
8.514693182963201
8.06225774829855
9.219544457292887
8.845903006477066
12.747548783981962
9.486832980505138
9.219544457292887
10.04987562112089
10.012492197250394
10.688779163215974
12.0
10.793516572461451
11.543396380615196
10.062305898749054
10.307764064044152
14.5
12.020815280171307
10.307764064044152
11.180339887498949
11.180339887498949
12.041594578792296
14.035668847618199
16.00781059358212
14.713938969562161
13.209844813622906
14.0089257261219
16.560495161679196
15.402921800749363
17.00735135169495
16.80773631397161
13.46291201783626
17.804493814764857
18.601075237738275
17.327723451163457
21.592822881689184
21.005951537600005
26.63174797117155
15.945218719101975
9.656603957913983
15.692354826475215
6.519202405202649
8.32165848854662
8.94427190999916
9.848857801796104
7.3824115301167
10.547511554864494
8.902246907382429
10.259142264341596
10.259142264341596
9.5524865872714
13.0862523283024
11.629703349613008
10.44030650891055
8.246211251235321
9.82344135219425
8.74642784226795
9.12414379544733
9.340770846134703
7.762087348130012
10.688779163215974
7.5
7.762087348130012
10.770329614269007
14.212670403551895
11.800423721205947
13.152946437965905
14.637281168304447
14.221462653327892
14.230249470757707
17.69180601295413
14.0089257261219
12.747548783981962
14.142135623730951
18.034688796871432
23.04886114323222
19.209372712298546
18.398369492974098
3.1622776601683795
5.0
2.9154759474226504
6.519202405202649
8.902246907382429
14.577379737113251
18.179658962697843
20.796634343085422
21.095023109728988
15.264337522473747
6.103277807866851
11.40175425099138
15.231546211727817
14.7648230602334
15.692354826475215
16.101242188104617
17.55704986607944
12.971121771072847
13.124404748406688
10.735455276791944
12.816005617976296
9.013878188659973
11.661903789690601
12.36931687685298
10.062305898749054
9.192388155425117
8.73212459828649
8.94427190999916
11.335784048754634
11.629703349613008
7.433034373659253
6.708203932499369
3.905124837953327
4.47213595499958
8.73212459828649
5.852349955359813
5.70087712549569
6.020797289396148
7.648529270389178
8.558621384311845
8.631338250816034
7.433034373659253
8.381527307120106
12.020815280171307
12.165525060596439
12.98075498574717
10.920164833920778
11.704699910719626
12.093386622447824
11.629703349613008
11.661903789690601
10.295630140987
11.510864433221338
8.602325267042627
9.219544457292887
8.200609733428363
7.810249675906654
8.276472678623424
9.013878188659973
9.013878188659973
7.615773105863909
7.516648189186454
7.632168761236874
9.924716620639604
9.604686356149273
10.606601717798213
8.558621384311845
5.5901699437494745
5.385164807134504
8.077747210701755
8.06225774829855
8.077747210701755
5.5901699437494745
8.139410298049853
6.519202405202649
8.276472678623424
8.73212459828649
8.54400374531753
8.54400374531753
10.44030650891055
10.920164833920778
18.069310999592652
29.75315109362368
32.72995569810628
34.0
35.11765937530575
30.4138126514911
31.088583113419627
28.217902119044926
27.613402542968153
24.27447218787671
19.13765920900464
10.404326023342406
10.51189802081432
14.212670403551895
14.5
14.159802258506296
14.150971698084906
14.916433890176299
14.577379737113251
12.971121771072847
13.865424623862047
12.539936203984453
11.236102527122116
12.093386622447824
8.514693182963201
13.200378782444085
15.008331019803634
10.259142264341596
10.965856099730654
11.800423721205947
12.083045973594572
11.180339887498949
9.0
8.139410298049853
5.024937810560445
3.3541019662496847
1.8027756377319946
4.5
4.272001872658765
9.848857801796104
10.965856099730654
12.747548783981962
9.962429422585638
14.317821063276353
15.239750654128171
17.029386365926403
15.572411502397436
13.82931668593933
13.901438774457844
23.47871376374779
17.613914953808536
17.392527130926087
15.700318468107582
17.507141400011598
17.029386365926403
15.033296378372908
18.560711193270585
22.005681084665387
20.024984394500787
19.50640920313116
23.005434140654682
23.13547060251855
23.521266972678152
12.041594578792296
10.920164833920778
6.800735254367722
5.408326913195984
5.0
3.2015621187164243
3.1622776601683795
1.5
2.5495097567963922
3.2015621187164243
1.4142135623730951
12.093386622447824
13.82931668593933
15.660459763365825
12.649110640673518
13.46291201783626
10.977249200050075
13.341664064126334
14.637281168304447
16.53027525481654
17.00735135169495
17.528548142958105
18.527007313648905
17.528548142958105
17.564168070250297
17.507141400011598
17.5
17.356554957709783
15.700318468107582
17.10263137648707
16.347782724271816
14.115594213493104
12.747548783981962
14.983324063771697
14.0089257261219
13.509256086106296
13.509256086106296
13.200378782444085
13.200378782444085
10.062305898749054
10.307764064044152
8.94427190999916
6.708203932499369
3.3541019662496847
3.5355339059327378
3.0
5.70087712549569
8.54400374531753
9.962429422585638
12.36931687685298
11.672617529928752
14.430869689661812
13.124404748406688
9.848857801796104
4.031128874149275
7.905694150420948
3.1622776601683795
8.246211251235321
13.647344063956181
11.067971810589327
8.381527307120106
11.40175425099138
11.715374513859981
17.46424919657298
0.0
