16.278820596099706
14.560219778561036
11.40175425099138
13.341664064126334
13.756816492197604
14.317821063276353
14.560219778561036
12.816005617976296
15.524174696260024
15.976545308670458
13.0
14.115594213493104
16.1245154965971
14.142135623730951
15.0
19.1049731745428
20.09975124224178
26.0
25.179356624028344
25.317977802344327
23.194827009486403
25.709920264364882
24.515301344262525
19.026297590440446
17.029386365926403
14.142135623730951
19.235384061671343
18.24828759089466
24.020824298928627
6.0
7.280109889280518
8.94427190999916
18.24828759089466
17.0
14.035668847618199
13.0
14.035668847618199
16.278820596099706
17.08800749063506
27.202941017470888
17.08800749063506
21.18962010041709
22.847319317591726
23.769728648009426
25.0
19.026297590440446
20.248456731316587
18.35755975068582
15.811388300841896
14.317821063276353
12.806248474865697
8.48528137423857
7.615773105863909
7.615773105863909
13.038404810405298
15.297058540778355
18.867962264113206
24.839484696748443
31.11269837220809
27.784887978899608
38.01315561749642
21.470910553583888
28.635642126552707
25.004999500099974
16.76305461424021
22.20360331117452
20.808652046684813
18.439088914585774
19.79898987322333
15.811388300841896
21.02379604162864
22.561028345356956
27.018512172212592
35.22782990761707
31.752952618614856
26.800186566514792
32.01562118716424
33.30540496676178
31.184932259025352
28.81405906844782
25.465663156493687
27.721832551258224
28.319604517012593
28.600699292150182
32.01562118716424
25.612496949731394
22.20360331117452
22.47220505424423
19.697715603592208
24.041630560342615
24.73863375370596
23.259406699226016
16.55294535724685
19.849433241279208
21.02379604162864
10.04987562112089
6.708203932499369
5.656854249492381
7.810249675906654
14.035668847618199
21.18962010041709
22.02271554554524
22.090722034374522
25.019992006393608
22.02271554554524
24.73863375370596
28.160255680657446
25.495097567963924
25.019992006393608
25.019992006393608
14.7648230602334
18.439088914585774
17.26267650163207
13.0
14.317821063276353
15.0
19.912307751739878
16.98528775146303
13.45362404707371
14.866068747318506
17.4928556845359
14.7648230602334
13.647344063956181
15.435349040433131
18.607794065928395
21.470910553583888
22.80350850198276
23.021728866442675
19.72308292331602
18.027756377319946
17.88854381999832
24.351591323771842
26.0
25.578311124857326
25.079872407968907
25.495097567963924
28.5175384631984
30.265491900843113
31.25699921617557
33.37663853655727
33.734255586866
35.22782990761707
35.014282800023196
38.118237105091836
32.7566787083184
39.824615503479755
45.0
48.91829923454004
48.91829923454004
47.20169488482379
44.68780594300866
40.311288741492746
36.76955262170047
35.35533905932738
33.301651610693426
34.828149534535996
25.298221281347036
23.769728648009426
21.18962010041709
28.0178514522438
39.11521443121589
42.04759208325728
34.17601498127012
36.40054944640259
39.84971769034255
45.31004303683677
25.495097567963924
40.311288741492746
35.77708763999664
33.61547262794322
37.0
34.92849839314596
27.073972741361768
27.16615541441225
27.892651361962706
29.206163733020468
33.12099032335839
34.66987164671943
30.479501308256342
33.015148038438355
32.202484376209235
35.0
34.0
32.2490309931942
37.12142238654117
37.05401462729781
27.16615541441225
23.0
31.25699921617557
21.587033144922902
14.560219778561036
19.4164878389476
22.321514285549714
17.55704986607944
16.55294535724685
15.008331019803634
18.973665961010276
21.02379604162864
19.6468827043885
20.024984394500787
19.235384061671343
26.248809496813376
33.24154027718932
33.54101966249684
32.0624390837628
28.071337695236398
23.769728648009426
12.727922061357855
15.811388300841896
10.770329614269007
22.0
38.897300677553446
58.309518948453004
58.52349955359813
54.3415126767741
50.00999900019995
41.10960958218893
42.95346318982906
36.24913792078372
31.400636936215164
34.438350715445125
38.2099463490856
36.013886210738214
32.0624390837628
35.73513677041127
33.95585369269929
26.1725046566048
22.561028345356956
23.53720459187964
17.11724276862369
12.649110640673518
17.11724276862369
11.0
37.589892258425
39.66106403010388
41.23105625617661
45.221676218380054
35.35533905932738
24.041630560342615
15.811388300841896
15.231546211727817
15.811388300841896
16.1245154965971
18.681541692269406
26.92582403567252
19.72308292331602
24.186773244895647
21.095023109728988
19.4164878389476
15.297058540778355
15.0
13.601470508735444
22.360679774997898
25.553864678361276
26.076809620810597
21.2602916254693
20.615528128088304
20.0
15.620499351813308
21.93171219946131
24.698178070456937
21.95449840010015
19.4164878389476
15.0
13.45362404707371
15.620499351813308
11.0
8.246211251235321
10.04987562112089
17.0
21.02379604162864
13.45362404707371
19.849433241279208
21.2602916254693
25.45584412271571
24.041630560342615
21.02379604162864
25.298221281347036
23.706539182259394
18.788294228055936
14.212670403551895
11.180339887498949
23.58495283014151
38.34383914007569
29.068883707497267
26.004807247891687
21.0535032714273
20.09975124224178
19.5
34.20526275297414
30.083217912982647
31.32091952673165
33.06055050963308
32.0
29.017236257093817
39.01281840626232
40.311288741492746
42.0
44.181444068749045
40.607881008493905
44.181444068749045
37.21558813185679
26.627053911388696
27.784887978899608
32.07023542164915
19.209372712298546
38.05259518088089
28.071337695236398
30.59411708155671
31.32091952673165
36.138621999185304
31.304951684997057
30.528675044947494
21.2602916254693
24.596747752497688
19.13765920900464
18.973665961010276
28.284271247461902
33.13608305156178
25.059928172283335
27.202941017470888
26.019223662515376
44.68780594300866
42.37924020083418
33.61547262794322
20.223748416156685
24.041630560342615
14.317821063276353
12.529964086141668
8.246211251235321
15.264337522473747
17.26267650163207
28.160255680657446
17.0
14.560219778561036
17.46424919657298
24.041630560342615
22.80350850198276
7.0710678118654755
13.92838827718412
25.632011235952593
23.021728866442675
31.25699921617557
35.05709628591621
40.11234224026316
45.044422518220834
16.15549442140351
13.601470508735444
23.08679276123039
24.758836806279895
16.1245154965971
24.186773244895647
18.35755975068582
0.0
