5.70087712549569
4.743416490252569
3.3541019662496847
3.905124837953327
3.905124837953327
6.103277807866851
6.708203932499369
7.106335201775948
7.7781745930520225
5.315072906367325
4.6097722286464435
5.656854249492381
3.3541019662496847
4.5
3.640054944640259
3.8078865529319543
2.5495097567963922
1.8027756377319946
4.123105625617661
3.5
4.031128874149275
6.708203932499369
5.220153254455275
6.020797289396148
4.272001872658765
3.0
4.716990566028302
5.5901699437494745
3.640054944640259
3.3541019662496847
4.031128874149275
2.5495097567963922
5.385164807134504
7.632168761236874
6.264982043070834
7.106335201775948
3.2015621187164243
3.605551275463989
2.9154759474226504
2.692582403567252
2.5495097567963922
1.0
1.0
14.866068747318506
15.976545308670458
14.534441853748634
12.349089035228468
4.301162633521313
2.1213203435596424
2.0615528128088303
1.8027756377319946
4.0
5.385164807134504
3.0
10.307764064044152
11.853269591129697
13.285330255586423
13.92838827718412
9.656603957913983
8.74642784226795
7.211102550927978
5.0990195135927845
2.5
4.301162633521313
5.830951894845301
6.519202405202649
8.139410298049853
11.853269591129697
12.298373876248844
12.971121771072847
12.747548783981962
12.971121771072847
12.649110640673518
12.349089035228468
9.82344135219425
7.3824115301167
6.103277807866851
5.70087712549569
6.041522986797286
6.96419413859206
10.770329614269007
11.704699910719626
12.539936203984453
14.317821063276353
12.349089035228468
10.259142264341596
5.522680508593631
2.5
2.0
6.363961030678928
4.6097722286464435
4.301162633521313
8.514693182963201
11.40175425099138
12.971121771072847
11.661903789690601
14.150971698084906
14.773286702694158
13.038404810405298
11.853269591129697
8.06225774829855
8.73212459828649
5.408326913195984
5.408326913195984
5.315072906367325
4.716990566028302
6.4031242374328485
7.826237921249264
12.349089035228468
9.848857801796104
10.594810050208546
9.394147114027968
5.5901699437494745
3.2015621187164243
2.5
3.0413812651491097
3.605551275463989
3.0413812651491097
6.020797289396148
7.905694150420948
9.924716620639604
10.688779163215974
10.111874208078342
10.198039027185569
14.150971698084906
8.73212459828649
6.363961030678928
3.0413812651491097
4.242640687119285
2.5495097567963922
3.2015621187164243
5.830951894845301
5.220153254455275
8.06225774829855
9.17877987534291
9.340770846134703
10.062305898749054
9.617692030835672
7.3824115301167
4.272001872658765
3.8078865529319543
5.830951894845301
5.385164807134504
4.47213595499958
6.041522986797286
8.200609733428363
8.902246907382429
13.46291201783626
10.307764064044152
10.965856099730654
10.793516572461451
8.276472678623424
9.013878188659973
6.96419413859206
9.219544457292887
7.762087348130012
9.5524865872714
9.848857801796104
9.962429422585638
11.280514172678478
11.672617529928752
11.884864324004713
11.510864433221338
10.111874208078342
10.606601717798213
10.920164833920778
9.12414379544733
8.558621384311845
8.73212459828649
9.5524865872714
7.648529270389178
9.86154146165801
11.180339887498949
17.0
24.13503677229434
22.45551157288562
22.14158982548453
20.886598574205422
20.5
15.572411502397436
12.658988901172163
12.020815280171307
15.132745950421556
13.82931668593933
12.649110640673518
13.946325680981353
19.300259065618782
18.828170383762732
11.715374513859981
19.1049731745428
15.20690632574555
12.093386622447824
11.76860229593982
9.5524865872714
11.884864324004713
10.124228365658293
10.770329614269007
20.0124960961895
20.615528128088304
20.5
19.1637678967368
18.82153022471871
19.300259065618782
21.37755832643195
20.396078054371138
17.18284027743958
17.00735135169495
13.536986370680884
14.508618128546908
14.142135623730951
16.867127793433
13.0862523283024
17.10263137648707
16.688319268278637
17.72004514666935
18.828170383762732
16.53027525481654
15.787653403846944
21.70829334609241
20.796634343085422
17.84656829757475
18.33712082089225
20.5
19.6596032513375
19.90602923739438
19.4164878389476
18.82153022471871
17.356554957709783
17.26267650163207
17.18284027743958
18.33712082089225
17.755280904564703
13.729530217745982
13.238202294873727
11.884864324004713
14.807092894960848
14.396180048887969
15.041608956491324
14.221462653327892
17.240939649566666
17.46424919657298
17.26267650163207
16.194134740701646
12.093386622447824
12.010412149464313
17.5
20.71834935510066
19.60229578391266
19.6596032513375
20.09975124224178
20.155644370746373
21.10094784600919
20.5
23.43608329051593
22.276669409945463
21.783020910791965
22.20360331117452
21.70829334609241
17.066048165876012
14.317821063276353
16.278820596099706
19.319679086361656
18.33712082089225
17.18284027743958
16.977926846349646
17.392527130926087
16.00781059358212
15.20690632574555
15.074813431681335
14.577379737113251
12.175795661885921
12.854960132182441
13.152946437965905
13.285330255586423
13.341664064126334
12.854960132182441
14.115594213493104
15.652475842498529
16.560495161679196
16.3783393541592
19.90602923739438
22.14158982548453
16.867127793433
18.741664813991314
15.787653403846944
16.278820596099706
15.524174696260024
15.132745950421556
11.672617529928752
13.238202294873727
15.787653403846944
16.278820596099706
17.26267650163207
16.77050983124842
14.317821063276353
13.152946437965905
13.583077707206124
12.020815280171307
13.341664064126334
13.038404810405298
12.257650672131263
14.142135623730951
15.008331019803634
17.613914953808536
16.56804152578089
22.638462845343543
22.85278976405288
20.65187642806338
19.81161275615895
18.110770276274835
17.26267650163207
18.828170383762732
15.890248582070704
16.1245154965971
16.867127793433
15.297058540778355
14.142135623730951
15.402921800749363
15.20690632574555
15.297058540778355
14.221462653327892
14.807092894960848
15.572411502397436
12.658988901172163
15.132745950421556
12.539936203984453
12.658988901172163
11.76860229593982
12.854960132182441
13.82931668593933
13.038404810405298
14.983324063771697
15.443445211480501
14.577379737113251
15.041608956491324
13.946325680981353
14.577379737113251
13.285330255586423
13.124404748406688
13.285330255586423
12.816005617976296
12.649110640673518
11.280514172678478
11.76860229593982
14.807092894960848
16.3783393541592
14.807092894960848
16.278820596099706
16.77050983124842
15.132745950421556
14.430869689661812
15.700318468107582
15.402921800749363
16.62077013859466
16.194134740701646
17.755280904564703
20.59732992404598
18.24828759089466
21.289668856043768
22.276669409945463
19.81161275615895
19.235384061671343
19.1637678967368
19.235384061671343
17.84656829757475
17.46424919657298
17.95132307101624
14.713938969562161
14.705441169852742
14.221462653327892
12.649110640673518
13.946325680981353
14.916433890176299
14.916433890176299
12.98075498574717
13.946325680981353
12.747548783981962
10.793516572461451
11.045361017187261
12.649110640673518
12.020815280171307
10.44030650891055
11.10180165558726
12.539936203984453
13.0862523283024
17.26267650163207
15.572411502397436
15.297058540778355
15.524174696260024
16.278820596099706
14.142135623730951
13.152946437965905
15.402921800749363
14.705441169852742
14.560219778561036
13.238202294873727
11.884864324004713
15.297058540778355
15.787653403846944
13.152946437965905
15.337861650177967
14.916433890176299
14.916433890176299
14.807092894960848
13.92838827718412
13.124404748406688
14.396180048887969
15.337861650177967
10.594810050208546
12.649110640673518
13.92838827718412
0.0
