8 167 41 25
10 167 41 25
12 168 41 25
14 168 41 25
15 168 41 25
17 168 41 25
19 168 41 25
20 168 41 25
21 169 41 25
23 169 41 25
24 169 41 25
25 169 41 25
27 169 41 25
28 169 41 25
30 169 41 25
31 169 41 25
32 169 41 25
34 169 41 25
36 170 41 25
37 170 41 25
39 171 41 25
41 171 41 25
43 171 41 25
44 172 41 25
45 172 41 25
47 172 41 25
48 172 41 25
49 172 41 25
50 172 41 25
51 172 41 25
52 172 41 25
53 172 41 25
54 172 41 25
55 172 41 25
56 173 41 25
57 173 41 25
58 173 41 25
59 173 41 25
60 173 41 25
61 173 41 25
63 173 41 25
64 173 41 25
65 173 41 25
66 173 41 25
68 173 41 25
69 172 41 25
70 172 41 25
72 172 41 25
73 172 41 25
74 172 41 25
76 172 41 25
77 172 41 25
78 172 41 25
79 172 41 25
80 172 41 25
81 172 41 25
83 172 41 25
84 172 41 25
85 172 41 25
86 172 41 25
87 172 41 25
88 172 41 25
88 172 41 25
88 172 41 25
89 172 41 25
89 172 41 25
89 172 41 25
89 172 41 25
89 172 41 25
90 172 41 25
90 173 41 25
91 173 41 25
91 173 41 25
91 173 41 25
91 173 41 25
91 173 41 25
92 173 41 25
91 173 41 25
91 173 41 25
92 173 41 25
93 173 41 25
94 174 41 25
94 174 41 25
94 174 41 25
94 174 41 25
94 174 41 25
94 174 41 25
94 174 41 25
94 174 41 25
94 174 41 25
95 174 41 25
95 174 41 25
95 174 41 25
95 174 41 25
95 174 41 25
96 174 41 25
96 174 41 25
96 174 41 25
97 174 41 25
97 174 41 25
97 174 41 25
98 174 41 25
98 174 41 25
98 174 41 25
99 174 41 25
99 174 41 25
99 174 41 25
100 174 41 25
101 174 41 25
102 174 41 25
102 174 41 25
103 174 41 25
103 173 41 25
104 173 41 25
105 173 41 25
106 173 41 25
107 173 41 25
107 173 41 25
107 172 41 25
97 184 41 25
108 171 41 25
110 171 41 25
111 171 41 25
112 171 41 25
113 171 41 25
115 171 41 25
116 171 41 25
118 171 41 25
118 171 41 25
120 171 41 25
121 171 41 25
123 171 41 25
124 171 41 25
125 171 41 25
127 171 41 25
127 170 41 25
129 171 41 25
129 170 41 25
130 170 41 25
133 173 41 25
134 171 41 25
137 172 41 25
138 172 41 25
139 169 41 25
127 178 41 25
128 178 41 25
145 170 41 25
147 170 41 25
148 170 41 25
151 170 41 25
151 169 41 25
154 169 41 25
156 170 41 25
156 169 41 25
158 169 41 25
163 171 41 25
144 177 41 25
163 171 41 25
168 171 41 25
152 178 41 25
156 178 41 25
173 170 41 25
175 171 41 25
175 171 41 25
178 172 41 25
178 171 41 25
179 171 41 25
165 177 41 25
181 168 41 25
185 169 41 25
186 169 41 25
188 168 41 25
191 168 41 25
190 168 41 25
194 168 41 25
195 167 41 25
195 167 41 25
196 167 41 25
196 167 41 25
196 166 41 25
197 166 41 25
198 165 41 25
200 165 41 25
201 165 41 25
203 165 41 25
207 165 41 25
213 166 41 25
212 175 41 25
224 164 41 25
226 163 41 25
231 162 41 25
237 162 41 25
241 174 41 25
244 173 41 25
246 178 41 25
249 178 41 25
251 173 41 25
251 172 41 25
251 172 41 25
250 170 41 25
250 170 41 25
247 169 41 25
243 168 41 25
239 166 41 25
237 166 41 25
232 163 41 25
233 164 41 25
232 162 41 25
235 162 41 25
240 161 41 25
246 160 41 25
254 159 41 25
261 159 41 25
270 157 41 25
280 157 41 25
289 157 41 25
296 157 41 25
304 158 41 25
311 157 41 25
320 157 41 25
328 156 41 25
336 156 41 25
344 155 41 25
351 153 41 25
358 152 41 25
374 160 41 25
379 158 41 25
384 157 41 25
383 145 41 25
387 144 41 25
391 140 41 25
395 140 41 25
399 140 41 25
403 141 41 25
410 153 41 25
416 154 41 25
420 154 41 25
424 153 41 25
424 143 41 25
427 141 41 25
431 141 41 25
435 140 41 25
441 140 41 25
449 140 41 25
458 139 41 25
469 139 41 25
483 139 41 25
499 138 41 25
517 137 41 25
537 137 41 25
557 137 41 25
