145 147 32 73
145 147 32 73
145 147 32 73
146 147 32 73
146 147 32 73
145 147 32 73
145 147 32 73
145 147 32 73
144 148 32 73
145 147 32 73
145 147 32 73
145 147 32 73
145 147 32 73
146 147 32 73
145 147 32 73
145 147 32 73
145 147 32 73
145 147 32 73
145 147 32 73
145 147 32 73
145 147 32 73
145 147 32 73
145 146 32 73
146 147 32 73
146 147 32 73
146 147 32 73
146 146 32 73
146 146 32 73
147 146 32 73
147 146 32 73
147 147 32 73
147 147 32 73
147 148 32 73
146 147 32 73
146 148 32 73
145 148 32 73
144 149 32 73
144 149 32 73
144 149 32 73
143 149 32 73
143 149 32 73
143 149 32 73
143 148 32 73
143 148 32 73
143 148 32 73
142 148 32 73
142 148 32 73
142 148 32 73
141 148 32 73
141 148 32 73
140 149 32 73
139 149 32 73
139 149 32 73
139 149 32 73
139 149 32 73
139 149 32 73
139 150 32 73
139 150 32 73
139 151 32 73
139 150 32 73
140 150 32 73
140 150 32 73
141 150 32 73
141 151 32 73
141 151 32 73
141 151 32 73
141 151 32 73
141 151 32 73
141 151 32 73
141 151 32 73
141 151 32 73
143 150 32 73
142 150 32 73
141 150 32 73
141 150 32 73
141 150 32 73
141 150 32 73
141 150 32 73
140 150 32 73
140 150 32 73
140 150 32 73
140 150 32 73
140 149 32 73
140 149 32 73
141 150 32 73
141 149 32 73
141 149 32 73
142 149 32 73
142 149 32 73
142 149 32 73
142 150 32 73
142 150 32 73
142 151 32 73
144 151 32 73
144 151 32 73
145 151 32 73
145 152 32 73
145 152 32 73
146 152 32 73
146 152 32 73
146 152 32 73
146 152 32 73
146 152 32 73
146 152 32 73
146 152 32 73
145 152 32 73
146 151 32 73
146 151 32 73
146 152 32 73
146 152 32 73
146 152 32 73
146 152 32 73
146 152 32 73
146 152 32 73
147 152 32 73
147 152 32 73
148 151 32 73
148 151 32 73
149 150 32 73
149 150 32 73
148 151 32 73
148 150 32 73
148 151 32 73
148 151 32 73
147 151 32 73
147 150 32 73
147 150 32 73
147 150 32 73
147 150 32 73
146 150 32 73
146 150 32 73
146 150 32 73
146 150 32 73
146 149 32 73
146 149 32 73
146 149 32 73
146 148 32 73
146 149 32 73
146 149 32 73
146 149 32 73
145 149 32 73
145 149 32 73
145 148 32 73
145 148 32 73
144 148 32 73
144 148 32 73
144 148 32 73
143 149 32 73
143 148 32 73
142 148 32 73
142 148 32 73
142 148 32 73
142 148 32 73
141 148 32 73
141 148 32 73
141 148 32 73
141 148 32 73
140 148 32 73
140 148 32 73
139 148 32 73
139 148 32 73
139 149 32 73
138 149 32 73
138 150 32 73
138 150 32 73
137 150 32 73
138 150 32 73
140 149 32 73
140 149 32 73
139 149 32 73
139 149 32 73
138 149 32 73
138 150 32 73
138 150 32 73
138 150 32 73
138 149 32 73
138 149 32 73
137 149 32 73
138 149 32 73
138 149 32 73
137 150 32 73
137 150 32 73
138 149 32 73
139 149 32 73
140 149 32 73
141 148 32 73
143 148 32 73
144 147 32 73
147 147 32 73
149 146 32 73
152 146 32 73
155 145 32 73
158 143 32 73
160 142 32 73
162 141 32 73
164 140 32 73
166 139 32 73
166 138 32 73
166 137 32 73
164 136 32 73
162 136 32 73
159 137 32 73
156 137 32 73
152 136 32 73
147 135 32 73
143 135 32 73
138 134 32 73
133 133 32 73
128 133 32 73
123 133 32 73
118 133 32 73
114 133 32 73
111 133 32 73
108 134 32 73
105 136 32 73
104 137 32 73
102 138 32 73
101 140 32 73
100 142 32 73
99 143 32 73
99 146 32 73
99 147 32 73
99 149 32 73
99 151 32 73
102 152 32 73
103 153 32 73
103 155 32 73
106 155 32 73
108 156 32 73
109 157 32 73
110 158 32 73
109 159 32 73
108 159 32 73
107 159 32 73
105 159 32 73
103 159 32 73
100 158 32 73
99 158 32 73
97 158 32 73
95 158 32 73
93 159 32 73
90 158 32 73
87 157 32 73
85 157 32 73
83 158 32 73
79 156 32 73
75 155 32 73
72 155 32 73
68 153 32 73
64 153 32 73
62 154 32 73
59 154 32 73
57 152 32 73
54 149 32 73
52 148 32 73
50 147 32 73
48 146 32 73
47 145 32 73
47 143 32 73
46 142 32 73
46 141 32 73
46 141 32 73
46 140 32 73
46 140 32 73
48 140 32 73
51 141 32 73
54 140 32 73
58 140 32 73
61 140 32 73
65 141 32 73
70 142 32 73
75 142 32 73
80 142 32 73
86 143 32 73
91 143 32 73
98 144 32 73
102 144 32 73
107 144 32 73
112 145 32 73
116 145 32 73
119 146 32 73
123 146 32 73
125 147 32 73
128 147 32 73
131 148 32 73
134 148 32 73
137 149 32 73
139 150 32 73
141 151 32 73
143 152 32 73
144 152 32 73
145 152 32 73
146 152 32 73
147 152 32 73
147 152 32 73
147 153 32 73
147 155 32 73
147 156 32 73
147 157 32 73
146 158 32 73
146 159 32 73
145 160 32 73
144 162 32 73
142 163 32 73
140 164 32 73
137 165 32 73
134 166 32 73
130 168 32 73
127 168 32 73
124 169 32 73
121 169 32 73
118 170 32 73
116 169 32 73
115 167 32 73
112 166 32 73
108 165 32 73
104 165 32 73
100 165 32 73
96 164 32 73
93 163 32 73
89 163 32 73
85 162 32 73
82 162 32 73
79 161 32 73
75 159 32 73
72 158 32 73
68 157 32 73
65 155 32 73
62 154 32 73
60 153 32 73
59 151 32 73
58 149 32 73
58 148 32 73
58 146 32 73
58 144 32 73
59 144 32 73
61 143 32 73
63 141 32 73
66 139 32 73
68 139 32 73
70 136 32 73
74 134 32 73
78 133 32 73
81 132 32 73
85 131 32 73
90 129 32 73
96 129 32 73
100 128 32 73
107 126 32 73
112 125 32 73
118 125 32 73
124 125 32 73
131 125 32 73
138 125 32 73
145 125 32 73
151 125 32 73
158 125 32 73
166 126 32 73
172 126 32 73
178 126 32 73
185 126 32 73
192 126 32 73
198 127 32 73
204 128 32 73
208 129 32 73
212 130 32 73
216 132 32 73
219 134 32 73
222 135 32 73
224 137 32 73
225 138 32 73
225 139 32 73
225 141 32 73
224 143 32 73
221 145 32 73
218 146 32 73
213 147 32 73
209 148 32 73
205 149 32 73
199 150 32 73
194 151 32 73
188 152 32 73
182 154 32 73
176 155 32 73
170 156 32 73
164 157 32 73
158 158 32 73
152 158 32 73
146 158 32 73
139 158 32 73
133 158 32 73
126 158 32 73
119 158 32 73
114 157 32 73
108 156 32 73
103 154 32 73
98 152 32 73
94 149 32 73
89 146 32 73
85 142 32 73
82 138 32 73
78 135 32 73
76 132 32 73
76 128 32 73
76 124 32 73
78 121 32 73
81 117 32 73
85 114 32 73
90 111 32 73
95 108 32 73
100 105 32 73
106 102 32 73
111 99 32 73
116 95 32 73
122 92 32 73
126 90 32 73
130 87 32 73
133 84 32 73
137 83 32 73
140 82 32 73
142 80 32 73
145 77 32 73
150 71 32 73
151 69 32 73
152 67 32 73
152 64 32 73
152 61 32 73
151 58 32 73
150 54 32 73
147 53 32 73
145 50 32 73
142 48 32 73
139 46 32 73
136 46 32 73
133 46 32 73
130 46 32 73
127 47 32 73
125 48 32 73
122 50 32 73
120 51 32 73
118 54 32 73
115 57 32 73
112 60 32 73
110 65 32 73
108 68 32 73
106 72 32 73
104 75 32 73
102 79 32 73
102 83 32 73
100 88 32 73
99 93 32 73
98 97 32 73
97 102 32 73
97 105 32 73
96 110 32 73
96 113 32 73
98 119 32 73
99 123 32 73
100 127 32 73
102 129 32 73
103 132 32 73
105 135 32 73
107 138 32 73
109 139 32 73
111 140 32 73
111 141 32 73
112 143 32 73
113 145 32 73
113 147 32 73
113 149 32 73
113 151 32 73
114 152 32 73
114 153 32 73
114 153 32 73
115 154 32 73
116 155 32 73
116 156 32 73
115 157 32 73
115 157 32 73
115 158 32 73
115 158 32 73
115 159 32 73
115 159 32 73
115 159 32 73
115 159 32 73
114 158 32 73
115 158 32 73
115 157 32 73
114 157 32 73
113 157 32 73
112 156 32 73
111 155 32 73
109 153 32 73
109 153 32 73
108 151 32 73
109 149 32 73
108 149 32 73
107 148 32 73
106 148 32 73
104 147 32 73
103 145 32 73
101 144 32 73
100 142 32 73
100 139 32 73
99 137 32 73
98 133 32 73
96 131 32 73
95 128 32 73
95 125 32 73
94 122 32 73
95 120 32 73
95 117 32 73
97 114 32 73
99 110 32 73
102 109 32 73
106 108 32 73
112 107 32 73
118 107 32 73
126 109 32 73
133 110 32 73
141 113 32 73
150 116 32 73
158 118 32 73
166 119 32 73
174 118 32 73
180 119 32 73
186 121 32 73
190 123 32 73
193 125 32 73
194 127 32 73
195 128 32 73
195 130 32 73
196 132 32 73
196 134 32 73
195 135 32 73
194 137 32 73
192 139 32 73
190 141 32 73
188 143 32 73
184 146 32 73
181 149 32 73
177 152 32 73
173 155 32 73
169 157 32 73
166 160 32 73
163 163 32 73
160 167 32 73
159 166 32 73
157 165 32 73
153 168 32 73
150 172 32 73
147 174 32 73
147 173 32 73
147 173 32 73
146 175 32 73
144 177 32 73
140 177 32 73
136 176 32 73
132 174 32 73
128 174 32 73
125 174 32 73
123 176 32 73
120 177 32 73
119 177 32 73
118 175 32 73
116 176 32 73
115 176 32 73
116 176 32 73
118 176 32 73
121 177 32 73
124 177 32 73
126 177 32 73
128 178 32 73
130 180 32 73
132 182 32 73
135 185 32 73
137 186 32 73
139 186 32 73
142 186 32 73
145 186 32 73
148 186 32 73
152 185 32 73
155 184 32 73
159 182 32 73
164 183 32 73
167 184 32 73
171 184 32 73
175 183 32 73
178 181 32 73
181 179 32 73
184 175 32 73
186 171 32 73
187 168 32 73
187 166 32 73
187 164 32 73
186 163 32 73
184 162 32 73
183 160 32 73
182 158 32 73
182 158 32 73
181 157 32 73
179 156 32 73
176 155 32 73
173 154 32 73
170 154 32 73
166 155 32 73
163 156 32 73
159 157 32 73
155 157 32 73
151 158 32 73
148 160 32 73
145 161 32 73
143 163 32 73
141 164 32 73
140 166 32 73
140 169 32 73
141 171 32 73
142 174 32 73
143 176 32 73
144 179 32 73
146 181 32 73
147 182 32 73
148 183 32 73
151 185 32 73
153 186 32 73
154 187 32 73
157 187 32 73
159 187 32 73
161 187 32 73
164 187 32 73
167 187 32 73
169 188 32 73
172 187 32 73
175 186 32 73
177 185 32 73
180 184 32 73
184 183 32 73
187 183 32 73
190 182 32 73
193 181 32 73
196 180 32 73
198 178 32 73
200 175 32 73
204 173 32 73
206 172 32 73
210 171 32 73
212 169 32 73
217 166 32 73
219 163 32 73
220 161 32 73
223 161 32 73
223 160 32 73
224 159 32 73
225 158 32 73
226 157 32 73
228 157 32 73
229 155 32 73
231 155 32 73
232 154 32 73
233 151 32 73
234 150 32 73
236 149 32 73
237 147 32 73
238 146 32 73
240 145 32 73
240 145 32 73
241 143 32 73
241 142 32 73
240 141 32 73
239 140 32 73
238 139 32 73
236 138 32 73
233 137 32 73
230 136 32 73
226 135 32 73
223 134 32 73
219 133 32 73
215 132 32 73
211 131 32 73
206 129 32 73
202 127 32 73
196 127 32 73
190 126 32 73
185 126 32 73
179 126 32 73
173 125 32 73
168 125 32 73
163 125 32 73
158 124 32 73
153 123 32 73
148 123 32 73
142 122 32 73
137 122 32 73
132 122 32 73
128 122 32 73
124 121 32 73
121 121 32 73
119 121 32 73
117 121 32 73
115 121 32 73
113 122 32 73
111 123 32 73
110 124 32 73
110 125 32 73
110 126 32 73
110 128 32 73
111 128 32 73
112 130 32 73
113 132 32 73
114 134 32 73
116 136 32 73
118 139 32 73
121 142 32 73
124 145 32 73
126 147 32 73
129 150 32 73
132 153 32 73
136 156 32 73
139 158 32 73
143 160 32 73
145 161 32 73
147 162 32 73
149 161 32 73
152 160 32 73
154 159 32 73
157 157 32 73
160 154 32 73
162 151 32 73
164 147 32 73
166 143 32 73
169 139 32 73
171 133 32 73
172 129 32 73
174 124 32 73
175 119 32 73
175 114 32 73
175 109 32 73
175 104 32 73
175 98 32 73
176 92 32 73
175 87 32 73
175 81 32 73
173 75 32 73
170 71 32 73
168 66 32 73
166 61 32 73
164 57 32 73
161 53 32 73
158 51 32 73
154 49 32 73
150 48 32 73
145 47 32 73
141 47 32 73
137 48 32 73
133 50 32 73
129 50 32 73
124 51 32 73
119 53 32 73
114 55 32 73
110 58 32 73
106 60 32 73
102 63 32 73
100 66 32 73
98 70 32 73
97 75 32 73
97 82 32 73
96 87 32 73
97 92 32 73
97 98 32 73
97 104 32 73
97 109 32 73
97 114 32 73
98 119 32 73
99 124 32 73
99 129 32 73
101 133 32 73
103 137 32 73
105 141 32 73
108 145 32 73
110 147 32 73
113 151 32 73
116 155 32 73
120 160 32 73
124 163 32 73
128 166 32 73
131 170 32 73
135 172 32 73
139 175 32 73
143 177 32 73
146 179 32 73
150 180 32 73
154 182 32 73
158 182 32 73
163 182 32 73
168 181 32 73
172 180 32 73
175 179 32 73
178 177 32 73
181 176 32 73
184 174 32 73
186 172 32 73
189 169 32 73
191 166 32 73
191 162 32 73
192 158 32 73
192 155 32 73
192 153 32 73
192 151 32 73
192 149 32 73
191 145 32 73
192 140 32 73
192 136 32 73
192 131 32 73
192 126 32 73
191 122 32 73
189 119 32 73
187 116 32 73
184 113 32 73
180 110 32 73
177 107 32 73
173 105 32 73
170 103 32 73
167 103 32 73
164 104 32 73
161 106 32 73
159 109 32 73
157 114 32 73
156 119 32 73
156 125 32 73
156 130 32 73
156 130 32 73
156 131 32 73
155 129 32 73
154 124 32 73
153 118 32 73
153 111 32 73
152 104 32 73
152 99 32 73
151 95 32 73
148 94 32 73
145 94 32 73
142 97 32 73
139 100 32 73
136 105 32 73
133 111 32 73
131 116 32 73
129 120 32 73
128 124 32 73
128 125 32 73
129 125 32 73
129 123 32 73
129 119 32 73
129 114 32 73
128 108 32 73
126 102 32 73
126 97 32 73
125 94 32 73
124 92 32 73
123 91 32 73
123 92 32 73
122 94 32 73
124 100 32 73
124 104 32 73
126 111 32 73
129 117 32 73
132 122 32 73
135 125 32 73
138 126 32 73
141 125 32 73
144 121 32 73
148 117 32 73
151 110 32 73
154 101 32 73
157 93 32 73
160 85 32 73
162 77 32 73
163 72 32 73
164 69 32 73
163 68 32 73
161 68 32 73
160 71 32 73
159 76 32 73
158 82 32 73
158 88 32 73
158 93 32 73
160 98 32 73
161 98 32 73
163 99 32 73
165 97 32 73
167 93 32 73
168 87 32 73
169 81 32 73
169 74 32 73
168 69 32 73
166 66 32 73
164 65 32 73
162 67 32 73
161 72 32 73
160 80 32 73
161 90 32 73
162 100 32 73
163 109 32 73
163 115 32 73
163 117 32 73
164 117 32 73
166 114 32 73
168 108 32 73
169 100 32 73
171 92 32 73
171 85 32 73
169 78 32 73
166 72 32 73
161 67 32 73
158 65 32 73
155 65 32 73
152 66 32 73
150 71 32 73
150 77 32 73
151 84 32 73
152 90 32 73
154 95 32 73
155 99 32 73
157 103 32 73
158 106 32 73
160 108 32 73
162 110 32 73
166 111 32 73
172 111 32 73
176 109 32 73
181 107 32 73
187 103 32 73
195 99 32 73
204 94 32 73
213 89 32 73
222 85 32 73
231 84 32 73
237 82 32 73
242 82 32 73
246 83 32 73
247 85 32 73
246 87 32 73
243 89 32 73
240 92 32 73
235 95 32 73
230 99 32 73
224 102 32 73
217 106 32 73
209 109 32 73
201 112 32 73
194 116 32 73
187 119 32 73
180 123 32 73
173 127 32 73
167 132 32 73
161 136 32 73
158 140 32 73
155 144 32 73
152 148 32 73
150 152 32 73
150 156 32 73
150 160 32 73
152 163 32 73
154 165 32 73
157 166 32 73
161 166 32 73
163 167 32 73
166 167 32 73
169 166 32 73
172 165 32 73
176 163 32 73
179 161 32 73
183 159 32 73
186 157 32 73
189 153 32 73
191 149 32 73
192 145 32 73
192 141 32 73
192 137 32 73
192 133 32 73
190 129 32 73
187 125 32 73
185 120 32 73
181 116 32 73
177 112 32 73
173 109 32 73
168 106 32 73
164 104 32 73
160 103 32 73
156 103 32 73
153 103 32 73
151 103 32 73
148 105 32 73
146 106 32 73
145 107 32 73
145 108 32 73
145 110 32 73
145 112 32 73
146 114 32 73
147 115 32 73
148 117 32 73
149 119 32 73
152 121 32 73
155 122 32 73
157 123 32 73
161 124 32 73
166 126 32 73
170 127 32 73
175 128 32 73
180 128 32 73
186 128 32 73
192 127 32 73
198 127 32 73
204 127 32 73
210 127 32 73
216 127 32 73
222 126 32 73
228 125 32 73
233 124 32 73
237 123 32 73
239 123 32 73
240 123 32 73
241 122 32 73
241 121 32 73
240 121 32 73
237 121 32 73
235 122 32 73
231 122 32 73
227 121 32 73
222 121 32 73
217 121 32 73
210 120 32 73
204 120 32 73
198 120 32 73
192 120 32 73
185 120 32 73
179 121 32 73
173 121 32 73
167 122 32 73
161 123 32 73
154 125 32 73
148 126 32 73
143 127 32 73
137 129 32 73
132 130 32 73
127 131 32 73
123 133 32 73
119 135 32 73
116 136 32 73
113 138 32 73
110 140 32 73
107 142 32 73
105 144 32 73
104 146 32 73
104 148 32 73
103 150 32 73
104 152 32 73
106 153 32 73
108 155 32 73
109 157 32 73
112 158 32 73
114 159 32 73
118 160 32 73
122 162 32 73
127 164 32 73
131 165 32 73
137 166 32 73
142 168 32 73
148 168 32 73
153 169 32 73
158 169 32 73
163 169 32 73
168 169 32 73
173 168 32 73
178 168 32 73
184 168 32 73
188 166 32 73
194 165 32 73
199 165 32 73
206 164 32 73
212 163 32 73
218 161 32 73
223 160 32 73
229 158 32 73
234 157 32 73
240 155 32 73
245 154 32 73
249 152 32 73
253 151 32 73
257 149 32 73
259 148 32 73
263 146 32 73
265 145 32 73
267 144 32 73
269 143 32 73
270 141 32 73
271 138 32 73
271 136 32 73
271 135 32 73
271 134 32 73
269 133 32 73
267 131 32 73
265 130 32 73
262 129 32 73
260 128 32 73
256 127 32 73
252 127 32 73
248 127 32 73
244 128 32 73
240 128 32 73
235 128 32 73
231 127 32 73
226 127 32 73
222 128 32 73
218 129 32 73
211 129 32 73
205 130 32 73
200 130 32 73
194 129 32 73
188 129 32 73
183 130 32 73
177 130 32 73
171 130 32 73
167 130 32 73
162 130 32 73
157 131 32 73
153 132 32 73
148 133 32 73
144 135 32 73
141 137 32 73
138 138 32 73
135 139 32 73
132 141 32 73
130 142 32 73
129 144 32 73
129 145 32 73
127 147 32 73
127 149 32 73
127 153 32 73
127 155 32 73
128 157 32 73
129 159 32 73
130 160 32 73
132 162 32 73
135 163 32 73
138 164 32 73
142 164 32 73
146 163 32 73
151 164 32 73
155 165 32 73
159 166 32 73
164 166 32 73
167 168 32 73
171 168 32 73
174 167 32 73
177 167 32 73
179 167 32 73
181 167 32 73
184 166 32 73
187 164 32 73
191 163 32 73
193 161 32 73
195 159 32 73
198 157 32 73
200 154 32 73
202 151 32 73
205 148 32 73
207 145 32 73
209 142 32 73
210 138 32 73
211 134 32 73
212 130 32 73
213 125 32 73
214 121 32 73
214 117 32 73
213 112 32 73
212 107 32 73
211 102 32 73
210 97 32 73
208 92 32 73
207 88 32 73
204 84 32 73
201 80 32 73
198 76 32 73
195 73 32 73
190 71 32 73
185 68 32 73
180 67 32 73
175 67 32 73
169 67 32 73
163 68 32 73
157 70 32 73
151 73 32 73
144 76 32 73
138 81 32 73
133 87 32 73
127 92 32 73
123 98 32 73
118 105 32 73
114 111 32 73
111 116 32 73
108 121 32 73
107 127 32 73
105 133 32 73
103 139 32 73
103 144 32 73
103 149 32 73
104 154 32 73
105 157 32 73
107 161 32 73
110 163 32 73
113 166 32 73
117 168 32 73
120 170 32 73
124 172 32 73
127 173 32 73
130 175 32 73
133 176 32 73
136 176 32 73
139 177 32 73
142 177 32 73
145 178 32 73
149 179 32 73
152 180 32 73
155 180 32 73
157 181 32 73
160 181 32 73
162 182 32 73
164 182 32 73
165 182 32 73
166 182 32 73
166 180 32 73
167 179 32 73
166 178 32 73
166 176 32 73
166 175 32 73
166 172 32 73
165 169 32 73
164 166 32 73
163 162 32 73
163 158 32 73
163 154 32 73
163 149 32 73
163 144 32 73
164 138 32 73
164 133 32 73
164 128 32 73
164 122 32 73
165 118 32 73
166 114 32 73
167 109 32 73
167 105 32 73
167 102 32 73
168 98 32 73
168 96 32 73
169 94 32 73
169 93 32 73
169 92 32 73
170 91 32 73
170 92 32 73
171 92 32 73
172 92 32 73
172 93 32 73
172 94 32 73
172 96 32 73
172 97 32 73
172 98 32 73
171 99 32 73
170 100 32 73
169 101 32 73
168 103 32 73
167 105 32 73
166 107 32 73
166 110 32 73
164 112 32 73
163 114 32 73
162 116 32 73
161 119 32 73
161 120 32 73
160 123 32 73
159 125 32 73
159 128 32 73
159 130 32 73
158 132 32 73
158 135 32 73
159 137 32 73
159 140 32 73
158 142 32 73
157 144 32 73
158 148 32 73
159 151 32 73
161 153 32 73
162 155 32 73
163 156 32 73
164 157 32 73
165 158 32 73
166 158 32 73
167 159 32 73
167 159 32 73
168 159 32 73
170 158 32 73
171 157 32 73
172 156 32 73
174 155 32 73
176 154 32 73
179 153 32 73
182 152 32 73
185 150 32 73
188 148 32 73
191 147 32 73
195 145 32 73
199 142 32 73
202 139 32 73
205 137 32 73
208 136 32 73
212 136 32 73
216 136 32 73
219 135 32 73
222 133 32 73
225 132 32 73
229 133 32 73
232 133 32 73
235 132 32 73
237 132 32 73
239 132 32 73
240 132 32 73
242 131 32 73
244 131 32 73
246 130 32 73
246 129 32 73
246 129 32 73
245 130 32 73
243 130 32 73
242 130 32 73
240 131 32 73
237 131 32 73
235 131 32 73
233 132 32 73
230 133 32 73
228 132 32 73
227 132 32 73
225 133 32 73
222 136 32 73
219 137 32 73
216 137 32 73
212 139 32 73
209 140 32 73
205 141 32 73
201 142 32 73
197 143 32 73
193 144 32 73
189 144 32 73
185 145 32 73
181 145 32 73
178 145 32 73
175 146 32 73
173 147 32 73
170 148 32 73
167 149 32 73
164 149 32 73
162 149 32 73
159 149 32 73
157 150 32 73
154 150 32 73
152 149 32 73
148 149 32 73
145 149 32 73
142 148 32 73
140 147 32 73
138 148 32 73
137 148 32 73
136 148 32 73
135 147 32 73
134 147 32 73
133 146 32 73
132 146 32 73
131 146 32 73
130 146 32 73
129 146 32 73
127 146 32 73
127 145 32 73
128 144 32 73
130 144 32 73
132 143 32 73
135 143 32 73
138 142 32 73
141 141 32 73
144 141 32 73
148 141 32 73
153 141 32 73
159 141 32 73
165 141 32 73
171 139 32 73
177 137 32 73
182 136 32 73
186 135 32 73
190 133 32 73
194 132 32 73
199 130 32 73
204 129 32 73
209 128 32 73
214 127 32 73
220 127 32 73
225 126 32 73
231 125 32 73
236 125 32 73
241 125 32 73
246 125 32 73
250 125 32 73
254 126 32 73
257 126 32 73
261 126 32 73
265 127 32 73
268 127 32 73
270 127 32 73
272 126 32 73
273 126 32 73
273 125 32 73
272 122 32 73
269 119 32 73
266 117 32 73
261 115 32 73
256 113 32 73
251 113 32 73
245 113 32 73
239 112 32 73
233 112 32 73
228 112 32 73
222 112 32 73
215 112 32 73
208 112 32 73
201 112 32 73
195 113 32 73
188 113 32 73
182 113 32 73
175 113 32 73
169 114 32 73
162 115 32 73
156 116 32 73
150 116 32 73
145 118 32 73
140 119 32 73
134 120 32 73
129 121 32 73
124 122 32 73
119 122 32 73
115 123 32 73
111 123 32 73
108 124 32 73
106 124 32 73
104 125 32 73
103 125 32 73
103 127 32 73
104 128 32 73
106 130 32 73
109 131 32 73
112 133 32 73
115 134 32 73
118 136 32 73
120 138 32 73
122 140 32 73
123 143 32 73
123 145 32 73
123 148 32 73
122 150 32 73
120 152 32 73
117 153 32 73
114 155 32 73
110 156 32 73
108 157 32 73
106 157 32 73
104 156 32 73
103 156 32 73
103 156 32 73
103 157 32 73
104 158 32 73
105 158 32 73
107 158 32 73
109 159 32 73
113 161 32 73
117 162 32 73
122 164 32 73
127 166 32 73
133 167 32 73
139 169 32 73
144 170 32 73
150 171 32 73
156 172 32 73
162 173 32 73
168 173 32 73
174 173 32 73
180 173 32 73
186 172 32 73
191 171 32 73
197 169 32 73
202 168 32 73
206 164 32 73
211 163 32 73
216 161 32 73
221 159 32 73
226 156 32 73
231 154 32 73
235 151 32 73
240 149 32 73
244 146 32 73
248 143 32 73
252 141 32 73
253 137 32 73
254 134 32 73
255 132 32 73
254 129 32 73
253 127 32 73
251 125 32 73
248 122 32 73
245 120 32 73
242 117 32 73
238 115 32 73
234 114 32 73
230 113 32 73
225 113 32 73
219 113 32 73
213 114 32 73
207 115 32 73
201 117 32 73
195 118 32 73
190 121 32 73
185 123 32 73
180 125 32 73
176 128 32 73
173 131 32 73
170 135 32 73
169 139 32 73
169 142 32 73
169 146 32 73
170 150 32 73
171 154 32 73
173 158 32 73
175 162 32 73
178 165 32 73
181 167 32 73
185 169 32 73
189 170 32 73
192 172 32 73
195 172 32 73
197 171 32 73
199 169 32 73
200 167 32 73
201 164 32 73
202 160 32 73
202 156 32 73
202 151 32 73
202 145 32 73
202 140 32 73
202 135 32 73
201 130 32 73
201 124 32 73
200 119 32 73
199 114 32 73
198 110 32 73
197 105 32 73
195 100 32 73
193 96 32 73
192 91 32 73
190 88 32 73
187 85 32 73
183 82 32 73
178 78 32 73
172 75 32 73
166 73 32 73
160 71 32 73
155 70 32 73
149 69 32 73
143 67 32 73
136 66 32 73
130 65 32 73
123 65 32 73
117 66 32 73
110 67 32 73
104 68 32 73
98 69 32 73
92 70 32 73
86 72 32 73
80 75 32 73
74 78 32 73
69 80 32 73
64 84 32 73
60 88 32 73
57 92 32 73
56 96 32 73
56 99 32 73
57 102 32 73
60 106 32 73
63 110 32 73
68 115 32 73
75 120 32 73
82 125 32 73
90 128 32 73
98 132 32 73
108 136 32 73
119 140 32 73
132 143 32 73
143 145 32 73
153 146 32 73
163 148 32 73
174 150 32 73
184 153 32 73
194 154 32 73
205 156 32 73
215 157 32 73
224 158 32 73
232 159 32 73
239 159 32 73
244 159 32 73
246 158 32 73
247 158 32 73
245 158 32 73
242 157 32 73
238 157 32 73
233 156 32 73
227 155 32 73
221 155 32 73
214 154 32 73
207 153 32 73
200 152 32 73
192 152 32 73
185 151 32 73
177 151 32 73
170 151 32 73
163 150 32 73
156 151 32 73
151 152 32 73
147 154 32 73
143 156 32 73
140 159 32 73
138 164 32 73
137 169 32 73
137 174 32 73
138 179 32 73
140 184 32 73
143 189 32 73
148 194 32 73
153 198 32 73
160 202 32 73
166 206 32 73
173 208 32 73
180 209 32 73
187 209 32 73
194 207 32 73
200 206 32 73
206 204 32 73
213 201 32 73
219 199 32 73
225 196 32 73
230 193 32 73
234 190 32 73
237 186 32 73
241 182 32 73
243 179 32 73
245 174 32 73
246 171 32 73
248 167 32 73
248 163 32 73
248 159 32 73
248 155 32 73
248 151 32 73
247 148 32 73
247 144 32 73
247 140 32 73
247 136 32 73
246 133 32 73
245 129 32 73
243 126 32 73
241 122 32 73
238 119 32 73
236 116 32 73
233 113 32 73
229 110 32 73
225 108 32 73
221 106 32 73
216 104 32 73
211 102 32 73
206 100 32 73
201 99 32 73
196 99 32 73
191 98 32 73
186 98 32 73
181 98 32 73
177 98 32 73
173 99 32 73
168 101 32 73
163 103 32 73
159 105 32 73
156 108 32 73
154 112 32 73
152 116 32 73
151 120 32 73
151 124 32 73
150 128 32 73
150 132 32 73
150 135 32 73
149 138 32 73
149 141 32 73
149 144 32 73
149 146 32 73
149 149 32 73
149 151 32 73
149 153 32 73
149 156 32 73
150 159 32 73
151 162 32 73
152 166 32 73
155 170 32 73
157 174 32 73
160 177 32 73
165 187 32 73
168 191 32 73
170 193 32 73
174 195 32 73
178 196 32 73
183 197 32 73
188 197 32 73
193 197 32 73
198 195 32 73
202 193 32 73
206 189 32 73
209 185 32 73
211 179 32 73
212 173 32 73
211 165 32 73
210 157 32 73
209 149 32 73
206 142 32 73
203 135 32 73
199 129 32 73
193 123 32 73
188 118 32 73
182 113 32 73
176 110 32 73
170 107 32 73
164 106 32 73
156 105 32 73
148 105 32 73
140 106 32 73
133 107 32 73
126 108 32 73
118 111 32 73
112 114 32 73
106 116 32 73
101 120 32 73
97 123 32 73
94 126 32 73
92 129 32 73
90 132 32 73
90 134 32 73
90 137 32 73
91 140 32 73
92 143 32 73
94 145 32 73
97 147 32 73
100 149 32 73
103 151 32 73
107 152 32 73
112 154 32 73
117 155 32 73
123 156 32 73
128 157 32 73
133 158 32 73
137 159 32 73
143 159 32 73
149 159 32 73
154 160 32 73
160 162 32 73
168 163 32 73
175 163 32 73
182 165 32 73
189 167 32 73
197 168 32 73
203 167 32 73
209 166 32 73
214 165 32 73
220 165 32 73
225 164 32 73
230 163 32 73
233 161 32 73
237 159 32 73
239 159 32 73
241 158 32 73
243 157 32 73
244 155 32 73
245 154 32 73
247 154 32 73
248 152 32 73
248 151 32 73
248 150 32 73
248 148 32 73
248 147 32 73
247 146 32 73
246 144 32 73
246 142 32 73
246 141 32 73
246 139 32 73
246 138 32 73
245 137 32 73
243 136 32 73
242 135 32 73
240 133 32 73
238 132 32 73
235 132 32 73
231 131 32 73
228 129 32 73
224 129 32 73
220 128 32 73
217 127 32 73
213 126 32 73
209 125 32 73
204 125 32 73
199 124 32 73
194 124 32 73
189 124 32 73
184 124 32 73
179 124 32 73
175 125 32 73
170 125 32 73
165 126 32 73
160 127 32 73
155 128 32 73
151 129 32 73
147 130 32 73
144 131 32 73
141 133 32 73
138 134 32 73
135 136 32 73
132 137 32 73
130 138 32 73
129 140 32 73
128 143 32 73
127 147 32 73
126 151 32 73
127 156 32 73
127 161 32 73
129 166 32 73
130 170 32 73
133 173 32 73
136 176 32 73
140 179 32 73
144 181 32 73
149 183 32 73
153 184 32 73
157 183 32 73
161 182 32 73
166 181 32 73
170 178 32 73
175 176 32 73
180 172 32 73
184 168 32 73
188 163 32 73
192 158 32 73
195 154 32 73
197 149 32 73
199 145 32 73
199 141 32 73
199 138 32 73
198 134 32 73
197 130 32 73
196 126 32 73
194 123 32 73
191 120 32 73
188 118 32 73
184 117 32 73
178 117 32 73
172 117 32 73
165 117 32 73
157 117 32 73
148 117 32 73
141 117 32 73
133 117 32 73
125 117 32 73
117 117 32 73
109 117 32 73
102 116 32 73
95 115 32 73
88 114 32 73
82 113 32 73
76 111 32 73
72 109 32 73
69 107 32 73
66 106 32 73
64 105 32 73
63 104 32 73
65 101 32 73
68 100 32 73
72 100 32 73
77 99 32 73
84 98 32 73
91 98 32 73
101 98 32 73
110 100 32 73
120 101 32 73
130 103 32 73
142 105 32 73
154 107 32 73
165 109 32 73
177 111 32 73
188 114 32 73
195 116 32 73
201 119 32 73
205 122 32 73
207 126 32 73
208 129 32 73
207 132 32 73
204 135 32 73
200 138 32 73
196 140 32 73
191 141 32 73
186 141 32 73
180 140 32 73
174 139 32 73
167 138 32 73
160 135 32 73
154 132 32 73
147 129 32 73
140 127 32 73
134 123 32 73
130 119 32 73
127 115 32 73
125 111 32 73
123 106 32 73
122 101 32 73
121 97 32 73
120 93 32 73
121 89 32 73
122 85 32 73
124 81 32 73
124 78 32 73
124 75 32 73
125 72 32 73
128 69 32 73
132 68 32 73
136 66 32 73
142 64 32 73
146 63 32 73
152 63 32 73
158 63 32 73
164 64 32 73
171 67 32 73
178 70 32 73
186 72 32 73
193 74 32 73
201 76 32 73
209 79 32 73
216 82 32 73
223 86 32 73
228 90 32 73
232 94 32 73
236 98 32 73
237 102 32 73
238 105 32 73
239 110 32 73
238 113 32 73
235 115 32 73
231 118 32 73
226 121 32 73
220 124 32 73
213 127 32 73
206 129 32 73
198 130 32 73
190 131 32 73
182 132 32 73
175 134 32 73
167 134 32 73
160 136 32 73
153 137 32 73
146 137 32 73
139 138 32 73
132 138 32 73
126 139 32 73
120 139 32 73
114 139 32 73
110 138 32 73
106 138 32 73
103 138 32 73
102 138 32 73
101 138 32 73
102 138 32 73
103 138 32 73
104 138 32 73
106 139 32 73
110 140 32 73
115 141 32 73
120 141 32 73
125 141 32 73
130 141 32 73
137 142 32 73
143 142 32 73
150 142 32 73
156 141 32 73
161 140 32 73
167 139 32 73
173 138 32 73
179 137 32 73
185 136 32 73
191 135 32 73
197 134 32 73
202 133 32 73
207 131 32 73
211 129 32 73
214 128 32 73
216 127 32 73
218 125 32 73
219 124 32 73
219 123 32 73
219 121 32 73
218 119 32 73
217 117 32 73
216 116 32 73
215 114 32 73
212 113 32 73
209 111 32 73
205 109 32 73
201 107 32 73
196 106 32 73
191 105 32 73
186 103 32 73
181 102 32 73
175 102 32 73
169 102 32 73
163 102 32 73
157 102 32 73
150 103 32 73
144 104 32 73
139 105 32 73
134 106 32 73
128 107 32 73
123 108 32 73
118 109 32 73
113 111 32 73
109 113 32 73
105 114 32 73
100 116 32 73
97 118 32 73
94 122 32 73
92 124 32 73
91 126 32 73
91 128 32 73
92 131 32 73
94 135 32 73
95 138 32 73
98 140 32 73
101 142 32 73
105 145 32 73
110 147 32 73
114 149 32 73
118 150 32 73
123 152 32 73
128 153 32 73
133 153 32 73
138 154 32 73
144 154 32 73
150 154 32 73
156 154 32 73
163 153 32 73
170 152 32 73
176 152 32 73
183 151 32 73
189 151 32 73
195 150 32 73
201 149 32 73
207 148 32 73
213 147 32 73
220 147 32 73
225 147 32 73
231 146 32 73
235 145 32 73
239 144 32 73
244 142 32 73
247 141 32 73
249 140 32 73
251 137 32 73
252 135 32 73
253 133 32 73
253 130 32 73
252 128 32 73
251 125 32 73
249 123 32 73
246 121 32 73
243 119 32 73
240 117 32 73
236 116 32 73
231 114 32 73
226 113 32 73
221 111 32 73
215 110 32 73
208 109 32 73
201 108 32 73
195 107 32 73
188 106 32 73
182 105 32 73
176 105 32 73
169 106 32 73
163 106 32 73
157 108 32 73
151 109 32 73
145 111 32 73
140 113 32 73
135 115 32 73
131 117 32 73
126 119 32 73
123 122 32 73
120 124 32 73
118 127 32 73
117 129 32 73
117 132 32 73
118 135 32 73
120 137 32 73
122 138 32 73
124 140 32 73
126 142 32 73
129 143 32 73
131 144 32 73
134 144 32 73
136 144 32 73
139 144 32 73
141 143 32 73
144 142 32 73
147 141 32 73
150 139 32 73
155 137 32 73
160 136 32 73
165 133 32 73
170 131 32 73
175 127 32 73
179 123 32 73
184 118 32 73
188 114 32 73
192 109 32 73
196 105 32 73
200 101 32 73
204 96 32 73
208 91 32 73
211 86 32 73
214 80 32 73
217 75 32 73
219 69 32 73
221 64 32 73
222 58 32 73
222 53 32 73
221 48 32 73
220 43 32 73
218 39 32 73
217 37 32 73
214 34 32 73
211 32 32 73
207 31 32 73
202 32 32 73
197 33 32 73
191 34 32 73
185 37 32 73
178 41 32 73
172 45 32 73
165 48 32 73
159 52 32 73
152 56 32 73
145 60 32 73
140 65 32 73
134 69 32 73
129 73 32 73
125 78 32 73
120 83 32 73
116 88 32 73
112 93 32 73
108 98 32 73
104 104 32 73
100 109 32 73
97 115 32 73
93 122 32 73
91 127 32 73
88 133 32 73
87 139 32 73
86 143 32 73
86 148 32 73
87 153 32 73
89 158 32 73
93 162 32 73
97 165 32 73
102 168 32 73
107 169 32 73
111 171 32 73
117 172 32 73
123 172 32 73
128 172 32 73
133 173 32 73
138 173 32 73
142 173 32 73
146 172 32 73
151 172 32 73
156 171 32 73
161 170 32 73
166 168 32 73
170 167 32 73
174 165 32 73
178 163 32 73
181 161 32 73
184 160 32 73
187 157 32 73
189 156 32 73
192 154 32 73
193 153 32 73
194 151 32 73
194 149 32 73
193 147 32 73
192 145 32 73
189 144 32 73
187 142 32 73
183 140 32 73
179 138 32 73
175 136 32 73
169 135 32 73
163 134 32 73
157 132 32 73
150 130 32 73
144 130 32 73
138 130 32 73
131 129 32 73
124 130 32 73
118 130 32 73
113 131 32 73
108 132 32 73
103 132 32 73
98 132 32 73
94 132 32 73
89 132 32 73
85 132 32 73
83 133 32 73
78 135 32 73
77 136 32 73
74 138 32 73
72 139 32 73
69 141 32 73
68 143 32 73
68 145 32 73
66 146 32 73
66 148 32 73
66 150 32 73
68 152 32 73
67 152 32 73
69 152 32 73
70 152 32 73
75 156 32 73
79 158 32 73
83 159 32 73
88 161 32 73
93 162 32 73
100 163 32 73
106 163 32 73
111 163 32 73
117 164 32 73
124 164 32 73
131 164 32 73
137 164 32 73
143 164 32 73
149 163 32 73
156 163 32 73
162 163 32 73
170 163 32 73
177 163 32 73
184 164 32 73
190 164 32 73
197 165 32 73
203 165 32 73
209 165 32 73
214 165 32 73
220 165 32 73
225 164 32 73
231 163 32 73
236 162 32 73
241 159 32 73
247 157 32 73
252 155 32 73
257 152 32 73
262 149 32 73
267 146 32 73
271 143 32 73
274 140 32 73
277 137 32 73
279 135 32 73
281 132 32 73
282 129 32 73
281 126 32 73
281 124 32 73
280 121 32 73
278 119 32 73
276 117 32 73
274 115 32 73
271 113 32 73
267 111 32 73
263 110 32 73
260 108 32 73
256 107 32 73
251 106 32 73
245 105 32 73
240 104 32 73
234 103 32 73
227 103 32 73
220 104 32 73
212 105 32 73
204 106 32 73
195 109 32 73
186 111 32 73
177 113 32 73
169 115 32 73
160 118 32 73
152 121 32 73
145 124 32 73
138 127 32 73
131 130 32 73
126 134 32 73
121 139 32 73
118 143 32 73
115 147 32 73
114 151 32 73
115 154 32 73
116 158 32 73
119 161 32 73
124 164 32 73
130 167 32 73
137 169 32 73
144 170 32 73
152 171 32 73
160 171 32 73
168 170 32 73
176 168 32 73
185 166 32 73
195 164 32 73
205 161 32 73
216 158 32 73
227 155 32 73
237 152 32 73
247 150 32 73
257 148 32 73
266 146 32 73
275 143 32 73
284 142 32 73
292 141 32 73
300 139 32 73
308 137 32 73
316 137 32 73
324 137 32 73
332 137 32 73
339 136 32 73
345 135 32 73
352 134 32 73
358 134 32 73
363 132 32 73
366 130 32 73
366 129 32 73
366 128 32 73
366 127 32 73
365 126 32 73
363 125 32 73
361 124 32 73
359 124 32 73
355 123 32 73
350 123 32 73
345 122 32 73
339 122 32 73
332 122 32 73
325 123 32 73
317 123 32 73
309 123 32 73
300 124 32 73
291 124 32 73
282 125 32 73
273 126 32 73
265 126 32 73
256 126 32 73
247 126 32 73
238 127 32 73
229 128 32 73
221 129 32 73
212 130 32 73
204 131 32 73
196 132 32 73
190 133 32 73
184 134 32 73
178 135 32 73
172 137 32 73
166 139 32 73
161 142 32 73
155 145 32 73
150 149 32 73
147 152 32 73
144 156 32 73
141 161 32 73
138 166 32 73
135 172 32 73
134 178 32 73
132 183 32 73
138 187 32 73
129 206 32 73
132 210 32 73
144 204 32 73
149 208 32 73
154 212 32 73
160 214 32 73
167 216 32 73
174 217 32 73
182 218 32 73
190 218 32 73
199 217 32 73
207 215 32 73
216 214 32 73
225 211 32 73
232 209 32 73
239 206 32 73
246 203 32 73
252 200 32 73
257 197 32 73
261 193 32 73
264 189 32 73
266 186 32 73
267 183 32 73
267 179 32 73
266 175 32 73
265 172 32 73
262 169 32 73
259 166 32 73
255 162 32 73
249 159 32 73
244 156 32 73
238 153 32 73
231 151 32 73
224 149 32 73
217 147 32 73
211 145 32 73
204 145 32 73
197 144 32 73
191 144 32 73
184 143 32 73
178 143 32 73
171 144 32 73
164 145 32 73
158 146 32 73
151 147 32 73
145 148 32 73
140 149 32 73
136 150 32 73
132 151 32 73
128 152 32 73
125 153 32 73
123 153 32 73
120 153 32 73
118 153 32 73
116 153 32 73
115 153 32 73
114 154 32 73
114 155 32 73
114 156 32 73
115 157 32 73
117 157 32 73
119 158 32 73
121 158 32 73
122 158 32 73
124 158 32 73
126 157 32 73
128 157 32 73
131 156 32 73
134 155 32 73
136 154 32 73
139 154 32 73
142 154 32 73
145 153 32 73
148 153 32 73
151 151 32 73
153 151 32 73
156 151 32 73
160 151 32 73
164 151 32 73
168 151 32 73
172 151 32 73
177 151 32 73
181 152 32 73
185 152 32 73
189 153 32 73
193 153 32 73
196 154 32 73
199 154 32 73
202 154 32 73
205 153 32 73
207 153 32 73
209 153 32 73
209 152 32 73
209 151 32 73
209 151 32 73
208 150 32 73
207 149 32 73
206 149 32 73
204 148 32 73
202 147 32 73
199 147 32 73
196 146 32 73
193 145 32 73
190 144 32 73
187 144 32 73
184 143 32 73
180 143 32 73
176 142 32 73
173 142 32 73
169 142 32 73
165 142 32 73
161 141 32 73
158 141 32 73
155 140 32 73
153 140 32 73
150 139 32 73
148 138 32 73
146 138 32 73
144 138 32 73
142 137 32 73
140 136 32 73
139 135 32 73
138 134 32 73
137 134 32 73
137 133 32 73
137 133 32 73
137 133 32 73
137 132 32 73
137 132 32 73
137 132 32 73
138 132 32 73
138 132 32 73
138 131 32 73
140 131 32 73
140 131 32 73
141 131 32 73
143 130 32 73
145 130 32 73
146 130 32 73
147 130 32 73
149 130 32 73
151 130 32 73
153 130 32 73
155 130 32 73
157 130 32 73
159 130 32 73
161 131 32 73
163 131 32 73
165 131 32 73
167 131 32 73
169 132 32 73
171 132 32 73
174 132 32 73
177 132 32 73
178 133 32 73
180 133 32 73
182 132 32 73
183 133 32 73
184 133 32 73
185 133 32 73
186 134 32 73
187 134 32 73
188 134 32 73
189 134 32 73
189 135 32 73
189 135 32 73
189 135 32 73
188 135 32 73
187 135 32 73
187 135 32 73
186 134 32 73
186 134 32 73
186 133 32 73
187 131 32 73
187 130 32 73
187 129 32 73
187 128 32 73
187 128 32 73
187 127 32 73
186 126 32 73
185 126 32 73
184 125 32 73
182 124 32 73
181 123 32 73
179 123 32 73
178 123 32 73
177 123 32 73
175 124 32 73
174 124 32 73
173 124 32 73
171 124 32 73
170 125 32 73
168 125 32 73
166 126 32 73
163 125 32 73
161 125 32 73
160 125 32 73
159 124 32 73
158 123 32 73
156 121 32 73
154 120 32 73
152 118 32 73
150 116 32 73
148 113 32 73
146 111 32 73
143 109 32 73
140 108 32 73
137 107 32 73
134 106 32 73
131 105 32 73
128 105 32 73
126 106 32 73
125 107 32 73
124 108 32 73
124 109 32 73
124 111 32 73
125 114 32 73
126 117 32 73
128 119 32 73
130 121 32 73
132 123 32 73
135 125 32 73
139 127 32 73
143 128 32 73
146 129 32 73
150 130 32 73
153 130 32 73
157 131 32 73
160 133 32 73
164 135 32 73
168 136 32 73
170 136 32 73
173 137 32 73
174 138 32 73
175 138 32 73
176 138 32 73
176 138 32 73
179 138 32 73
178 135 32 73
176 139 32 73
174 141 32 73
172 143 32 73
171 143 32 73
170 142 32 73
170 141 32 73
170 141 32 73
169 141 32 73
168 140 32 73
167 139 32 73
167 138 32 73
166 137 32 73
166 136 32 73
165 136 32 73
165 135 32 73
164 134 32 73
163 132 32 73
163 131 32 73
162 130 32 73
161 129 32 73
160 128 32 73
158 127 32 73
157 126 32 73
156 126 32 73
154 126 32 73
153 126 32 73
152 126 32 73
151 126 32 73
150 125 32 73
150 124 32 73
149 123 32 73
148 122 32 73
148 121 32 73
148 121 32 73
148 121 32 73
148 119 32 73
148 118 32 73
149 117 32 73
149 117 32 73
150 116 32 73
150 115 32 73
151 114 32 73
151 113 32 73
151 111 32 73
150 109 32 73
150 108 32 73
149 107 32 73
149 106 32 73
149 106 32 73
149 106 32 73
148 105 32 73
148 105 32 73
148 106 32 73
149 107 32 73
150 108 32 73
151 110 32 73
152 111 32 73
153 114 32 73
155 116 32 73
156 118 32 73
158 121 32 73
161 124 32 73
164 127 32 73
167 129 32 73
170 131 32 73
174 132 32 73
177 135 32 73
180 137 32 73
183 139 32 73
186 140 32 73
188 142 32 73
192 142 32 73
194 142 32 73
196 142 32 73
197 142 32 73
197 142 32 73
197 143 32 73
196 143 32 73
193 145 32 73
191 146 32 73
189 147 32 73
185 147 32 73
182 148 32 73
178 148 32 73
173 150 32 73
168 151 32 73
163 152 32 73
158 154 32 73
153 154 32 73
148 154 32 73
143 154 32 73
138 154 32 73
133 155 32 73
128 156 32 73
123 156 32 73
118 156 32 73
114 156 32 73
110 156 32 73
107 156 32 73
103 156 32 73
100 155 32 73
97 154 32 73
95 153 32 73
93 152 32 73
91 151 32 73
90 150 32 73
90 149 32 73
91 148 32 73
92 146 32 73
93 145 32 73
95 144 32 73
97 143 32 73
99 143 32 73
102 142 32 73
106 141 32 73
109 141 32 73
113 141 32 73
118 141 32 73
123 140 32 73
128 139 32 73
133 139 32 73
139 138 32 73
145 138 32 73
151 137 32 73
157 137 32 73
163 135 32 73
169 134 32 73
174 133 32 73
179 131 32 73
182 129 32 73
186 126 32 73
189 124 32 73
191 122 32 73
192 120 32 73
193 119 32 73
193 118 32 73
193 117 32 73
192 116 32 73
190 116 32 73
187 116 32 73
183 116 32 73
178 117 32 73
173 117 32 73
168 118 32 73
164 119 32 73
159 121 32 73
154 122 32 73
148 124 32 73
143 125 32 73
137 126 32 73
132 128 32 73
128 130 32 73
124 130 32 73
121 131 32 73
118 132 32 73
115 133 32 73
113 133 32 73
111 135 32 73
109 137 32 73
108 139 32 73
107 140 32 73
107 141 32 73
108 142 32 73
109 143 32 73
111 144 32 73
112 143 32 73
115 143 32 73
117 142 32 73
121 141 32 73
125 140 32 73
129 138 32 73
134 135 32 73
139 132 32 73
145 129 32 73
150 126 32 73
155 122 32 73
160 119 32 73
165 116 32 73
171 112 32 73
177 108 32 73
183 105 32 73
188 101 32 73
194 97 32 73
199 93 32 73
204 89 32 73
209 85 32 73
213 81 32 73
217 77 32 73
220 74 32 73
222 71 32 73
224 68 32 73
224 65 32 73
223 63 32 73
221 62 32 73
218 61 32 73
214 60 32 73
210 60 32 73
206 61 32 73
201 62 32 73
195 64 32 73
189 67 32 73
182 70 32 73
175 73 32 73
168 76 32 73
161 80 32 73
154 84 32 73
147 88 32 73
139 92 32 73
132 96 32 73
125 100 32 73
118 104 32 73
111 108 32 73
104 112 32 73
98 116 32 73
93 120 32 73
88 124 32 73
85 128 32 73
81 132 32 73
77 136 32 73
74 140 32 73
72 143 32 73
71 146 32 73
71 148 32 73
71 151 32 73
72 151 32 73
73 152 32 73
75 152 32 73
76 152 32 73
78 151 32 73
80 149 32 73
81 147 32 73
81 145 32 73
81 142 32 73
81 138 32 73
81 134 32 73
80 131 32 73
80 127 32 73
79 122 32 73
77 117 32 73
75 114 32 73
72 111 32 73
69 109 32 73
66 108 32 73
62 109 32 73
59 110 32 73
57 113 32 73
56 117 32 73
55 122 32 73
54 127 32 73
56 133 32 73
59 139 32 73
62 145 32 73
67 151 32 73
72 157 32 73
79 162 32 73
86 167 32 73
94 171 32 73
103 175 32 73
112 177 32 73
121 178 32 73
129 178 32 73
140 178 32 73
151 178 32 73
159 177 32 73
168 176 32 73
177 174 32 73
185 171 32 73
194 169 32 73
200 165 32 73
207 161 32 73
213 157 32 73
219 153 32 73
225 149 32 73
231 144 32 73
236 140 32 73
240 136 32 73
244 132 32 73
247 128 32 73
250 123 32 73
252 119 32 73
253 115 32 73
254 111 32 73
253 107 32 73
251 103 32 73
248 98 32 73
244 92 32 73
239 87 32 73
233 80 32 73
226 75 32 73
218 70 32 73
208 66 32 73
198 62 32 73
187 58 32 73
176 56 32 73
165 55 32 73
154 56 32 73
144 57 32 73
134 58 32 73
124 59 32 73
115 62 32 73
106 66 32 73
98 70 32 73
93 73 32 73
88 78 32 73
83 83 32 73
80 88 32 73
77 94 32 73
75 100 32 73
74 106 32 73
74 112 32 73
75 119 32 73
76 127 32 73
79 134 32 73
83 140 32 73
86 146 32 73
90 153 32 73
94 159 32 73
100 163 32 73
105 168 32 73
110 172 32 73
115 176 32 73
121 179 32 73
128 182 32 73
133 183 32 73
138 185 32 73
144 186 32 73
150 188 32 73
156 189 32 73
162 189 32 73
168 188 32 73
173 187 32 73
178 185 32 73
182 183 32 73
187 181 32 73
191 179 32 73
195 175 32 73
199 173 32 73
202 169 32 73
204 165 32 73
206 161 32 73
208 158 32 73
209 155 32 73
210 152 32 73
210 149 32 73
210 147 32 73
209 145 32 73
208 143 32 73
206 141 32 73
205 140 32 73
202 139 32 73
200 139 32 73
197 140 32 73
193 139 32 73
189 140 32 73
184 140 32 73
179 141 32 73
173 143 32 73
166 145 32 73
159 146 32 73
152 147 32 73
145 148 32 73
138 149 32 73
133 150 32 73
127 151 32 73
121 152 32 73
116 153 32 73
109 153 32 73
103 153 32 73
98 153 32 73
93 153 32 73
88 152 32 73
85 151 32 73
84 151 32 73
83 150 32 73
84 149 32 73
86 148 32 73
88 147 32 73
92 145 32 73
96 144 32 73
101 143 32 73
108 143 32 73
115 142 32 73
121 141 32 73
129 141 32 73
137 141 32 73
146 141 32 73
156 142 32 73
166 143 32 73
176 142 32 73
187 142 32 73
198 143 32 73
208 143 32 73
217 143 32 73
227 142 32 73
238 141 32 73
248 141 32 73
256 140 32 73
264 138 32 73
271 137 32 73
279 135 32 73
285 133 32 73
290 132 32 73
295 130 32 73
297 128 32 73
299 126 32 73
299 124 32 73
299 122 32 73
296 121 32 73
293 119 32 73
290 117 32 73
285 116 32 73
281 115 32 73
275 114 32 73
269 113 32 73
262 112 32 73
254 111 32 73
246 111 32 73
237 111 32 73
228 112 32 73
219 112 32 73
210 112 32 73
201 112 32 73
193 113 32 73
185 113 32 73
176 114 32 73
168 115 32 73
159 116 32 73
151 116 32 73
144 117 32 73
138 118 32 73
133 119 32 73
128 120 32 73
125 121 32 73
122 122 32 73
119 124 32 73
118 127 32 73
116 131 32 73
116 134 32 73
116 137 32 73
117 139 32 73
119 142 32 73
122 145 32 73
125 147 32 73
128 148 32 73
132 150 32 73
136 151 32 73
140 152 32 73
145 153 32 73
150 153 32 73
155 152 32 73
160 152 32 73
166 152 32 73
171 152 32 73
177 152 32 73
183 151 32 73
189 151 32 73
195 150 32 73
202 150 32 73
208 150 32 73
214 150 32 73
219 149 32 73
225 148 32 73
230 147 32 73
235 147 32 73
238 145 32 73
241 143 32 73
244 142 32 73
246 141 32 73
247 140 32 73
248 139 32 73
247 138 32 73
246 136 32 73
245 135 32 73
242 134 32 73
239 133 32 73
236 133 32 73
232 133 32 73
227 132 32 73
222 132 32 73
217 132 32 73
211 132 32 73
205 133 32 73
199 133 32 73
193 134 32 73
187 134 32 73
181 135 32 73
176 135 32 73
169 135 32 73
164 136 32 73
158 136 32 73
153 136 32 73
147 137 32 73
140 138 32 73
135 139 32 73
130 140 32 73
126 142 32 73
122 144 32 73
118 145 32 73
114 146 32 73
111 148 32 73
108 149 32 73
106 150 32 73
105 151 32 73
104 153 32 73
104 153 32 73
104 155 32 73
105 155 32 73
106 155 32 73
107 155 32 73
108 154 32 73
110 154 32 73
113 154 32 73
116 154 32 73
118 153 32 73
121 153 32 73
125 152 32 73
128 151 32 73
131 150 32 73
134 149 32 73
137 148 32 73
139 147 32 73
143 147 32 73
146 146 32 73
149 145 32 73
152 145 32 73
155 145 32 73
158 144 32 73
162 144 32 73
164 143 32 73
167 143 32 73
168 142 32 73
171 144 32 73
173 144 32 73
174 143 32 73
176 144 32 73
177 144 32 73
178 145 32 73
180 146 32 73
181 146 32 73
182 146 32 73
183 147 32 73
184 147 32 73
184 147 32 73
184 147 32 73
183 148 32 73
182 147 32 73
181 147 32 73
179 146 32 73
177 146 32 73
175 145 32 73
172 144 32 73
169 144 32 73
166 143 32 73
163 142 32 73
161 143 32 73
157 141 32 73
153 143 32 73
149 142 32 73
145 141 32 73
141 141 32 73
137 142 32 73
134 143 32 73
130 142 32 73
126 142 32 73
123 142 32 73
119 143 32 73
114 143 32 73
108 144 32 73
103 145 32 73
98 145 32 73
94 146 32 73
89 146 32 73
84 145 32 73
79 144 32 73
75 145 32 73
72 145 32 73
68 144 32 73
66 144 32 73
65 144 32 73
64 143 32 73
64 143 32 73
66 143 32 73
68 142 32 73
71 142 32 73
75 140 32 73
80 139 32 73
86 138 32 73
92 137 32 73
100 135 32 73
107 133 32 73
113 132 32 73
121 131 32 73
128 129 32 73
135 127 32 73
142 124 32 73
149 122 32 73
156 120 32 73
162 118 32 73
168 115 32 73
173 112 32 73
178 109 32 73
182 107 32 73
185 104 32 73
187 102 32 73
188 100 32 73
188 98 32 73
187 97 32 73
186 97 32 73
183 97 32 73
180 97 32 73
175 98 32 73
169 98 32 73
163 99 32 73
155 101 32 73
148 103 32 73
140 105 32 73
133 107 32 73
125 109 32 73
117 111 32 73
109 113 32 73
101 115 32 73
95 118 32 73
87 121 32 73
81 123 32 73
75 125 32 73
70 127 32 73
65 130 32 73
61 132 32 73
58 134 32 73
56 136 32 73
55 137 32 73
55 139 32 73
56 141 32 73
57 144 32 73
58 145 32 73
60 147 32 73
63 148 32 73
68 148 32 73
72 148 32 73
78 147 32 73
83 145 32 73
90 143 32 73
96 140 32 73
102 136 32 73
109 131 32 73
116 125 32 73
124 118 32 73
132 111 32 73
139 104 32 73
147 96 32 73
155 88 32 73
162 81 32 73
168 73 32 73
173 65 32 73
177 58 32 73
180 51 32 73
182 45 32 73
183 40 32 73
183 35 32 73
182 32 32 73
180 29 32 73
178 28 32 73
175 28 32 73
170 28 32 73
165 30 32 73
160 33 32 73
155 37 32 73
150 43 32 73
145 49 32 73
140 55 32 73
135 63 32 73
131 70 32 73
127 78 32 73
123 85 32 73
120 93 32 73
117 101 32 73
116 111 32 73
115 119 32 73
115 127 32 73
116 135 32 73
118 144 32 73
121 152 32 73
124 159 32 73
128 166 32 73
133 171 32 73
138 175 32 73
144 178 32 73
150 180 32 73
156 181 32 73
162 181 32 73
168 182 32 73
173 181 32 73
178 179 32 73
183 176 32 73
188 175 32 73
192 173 32 73
196 170 32 73
200 167 32 73
203 165 32 73
206 163 32 73
208 161 32 73
209 158 32 73
211 156 32 73
212 154 32 73
213 152 32 73
214 152 32 73
215 151 32 73
216 150 32 73
217 149 32 73
218 149 32 73
219 148 32 73
219 146 32 73
219 146 32 73
219 145 32 73
219 145 32 73
219 144 32 73
220 143 32 73
221 142 32 73
222 139 32 73
223 136 32 73
225 133 32 73
228 131 32 73
230 128 32 73
232 126 32 73
234 124 32 73
235 123 32 73
235 121 32 73
235 121 32 73
234 120 32 73
232 119 32 73
229 118 32 73
225 117 32 73
222 115 32 73
218 115 32 73
213 114 32 73
208 113 32 73
202 112 32 73
197 112 32 73
192 112 32 73
187 112 32 73
183 112 32 73
179 112 32 73
175 112 32 73
172 113 32 73
168 114 32 73
164 115 32 73
161 117 32 73
159 119 32 73
157 120 32 73
156 122 32 73
155 123 32 73
153 126 32 73
153 128 32 73
152 131 32 73
152 133 32 73
152 135 32 73
153 137 32 73
154 139 32 73
156 141 32 73
158 143 32 73
161 144 32 73
163 146 32 73
167 148 32 73
169 149 32 73
172 149 32 73
175 149 32 73
178 149 32 73
182 149 32 73
186 148 32 73
190 147 32 73
195 146 32 73
199 145 32 73
203 144 32 73
206 143 32 73
210 142 32 73
212 140 32 73
213 139 32 73
213 138 32 73
212 137 32 73
211 136 32 73
209 134 32 73
207 133 32 73
205 131 32 73
202 129 32 73
199 128 32 73
195 127 32 73
191 126 32 73
186 125 32 73
181 124 32 73
176 124 32 73
171 124 32 73
166 123 32 73
161 122 32 73
156 121 32 73
151 121 32 73
146 121 32 73
141 121 32 73
136 121 32 73
131 120 32 73
127 120 32 73
122 120 32 73
118 121 32 73
114 123 32 73
109 124 32 73
106 127 32 73
102 129 32 73
99 131 32 73
96 134 32 73
94 137 32 73
92 141 32 73
90 145 32 73
89 148 32 73
88 150 32 73
90 152 32 73
92 154 32 73
95 156 32 73
99 156 32 73
104 156 32 73
109 156 32 73
115 156 32 73
121 155 32 73
127 154 32 73
134 153 32 73
142 152 32 73
150 151 32 73
158 149 32 73
167 147 32 73
175 146 32 73
183 143 32 73
190 140 32 73
197 138 32 73
204 136 32 73
210 133 32 73
216 130 32 73
222 127 32 73
229 124 32 73
237 122 32 73
243 120 32 73
250 118 32 73
257 116 32 73
264 114 32 73
271 112 32 73
278 110 32 73
284 109 32 73
289 107 32 73
292 105 32 73
294 103 32 73
295 101 32 73
294 99 32 73
293 97 32 73
291 95 32 73
288 94 32 73
284 92 32 73
279 90 32 73
274 89 32 73
269 88 32 73
262 86 32 73
255 85 32 73
248 84 32 73
240 82 32 73
232 81 32 73
224 81 32 73
215 81 32 73
206 81 32 73
197 81 32 73
187 82 32 73
178 83 32 73
170 84 32 73
162 86 32 73
153 88 32 73
145 90 32 73
139 92 32 73
133 95 32 73
129 98 32 73
125 101 32 73
122 104 32 73
120 107 32 73
118 110 32 73
116 112 32 73
115 114 32 73
115 116 32 73
115 117 32 73
115 117 32 73
116 117 32 73
116 116 32 73
116 115 32 73
116 113 32 73
115 111 32 73
115 109 32 73
114 106 32 73
113 103 32 73
113 100 32 73
110 96 32 73
108 93 32 73
107 88 32 73
105 84 32 73
104 79 32 73
102 75 32 73
100 71 32 73
98 67 32 73
96 62 32 73
95 57 32 73
95 52 32 73
96 47 32 73
97 42 32 73
98 37 32 73
101 33 32 73
105 29 32 73
111 25 32 73
117 21 32 73
124 17 32 73
131 13 32 73
139 10 32 73
149 6 32 73
161 2 32 73
173 1 32 73
186 1 32 73
200 1 32 73
213 1 32 73
226 1 32 73
239 1 32 73
252 1 32 73
263 1 32 73
273 1 32 73
280 1 32 73
285 1 32 73
287 2 32 73
288 3 32 73
287 5 32 73
282 9 32 73
275 11 32 73
266 14 32 73
255 17 32 73
243 20 32 73
230 23 32 73
217 26 32 73
204 29 32 73
190 33 32 73
176 37 32 73
163 41 32 73
152 48 32 73
142 55 32 73
135 62 32 73
128 70 32 73
124 77 32 73
122 84 32 73
121 92 32 73
122 99 32 73
125 106 32 73
128 112 32 73
131 118 32 73
135 125 32 73
140 130 32 73
147 133 32 73
155 135 32 73
164 136 32 73
174 136 32 73
183 135 32 73
191 132 32 73
198 129 32 73
206 124 32 73
213 118 32 73
219 113 32 73
225 107 32 73
229 101 32 73
233 93 32 73
235 86 32 73
236 80 32 73
235 74 32 73
232 68 32 73
228 63 32 73
223 59 32 73
216 57 32 73
209 57 32 73
201 58 32 73
194 59 32 73
187 62 32 73
181 65 32 73
177 69 32 73
174 74 32 73
172 79 32 73
171 84 32 73
172 90 32 73
175 96 32 73
179 102 32 73
184 106 32 73
191 111 32 73
198 116 32 73
205 121 32 73
214 123 32 73
222 126 32 73
230 128 32 73
238 130 32 73
245 129 32 73
251 129 32 73
256 126 32 73
262 123 32 73
268 120 32 73
273 115 32 73
278 110 32 73
282 107 32 73
284 102 32 73
286 97 32 73
287 93 32 73
288 90 32 73
288 85 32 73
287 79 32 73
285 75 32 73
282 72 32 73
278 68 32 73
271 64 32 73
264 60 32 73
256 56 32 73
247 53 32 73
238 49 32 73
230 44 32 73
222 39 32 73
214 34 32 73
206 29 32 73
197 24 32 73
188 19 32 73
181 15 32 73
175 11 32 73
169 7 32 73
162 3 32 73
155 1 32 73
148 1 32 73
142 1 32 73
137 1 32 73
134 2 32 73
131 3 32 73
129 6 32 73
127 10 32 73
126 14 32 73
125 18 32 73
126 25 32 73
128 32 32 73
131 39 32 73
135 46 32 73
140 54 32 73
144 61 32 73
149 70 32 73
155 78 32 73
163 87 32 73
169 94 32 73
177 100 32 73
188 106 32 73
198 112 32 73
209 116 32 73
221 121 32 73
230 125 32 73
239 127 32 73
249 128 32 73
260 128 32 73
270 127 32 73
279 125 32 73
287 122 32 73
294 118 32 73
302 114 32 73
307 109 32 73
311 104 32 73
314 100 32 73
316 95 32 73
316 90 32 73
315 84 32 73
312 79 32 73
310 73 32 73
307 67 32 73
302 60 32 73
296 54 32 73
289 47 32 73
281 40 32 73
273 35 32 73
266 29 32 73
257 22 32 73
247 16 32 73
237 13 32 73
227 11 32 73
216 13 32 73
206 15 32 73
194 18 32 73
179 16 32 73
167 19 32 73
156 22 32 73
145 24 32 73
137 28 32 73
131 32 32 73
124 34 32 73
117 35 32 73
111 34 32 73
106 34 32 73
102 35 32 73
99 35 32 73
96 34 32 73
95 33 32 73
96 32 32 73
96 31 32 73
97 29 32 73
97 27 32 73
98 24 32 73
100 21 32 73
103 18 32 73
105 12 32 73
109 5 32 73
114 1 32 73
124 1 32 73
132 1 32 73
139 1 32 73
146 1 32 73
149 1 32 73
168 1 32 73
174 1 32 73
184 1 32 73
189 1 32 73
195 1 32 73
203 1 32 73
209 1 32 73
214 1 32 73
220 25 32 73
229 26 32 73
240 33 32 73
245 34 32 73
251 35 32 73
260 41 32 73
266 43 32 73
273 44 32 73
280 48 32 73
287 52 32 73
295 56 32 73
301 61 32 73
307 64 32 73
311 71 32 73
315 75 32 73
318 82 32 73
320 88 32 73
322 94 32 73
322 98 32 73
321 103 32 73
319 108 32 73
317 111 32 73
313 115 32 73
308 118 32 73
302 121 32 73
297 124 32 73
290 125 32 73
284 127 32 73
277 128 32 73
270 129 32 73
264 129 32 73
257 128 32 73
250 129 32 73
242 129 32 73
232 128 32 73
225 129 32 73
217 128 32 73
226 151 32 73
214 170 32 73
208 168 32 73
202 170 32 73
198 170 32 73
194 174 32 73
191 172 32 73
188 171 32 73
187 171 32 73
186 171 32 73
185 171 32 73
183 171 32 73
183 172 32 73
182 173 32 73
182 175 32 73
183 177 32 73
185 178 32 73
187 179 32 73
189 180 32 73
192 180 32 73
195 181 32 73
199 182 32 73
204 182 32 73
209 183 32 73
208 189 32 73
212 189 32 73
218 189 32 73
224 188 32 73
231 186 32 73
235 182 32 73
235 181 32 73
236 182 32 73
242 180 32 73
249 177 32 73
249 180 32 73
251 179 32 73
251 181 32 73
252 183 32 73
253 183 32 73
253 186 32 73
253 187 32 73
253 187 32 73
252 190 32 73
252 191 32 73
251 192 32 73
250 194 32 73
248 196 32 73
245 197 32 73
242 199 32 73
239 202 32 73
234 205 32 73
230 206 32 73
225 207 32 73
221 208 32 73
216 210 32 73
212 211 32 73
208 212 32 73
201 218 32 73
197 216 32 73
196 213 32 73
196 208 32 73
194 203 32 73
193 200 32 73
192 198 32 73
190 196 32 73
189 194 32 73
190 194 32 73
188 203 32 73
187 206 32 73
186 205 32 73
185 204 32 73
193 186 32 73
192 184 32 73
191 182 32 73
189 179 32 73
187 177 32 73
184 174 32 73
181 171 32 73
179 169 32 73
177 165 32 73
