2.5
2.0615528128088303
3.0413812651491097
3.0
6.800735254367722
6.264982043070834
9.924716620639604
10.124228365658293
5.852349955359813
5.1478150704935
9.5524865872714
4.123105625617661
4.301162633521313
4.031128874149275
12.747548783981962
3.1622776601683795
6.800735254367722
3.8078865529319543
4.6097722286464435
4.5
9.82344135219425
5.522680508593631
2.0
5.70087712549569
3.640054944640259
6.708203932499369
3.640054944640259
51.87725898695882
5.70087712549569
7.433034373659253
5.5901699437494745
2.9154759474226504
3.0413812651491097
4.527692569068709
5.522680508593631
47.900939447989956
113.37658488418144
49.216359068911224
46.351914739307155
353.25415779577173
6.519202405202649
7.433034373659253
5.1478150704935
6.4031242374328485
5.385164807134504
6.4031242374328485
6.020797289396148
6.020797289396148
6.5
7.158910531638177
6.324555320336759
5.852349955359813
2.5495097567963922
7.280109889280518
398.93514510506594
30.30264014900352
31.184932259025352
5.408326913195984
4.716990566028302
4.123105625617661
8.139410298049853
12.5
4.301162633521313
4.6097722286464435
4.242640687119285
7.632168761236874
5.5901699437494745
5.0
6.726812023536855
6.800735254367722
8.381527307120106
49.681485485037584
8.94427190999916
7.280109889280518
6.5
6.324555320336759
5.70087712549569
5.70087712549569
7.0710678118654755
486.8328768684383
58.81538914263851
489.89922433088213
56.82649030161902
9.013878188659973
10.307764064044152
489.89922433088213
178.7966722285401
127.5
485.39597237719227
146.94301616613157
482.5901470191865
172.84458336899075
206.34982432752398
471.5922497242719
471.5922497242719
21.47673159491453
471.5922497242719
472.73803527958273
8.139410298049853
8.381527307120106
4.6097722286464435
5.5
5.5
472.73803527958273
6.020797289396148
472.73803527958273
476.4412345714842
5.5901699437494745
479.00026096026295
179.75330316853706
479.00026096026295
479.00026096026295
479.00026096026295
479.00026096026295
479.00026096026295
479.00026096026295
6.576473218982953
4.5
4.5
5.024937810560445
1.5
1.5
490.1879741486933
494.36550243721496
496.7947262199952
500.62460986251966
507.2760589659244
514.8048173822774
523.2246171578704
532.7551032134746
538.5164807134504
547.252227039781
553.1084884541187
558.2911426845316
562.251945305661
565.2444161599476
568.7365383022266
571.360000350042
571.360000350042
576.312632171116
579.4214787182125
582.9247378521519
586.4343526772626
591.7104443898214
595.6765061675675
600.0920762683007
605.4027585004878
607.6022547686932
610.2675642699684
610.2675642699684
610.2675642699684
608.4903450343317
604.0533916799077
596.0390087905321
588.97071234485
578.8130095289843
570.0478050128778
563.0652715272005
558.34263673841
551.7775820020237
549.1834848208748
545.2251828373301
545.2251828373301
545.2251828373301
545.2251828373301
545.2251828373301
545.2251828373301
541.9857009183914
541.121520547834
541.121520547834
536.4554967562547
533.9236836852248
533.9236836852248
529.8230836798261
6.020797289396148
530.5763375801827
171.0007309925896
521.44822370011
520.7554608451072
517.3299237430597
22.522211259110417
23.5
512.2072334514615
11.10180165558726
506.7852109128679
505.93799027153517
501.71032478911576
501.1748696812321
497.5703467852561
7.632168761236874
494.97600951965336
489.1484948356685
486.08769784885527
483.02820828601716
483.02820828601716
478.84888012816737
19.72941965694886
22.699118925632334
31.752952618614856
34.55792239125495
31.51586901863885
79.8075810935277
470.0130317342276
3.0
10.0
27.018512172212592
66.48308055437865
465.36491058093327
192.5850461484484
183.273020382161
184.04347312523745
181.00276240985937
189.06612599828665
182.4636950190366
187.77113729218343
191.049731745428
192.89893727027115
194.48650338776724
195.1640335717624
196.75619431164043
173.65770930194836
196.562967010574
202.48456731316588
199.24858845171275
204.02205763103166
441.3190455894692
61.98386886924694
23.194827009486403
23.53720459187964
435.9157028600828
156.95222202950808
156.31058825300352
152.0690632574555
76.6550715869472
76.32168761236873
16.0
3.0
5.830951894845301
12.041594578792296
421.95319645666865
4.47213595499958
6.103277807866851
407.81031129680866
166.41289012573515
403.8431007210597
166.86596417484304
398.16610855269937
6.5
392.3050471253206
390.6484992931625
385.8108344772085
