81 199 45 133
83 196 45 133
87 196 45 133
93 198 45 133
101 202 45 133
104 196 45 133
108 205 45 133
113 203 45 133
111 198 45 133
113 198 45 133
120 201 45 133
117 201 45 133
118 198 45 133
122 200 45 133
124 189 45 133
129 201 45 133
134 195 45 133
140 198 45 133
144 198 45 133
147 199 45 133
154 202 45 133
154 198 45 133
154 198 45 133
161 200 45 133
162 197 45 133
168 200 45 133
170 197 45 133
192 150 45 133
177 199 45 133
180 200 45 133
182 195 45 133
183 192 45 133
186 192 45 133
190 196 45 133
194 194 45 133
182 149 45 133
165 89 45 133
187 149 45 133
192 153 45 133
0 0 0 0 -1
222 188 45 133
227 187 45 133
230 188 45 133
233 187 45 133
237 188 45 133
240 185 45 133
245 187 45 133
249 186 45 133
254 184 45 133
259 184 45 133
263 185 45 133
267 187 45 133
273 192 45 133
278 186 45 133
0 0 0 0 -1
266 217 45 133
283 163 45 133
299 191 45 133
304 191 45 133
309 193 45 133
314 196 45 133
317 178 45 133
321 187 45 133
326 189 45 133
330 190 45 133
334 187 45 133
341 194 45 133
345 192 45 133
350 192 45 133
353 191 45 133
362 200 45 133
382 154 45 133
365 190 45 133
367 190 45 133
369 191 45 133
374 192 45 133
379 194 45 133
386 202 45 133
390 205 45 133
0 0 0 0 -1
365 144 45 133
0 0 0 0 -1
411 144 45 133
390 188 45 133
384 189 45 133
0 0 0 0 -1
355 21 45 133
365 72 45 133
0 0 0 0 -1
310 72 45 133
0 0 0 0 -1
315 39 45 133
292 12 45 133
0 0 0 0 -1
0 0 0 0 -1
345 212 45 133
0 0 0 0 -1
0 0 0 0 -1
363 197 45 133
367 197 45 133
369 206 45 133
370 205 45 133
370 205 45 133
0 0 0 0 -1
369 201 45 133
0 0 0 0 -1
0 0 0 0 -1
368 205 45 133
0 0 0 0 -1
433 46 45 133
0 0 0 0 -1
0 0 0 0 -1
0 0 0 0 -1
0 0 0 0 -1
0 0 0 0 -1
0 0 0 0 -1
373 212 45 133
374 213 45 133
374 213 45 133
373 208 45 133
374 213 45 133
373 213 45 133
0 0 0 0 -1
0 0 0 0 -1
0 0 0 0 -1
0 0 0 0 -1
0 0 0 0 -1
0 0 0 0 -1
0 0 0 0 -1
0 0 0 0 -1
0 0 0 0 -1
0 0 0 0 -1
0 0 0 0 -1
0 0 0 0 -1
0 0 0 0 -1
0 0 0 0 -1
0 0 0 0 -1
0 0 0 0 -1
0 0 0 0 -1
0 0 0 0 -1
0 0 0 0 -1
0 0 0 0 -1
0 0 0 0 -1
0 0 0 0 -1
0 0 0 0 -1
0 0 0 0 -1
0 0 0 0 -1
0 0 0 0 -1
0 0 0 0 -1
0 0 0 0 -1
0 0 0 0 -1
0 0 0 0 -1
0 0 0 0 -1
0 0 0 0 -1
0 0 0 0 -1
0 0 0 0 -1
0 0 0 0 -1
0 0 0 0 -1
0 0 0 0 -1
0 0 0 0 -1
0 0 0 0 -1
0 0 0 0 -1
0 0 0 0 -1
0 0 0 0 -1
0 0 0 0 -1
0 0 0 0 -1
0 0 0 0 -1
0 0 0 0 -1
0 0 0 0 -1
0 0 0 0 -1
0 0 0 0 -1
0 0 0 0 -1
0 0 0 0 -1
0 0 0 0 -1
440 196 45 133
0 0 0 0 -1
373 40 45 133
0 0 0 0 -1
0 0 0 0 -1
0 0 0 0 -1
421 179 45 133
417 178 45 133
0 0 0 0 -1
420 201 45 133
0 0 0 0 -1
0 0 0 0 -1
0 0 0 0 -1
0 0 0 0 -1
0 0 0 0 -1
397 196 45 133
0 0 0 0 -1
0 0 0 0 -1
0 0 0 0 -1
0 0 0 0 -1
0 0 0 0 -1
0 0 0 0 -1
378 180 45 133
377 179 45 133
374 172 45 133
370 169 45 133
369 172 45 133
361 124 45 133
0 0 0 0 -1
368 198 45 133
368 206 45 133
363 171 45 133
383 138 45 133
0 0 0 0 -1
342 13 45 133
347 22 45 133
353 21 45 133
356 24 45 133
361 13 45 133
366 18 45 133
369 12 45 133
372 9 45 133
375 8 45 133
379 7 45 133
383 7 45 133
386 6 45 133
394 32 45 133
393 8 45 133
397 3 45 133
402 7 45 133
405 3 45 133
0 0 0 0 -1
344 134 45 133
325 172 45 133
323 172 45 133
0 0 0 0 -1
289 45 45 133
292 45 45 133
295 44 45 133
310 118 45 133
310 117 45 133
317 177 45 133
315 192 45 133
315 187 45 133
312 180 45 133
0 0 0 0 -1
310 186 45 133
299 189 45 133
0 0 0 0 -1
266 17 45 133
0 0 0 0 -1
266 17 45 133
0 0 0 0 -1
290 181 45 133
0 0 0 0 -1
0 0 0 0 -1
0 0 0 0 -1