204 151 17 50
204 151 17 50
203 151 17 50
201 152 17 50
201 151 17 50
200 151 17 50
199 151 17 50
196 150 17 50
194 149 17 50
193 149 17 50
192 149 17 50
190 148 17 50
189 148 17 50
190 149 17 50
188 148 17 50
186 147 17 50
186 147 17 50
185 147 17 50
183 146 17 50
183 147 17 50
182 146 17 50
180 146 17 50
180 145 17 50
180 145 17 50
179 145 17 50
177 144 17 50
176 144 17 50
175 143 17 50
174 143 17 50
173 143 17 50
173 142 17 50
172 142 17 50
171 141 17 50
170 138 17 50
170 137 17 50
169 137 17 50
169 137 17 50
168 137 17 50
167 137 17 50
167 137 17 50
166 134 17 50
166 134 17 50
164 132 17 50
163 132 17 50
162 133 17 50
162 131 17 50
160 133 17 50
161 130 17 50
160 129 17 50
159 128 17 50
157 125 17 50
156 125 17 50
155 125 17 50
154 125 17 50
154 125 17 50
153 125 17 50
152 126 17 50
150 126 17 50
149 125 17 50
148 126 17 50
145 123 17 50
142 123 17 50
141 123 17 50
140 121 17 50
138 120 17 50
137 120 17 50
135 120 17 50
134 120 17 50
131 120 17 50
129 118 17 50
128 117 17 50
127 115 17 50
126 115 17 50
126 115 17 50
125 116 17 50
125 116 17 50
122 116 17 50
121 116 17 50
119 114 17 50
118 114 17 50
116 112 17 50
115 112 17 50
114 110 17 50
111 111 17 50
110 111 17 50
109 112 17 50
106 109 17 50
104 109 17 50
103 109 17 50
103 108 17 50
100 107 17 50
100 107 17 50
98 107 17 50
96 107 17 50
95 107 17 50
94 107 17 50
91 106 17 50
90 106 17 50
88 104 17 50
87 103 17 50
85 103 17 50
83 103 17 50
82 103 17 50
80 103 17 50
79 103 17 50
77 103 17 50
75 102 17 50
74 101 17 50
73 101 17 50
71 100 17 50
70 100 17 50
69 100 17 50
67 100 17 50
66 100 17 50
65 100 17 50
63 99 17 50
62 98 17 50
61 98 17 50
60 98 17 50
59 97 17 50
