82 199 35 131
83 198 35 131
85 196 35 131
89 197 35 131
95 199 35 131
101 199 35 131
104 200 35 131
107 200 35 131
110 201 35 131
113 201 35 131
115 201 35 131
117 201 35 131
119 201 35 131
121 201 35 131
125 203 35 131
127 203 35 131
132 203 35 131
137 203 35 131
142 202 35 131
146 200 35 131
149 200 35 131
152 200 35 131
154 200 35 131
157 199 35 131
161 199 35 131
163 199 35 131
167 199 35 131
171 198 35 131
174 198 35 131
178 197 35 131
181 196 35 131
183 196 35 131
186 195 35 131
188 194 35 131
191 195 35 131
195 195 35 131
199 195 35 131
204 196 35 131
210 195 35 131
216 194 35 131
220 193 35 131
224 192 35 131
228 191 35 131
231 191 35 131
234 191 35 131
237 190 35 131
240 190 35 131
245 190 35 131
249 190 35 131
254 190 35 131
260 190 35 131
265 191 35 131
269 192 35 131
274 192 35 131
278 192 35 131
283 192 35 131
287 192 35 131
292 192 35 131
298 192 35 131
303 192 35 131
308 193 35 131
312 193 35 131
317 193 35 131
321 193 35 131
325 193 35 131
329 193 35 131
333 193 35 131
338 193 35 131
343 195 35 131
348 196 35 131
353 196 35 131
357 197 35 131
361 197 35 131
363 197 35 131
366 197 35 131
370 197 35 131
373 198 35 131
378 199 35 131
382 199 35 131
386 198 35 131
389 197 35 131
391 197 35 131
391 197 35 131
391 197 35 131
389 197 35 131
387 196 35 131
385 196 35 131
382 197 35 131
380 198 35 131
378 198 35 131
376 198 35 131
373 199 35 131
370 200 35 131
367 201 35 131
363 202 35 131
361 203 35 131
359 204 35 131
359 205 35 131
360 206 35 131
361 206 35 131
362 206 35 131
363 206 35 131
365 205 35 131
364 204 35 131
363 204 35 131
364 205 35 131
363 206 35 131
362 208 35 131
362 210 35 131
363 211 35 131
363 211 35 131
364 210 35 131
365 210 35 131
366 209 35 131
367 208 35 131
367 207 35 131
368 207 35 131
367 207 35 131
367 208 35 131
368 209 35 131
370 211 35 131
371 212 35 131
371 213 35 131
372 214 35 131
373 214 35 131
373 213 35 131
376 212 35 131
381 212 35 131
387 212 35 131
394 212 35 131
402 212 35 131
411 211 35 131
419 210 35 131
428 210 35 131
435 209 35 131
440 208 35 131
444 209 35 131
446 209 35 131
450 209 35 131
454 210 35 131
457 210 35 131
461 211 35 131
465 211 35 131
472 212 35 131
477 212 35 131
484 212 35 131
491 212 35 131
498 211 35 131
504 211 35 131
510 211 35 131
515 211 35 131
516 210 35 131
515 210 35 131
510 209 35 131
501 209 35 131
492 209 35 131
484 208 35 131
476 208 35 131
468 208 35 131
462 209 35 131
456 210 35 131
452 210 35 131
448 209 35 131
446 208 35 131
446 208 35 131
446 207 35 131
447 205 35 131
447 205 35 131
447 204 35 131
446 204 35 131
444 205 35 131
442 204 35 131
439 203 35 131
437 202 35 131
435 200 35 131
433 199 35 131
432 199 35 131
430 199 35 131
428 199 35 131
425 199 35 131
421 199 35 131
417 199 35 131
413 198 35 131
411 197 35 131
409 197 35 131
419 201 35 131
421 202 35 131
423 202 35 131
429 201 35 131
433 200 35 131
435 200 35 131
438 200 35 131
441 200 35 131
444 200 35 131
447 200 35 131
450 200 35 131
453 202 35 131
457 202 35 131
461 202 35 131
465 202 35 131
469 201 35 131
473 201 35 131
477 201 35 131
481 201 35 131
485 202 35 131
490 203 35 131
495 203 35 131
500 204 35 131
506 204 35 131
512 204 35 131
517 204 35 131
523 204 35 131
528 204 35 131
533 203 35 131
537 203 35 131
541 202 35 131
545 201 35 131
549 200 35 131
553 200 35 131
556 199 35 131
560 200 35 131
563 201 35 131
567 201 35 131
571 201 35 131
575 201 35 131
579 202 35 131
582 203 35 131
585 203 35 131
589 202 35 131
592 203 35 131
596 203 35 131
599 204 35 131
602 204 35 131
605 204 35 131
607 205 35 131
610 205 35 131
613 205 35 131
616 205 35 131
619 204 35 131
622 203 35 131
624 204 35 131
625 201 35 131
629 201 35 131
624 208 35 131
605 196 35 131
604 194 35 131
604 195 35 131
604 195 35 131
604 197 35 131
605 198 35 131
605 200 35 131
605 199 35 131
