305 4 95 65
308 21 95 65
313 44 95 65
318 71 95 65
326 104 95 65
331 138 95 65
330 158 95 65
321 151 95 65
317 129 95 65
314 101 95 65
302 75 95 65
277 55 95 65
250 44 95 65
234 36 95 65
217 31 95 65
206 32 95 65
203 38 95 65
204 50 95 65
212 69 95 65
221 91 95 65
230 115 95 65
243 135 95 65
249 134 95 65
257 113 95 65
272 82 95 65
283 62 95 65
279 45 95 65
263 30 95 65
243 23 95 65
236 19 95 65
233 19 95 65
237 24 95 65
246 34 95 65
260 48 95 65
274 68 95 65
297 93 95 65
324 124 95 65
348 156 95 65
367 177 95 65
385 182 95 65
407 170 95 65
424 150 95 65
427 133 95 65
405 117 95 65
370 110 95 65
344 106 95 65
332 101 95 65
323 97 95 65
315 95 95 65
312 95 95 65
312 100 95 65
318 111 95 65
332 128 95 65
340 148 95 65
341 162 95 65
344 160 95 65
351 143 95 65
367 123 95 65
381 101 95 65
390 77 95 65
390 53 95 65
376 30 95 65
354 12 95 65
344 3 95 65
344 -0 95 65
342 -1 95 65
338 1 95 65
337 9 95 65
341 22 95 65
349 37 95 65
361 56 95 65
