138 112 51 36
138 114 51 36
138 116 51 36
138 117 51 36
138 119 51 36
138 120 51 36
138 120 51 36
138 120 51 36
138 120 51 36
138 120 51 36
138 120 51 36
138 120 51 36
136 120 51 36
136 120 51 36
136 120 51 36
135 119 51 36
135 119 51 36
135 118 51 36
135 118 51 36
135 117 51 36
135 116 51 36
135 116 51 36
135 115 51 36
135 115 51 36
135 114 51 36
136 113 51 36
136 113 51 36
136 112 51 36
137 112 51 36
137 111 51 36
138 110 51 36
139 110 51 36
140 109 51 36
140 109 51 36
141 109 51 36
141 109 51 36
142 109 51 36
145 108 51 36
147 107 51 36
149 107 51 36
151 107 51 36
155 107 51 36
157 107 51 36
160 108 51 36
163 109 51 36
165 110 51 36
167 111 51 36
169 112 51 36
170 111 51 36
172 110 51 36
174 108 51 36
177 106 51 36
179 105 51 36
181 103 51 36
182 102 51 36
183 101 51 36
183 100 51 36
184 99 51 36
185 99 51 36
186 99 51 36
187 99 51 36
188 100 51 36
188 100 51 36
189 101 51 36
189 102 51 36
189 102 51 36
188 102 51 36
188 103 51 36
188 103 51 36
188 103 51 36
188 103 51 36
188 103 51 36
188 103 51 36
187 103 51 36
186 103 51 36
185 103 51 36
184 103 51 36
184 103 51 36
183 103 51 36
182 103 51 36
181 102 51 36
180 102 51 36
179 101 51 36
177 101 51 36
176 100 51 36
175 100 51 36
174 100 51 36
173 100 51 36
172 99 51 36
172 99 51 36
171 99 51 36
171 100 51 36
170 100 51 36
170 101 51 36
169 101 51 36
168 102 51 36
168 102 51 36
168 103 51 36
168 104 51 36
167 104 51 36
167 104 51 36
167 104 51 36
167 103 51 36
166 102 51 36
166 102 51 36
165 102 51 36
164 103 51 36
164 103 51 36
164 103 51 36
163 103 51 36
163 103 51 36
163 104 51 36
162 104 51 36
162 104 51 36
161 104 51 36
161 103 51 36
161 102 51 36
161 102 51 36
161 101 51 36
161 101 51 36
161 100 51 36
161 99 51 36
162 98 51 36
162 96 51 36
162 94 51 36
162 93 51 36
162 92 51 36
161 90 51 36
161 89 51 36
161 88 51 36
162 87 51 36
162 86 51 36
163 85 51 36
163 84 51 36
163 83 51 36
163 82 51 36
164 82 51 36
164 81 51 36
164 81 51 36
164 80 51 36
165 79 51 36
165 79 51 36
165 78 51 36
165 78 51 36
165 77 51 36
165 77 51 36
165 76 51 36
165 76 51 36
165 76 51 36
165 76 51 36
165 76 51 36
165 76 51 36
164 75 51 36
164 74 51 36
165 74 51 36
165 73 51 36
165 73 51 36
165 73 51 36
166 73 51 36
166 73 51 36
166 73 51 36
166 73 51 36
166 73 51 36
166 73 51 36
167 72 51 36
167 72 51 36
167 72 51 36
167 72 51 36
167 72 51 36
167 72 51 36
167 72 51 36
166 75 51 36
167 76 51 36
167 76 51 36
167 76 51 36
167 76 51 36
166 79 51 36
166 80 51 36
166 80 51 36
166 81 51 36
166 81 51 36
167 83 51 36
167 84 51 36
167 85 51 36
167 86 51 36
167 87 51 36
167 89 51 36
168 90 51 36
168 91 51 36
168 92 51 36
168 94 51 36
168 95 51 36
168 97 51 36
169 98 51 36
169 99 51 36
169 100 51 36
169 101 51 36
169 102 51 36
169 102 51 36
169 103 51 36
169 104 51 36
169 105 51 36
169 106 51 36
169 107 51 36
169 109 51 36
170 110 51 36
170 111 51 36
170 112 51 36
170 113 51 36
170 114 51 36
170 115 51 36
170 116 51 36
170 118 51 36
170 119 51 36
170 120 51 36
170 122 51 36
170 123 51 36
170 125 51 36
170 127 51 36
170 129 51 36
170 130 51 36
170 132 51 36
170 133 51 36
170 134 51 36
170 134 51 36
170 135 51 36
170 136 51 36
170 136 51 36
170 137 51 36
170 137 51 36
170 138 51 36
170 138 51 36
170 138 51 36
170 139 51 36
170 139 51 36
170 139 51 36
170 139 51 36
170 138 51 36
170 137 51 36
170 136 51 36
169 135 51 36
169 133 51 36
168 131 51 36
168 128 51 36
168 126 51 36
167 123 51 36
167 121 51 36
167 119 51 36
167 118 51 36
167 116 51 36
167 115 51 36
167 114 51 36
168 113 51 36
168 113 51 36
167 112 51 36
167 112 51 36
166 111 51 36
165 110 51 36
164 109 51 36
163 109 51 36
162 109 51 36
161 108 51 36
160 106 51 36
160 105 51 36
160 103 51 36
160 102 51 36
161 101 51 36
161 100 51 36
161 98 51 36
160 97 51 36
161 96 51 36
161 95 51 36
161 95 51 36
161 95 51 36
162 95 51 36
162 95 51 36
163 95 51 36
163 95 51 36
163 94 51 36
164 94 51 36
165 94 51 36
166 94 51 36
166 94 51 36
166 94 51 36
166 94 51 36
166 94 51 36
166 94 51 36
166 94 51 36
166 94 51 36
166 94 51 36
166 94 51 36
166 94 51 36
166 94 51 36
166 94 51 36
166 95 51 36
165 95 51 36
165 95 51 36
165 95 51 36
165 96 51 36
165 96 51 36
165 96 51 36
165 96 51 36
165 96 51 36
165 96 51 36
165 96 51 36
166 96 51 36
166 95 51 36
166 95 51 36
166 95 51 36
167 95 51 36
167 95 51 36
167 95 51 36
168 94 51 36
168 94 51 36
168 94 51 36
168 94 51 36
168 94 51 36
168 94 51 36
168 94 51 36
168 94 51 36
169 94 51 36
169 94 51 36
170 94 51 36
170 94 51 36
171 93 51 36
172 93 51 36
173 93 51 36
173 93 51 36
174 93 51 36
174 93 51 36
174 93 51 36
175 93 51 36
175 93 51 36
176 93 51 36
176 93 51 36
177 93 51 36
177 93 51 36
178 94 51 36
178 94 51 36
179 94 51 36
179 94 51 36
179 94 51 36
179 94 51 36
179 94 51 36
179 94 51 36
179 94 51 36
179 94 51 36
179 94 51 36
178 95 51 36
178 95 51 36
178 95 51 36
179 96 51 36
179 96 51 36
179 96 51 36
179 96 51 36
179 96 51 36
179 96 51 36
179 96 51 36
180 96 51 36
181 96 51 36
181 96 51 36
182 96 51 36
182 96 51 36
182 95 51 36
183 95 51 36
183 95 51 36
183 95 51 36
184 95 51 36
184 95 51 36
185 95 51 36
185 95 51 36
186 95 51 36
186 95 51 36
186 95 51 36
187 94 51 36
187 94 51 36
188 95 51 36
188 95 51 36
188 95 51 36
189 95 51 36
189 95 51 36
189 95 51 36
190 96 51 36
190 96 51 36
190 96 51 36
191 96 51 36
191 96 51 36
191 97 51 36
191 97 51 36
192 97 51 36
192 97 51 36
192 97 51 36
192 97 51 36
192 97 51 36
193 97 51 36
193 97 51 36
193 97 51 36
193 98 51 36
193 98 51 36
193 98 51 36
193 98 51 36
193 98 51 36
194 98 51 36
194 98 51 36
194 98 51 36
194 98 51 36
194 98 51 36
194 98 51 36
194 98 51 36
194 98 51 36
194 98 51 36
194 98 51 36
194 98 51 36
194 98 51 36
194 98 51 36
194 98 51 36
194 98 51 36
194 98 51 36
194 98 51 36
194 98 51 36
194 98 51 36
195 98 51 36
195 98 51 36
195 98 51 36
195 97 51 36
195 97 51 36
195 97 51 36
195 97 51 36
195 97 51 36
195 97 51 36
195 97 51 36
196 98 51 36
196 98 51 36
197 98 51 36
198 98 51 36
198 98 51 36
197 98 51 36
197 98 51 36
196 98 51 36
196 97 51 36
195 97 51 36
194 97 51 36
193 97 51 36
191 97 51 36
190 97 51 36
189 97 51 36
188 97 51 36
188 97 51 36
187 97 51 36
187 97 51 36
186 97 51 36
185 97 51 36
185 97 51 36
184 97 51 36
184 97 51 36
183 97 51 36
183 97 51 36
183 97 51 36
182 97 51 36
182 97 51 36
182 97 51 36
182 97 51 36
182 97 51 36
182 97 51 36
182 97 51 36
182 97 51 36
182 97 51 36
183 98 51 36
183 98 51 36
184 98 51 36
184 98 51 36
185 98 51 36
186 98 51 36
187 98 51 36
188 98 51 36
188 99 51 36
189 99 51 36
189 99 51 36
190 99 51 36
191 99 51 36
192 99 51 36
192 99 51 36
193 99 51 36
194 99 51 36
196 99 51 36
197 99 51 36
198 99 51 36
199 99 51 36
200 99 51 36
201 99 51 36
202 99 51 36
204 98 51 36
205 98 51 36
207 97 51 36
208 97 51 36
209 97 51 36
209 97 51 36
210 97 51 36
210 98 51 36
210 98 51 36
209 98 51 36
209 98 51 36
208 98 51 36
206 98 51 36
205 98 51 36
203 98 51 36
201 98 51 36
199 97 51 36
197 97 51 36
196 97 51 36
194 97 51 36
193 96 51 36
192 96 51 36
191 96 51 36
190 95 51 36
189 95 51 36
188 95 51 36
188 94 51 36
188 94 51 36
188 94 51 36
188 94 51 36
188 94 51 36
187 94 51 36
187 94 51 36
187 94 51 36
186 93 51 36
185 93 51 36
185 92 51 36
184 91 51 36
184 90 51 36
184 88 51 36
183 87 51 36
183 86 51 36
183 85 51 36
183 84 51 36
183 84 51 36
183 84 51 36
183 84 51 36
183 84 51 36
183 83 51 36
183 83 51 36
183 82 51 36
183 82 51 36
184 81 51 36
184 81 51 36
184 80 51 36
184 80 51 36
184 80 51 36
184 80 51 36
184 80 51 36
184 81 51 36
184 81 51 36
184 83 51 36
184 84 51 36
184 85 51 36
184 87 51 36
184 88 51 36
184 90 51 36
184 91 51 36
183 93 51 36
183 94 51 36
183 96 51 36
183 98 51 36
182 100 51 36
182 102 51 36
182 103 51 36
182 105 51 36
181 107 51 36
181 108 51 36
180 110 51 36
180 113 51 36
179 116 51 36
178 119 51 36
178 121 51 36
177 124 51 36
176 126 51 36
176 128 51 36
175 130 51 36
174 132 51 36
173 133 51 36
172 133 51 36
171 133 51 36
170 133 51 36
169 132 51 36
169 131 51 36
168 130 51 36
167 129 51 36
166 128 51 36
165 127 51 36
165 127 51 36
165 126 51 36
165 125 51 36
165 124 51 36
165 123 51 36
165 124 51 36
165 125 51 36
165 126 51 36
165 125 51 36
164 122 51 36
163 119 51 36
161 116 51 36
158 115 51 36
156 115 51 36
155 116 51 36
155 118 51 36
156 119 51 36
157 120 51 36
158 121 51 36
159 122 51 36
159 122 51 36
159 122 51 36
159 120 51 36
159 118 51 36
158 116 51 36
158 113 51 36
157 111 51 36
157 110 51 36
156 110 51 36
155 109 51 36
155 108 51 36
153 108 51 36
152 108 51 36
152 108 51 36
151 108 51 36
150 107 51 36
149 106 51 36
149 104 51 36
148 103 51 36
148 102 51 36
148 101 51 36
149 101 51 36
150 101 51 36
150 102 51 36
150 103 51 36
149 103 51 36
148 103 51 36
148 102 51 36
147 101 51 36
146 100 51 36
145 98 51 36
144 97 51 36
144 96 51 36
144 96 51 36
145 97 51 36
146 99 51 36
146 101 51 36
145 103 51 36
144 104 51 36
144 104 51 36
144 104 51 36
144 104 51 36
143 104 51 36
142 103 51 36
142 101 51 36
141 100 51 36
141 101 51 36
143 102 51 36
144 102 51 36
146 103 51 36
149 104 51 36
151 104 51 36
151 105 51 36
151 106 51 36
150 106 51 36
149 105 51 36
147 104 51 36
146 103 51 36
143 103 51 36
140 105 51 36
138 107 51 36
136 110 51 36
135 111 51 36
136 112 51 36
138 112 51 36
138 113 51 36
137 113 51 36
135 113 51 36
135 113 51 36
137 111 51 36
139 110 51 36
141 109 51 36
142 109 51 36
144 109 51 36
146 109 51 36
149 109 51 36
152 108 51 36
153 108 51 36
151 108 51 36
149 107 51 36
145 107 51 36
141 108 51 36
138 110 51 36
137 113 51 36
137 116 51 36
138 117 51 36
137 117 51 36
136 118 51 36
134 119 51 36
132 120 51 36
131 120 51 36
130 121 51 36
131 120 51 36
132 119 51 36
133 118 51 36
133 117 51 36
132 115 51 36
131 113 51 36
128 111 51 36
125 109 51 36
121 107 51 36
116 105 51 36
110 103 51 36
105 102 51 36
101 101 51 36
100 100 51 36
100 99 51 36
101 99 51 36
102 98 51 36
102 98 51 36
101 98 51 36
99 98 51 36
99 98 51 36
100 98 51 36
101 97 51 36
102 97 51 36
102 98 51 36
102 99 51 36
102 99 51 36
102 99 51 36
99 98 51 36
96 98 51 36
92 98 51 36
87 98 51 36
81 97 51 36
77 96 51 36
75 96 51 36
77 97 51 36
82 99 51 36
91 101 51 36
101 103 51 36
109 106 51 36
112 108 51 36
112 108 51 36
108 108 51 36
104 107 51 36
101 106 51 36
100 105 51 36
100 105 51 36
102 106 51 36
104 107 51 36
108 108 51 36
111 109 51 36
113 109 51 36
117 109 51 36
120 109 51 36
125 110 51 36
131 111 51 36
136 112 51 36
140 112 51 36
141 112 51 36
141 111 51 36
140 111 51 36
140 111 51 36
143 110 51 36
148 109 51 36
156 108 51 36
164 108 51 36
171 109 51 36
176 110 51 36
180 111 51 36
184 112 51 36
189 113 51 36
193 114 51 36
198 115 51 36
202 116 51 36
206 117 51 36
210 118 51 36
214 117 51 36
218 117 51 36
222 117 51 36
226 116 51 36
230 115 51 36
233 115 51 36
236 115 51 36
238 115 51 36
240 115 51 36
241 115 51 36
241 115 51 36
242 115 51 36
241 115 51 36
241 115 51 36
242 114 51 36
242 114 51 36
242 114 51 36
241 115 51 36
239 115 51 36
236 115 51 36
230 115 51 36
225 114 51 36
221 112 51 36
219 111 51 36
219 111 51 36
220 112 51 36
221 114 51 36
219 115 51 36
214 115 51 36
209 115 51 36
204 114 51 36
197 113 51 36
190 112 51 36
185 111 51 36
181 110 51 36
177 110 51 36
173 110 51 36
169 109 51 36
165 109 51 36
161 109 51 36
157 109 51 36
154 108 51 36
151 109 51 36
148 109 51 36
144 109 51 36
142 109 51 36
139 110 51 36
137 111 51 36
136 111 51 36
134 112 51 36
132 114 51 36
130 115 51 36
128 116 51 36
126 116 51 36
124 115 51 36
123 114 51 36
120 113 51 36
118 114 51 36
116 114 51 36
115 115 51 36
115 113 51 36
116 111 51 36
116 110 51 36
117 110 51 36
118 110 51 36
119 113 51 36
119 117 51 36
119 122 51 36
118 125 51 36
117 127 51 36
116 128 51 36
115 127 51 36
115 123 51 36
115 117 51 36
115 110 51 36
116 104 51 36
116 99 51 36
117 95 51 36
119 93 51 36
122 93 51 36
125 94 51 36
128 98 51 36
129 104 51 36
129 111 51 36
127 118 51 36
126 122 51 36
125 124 51 36
124 123 51 36
124 121 51 36
123 118 51 36
122 115 51 36
122 112 51 36
122 107 51 36
122 102 51 36
122 97 51 36
123 93 51 36
124 91 51 36
126 92 51 36
128 96 51 36
131 102 51 36
134 108 51 36
137 112 51 36
140 114 51 36
141 113 51 36
141 110 51 36
140 104 51 36
142 102 51 36
142 99 51 36
140 95 51 36
140 94 51 36
138 93 51 36
137 91 51 36
137 90 51 36
137 89 51 36
137 85 51 36
136 82 51 36
136 81 51 36
137 83 51 36
139 85 51 36
140 89 51 36
141 96 51 36
142 104 51 36
143 109 51 36
144 113 51 36
143 114 51 36
141 113 51 36
141 110 51 36
141 107 51 36
141 103 51 36
142 99 51 36
142 96 51 36
143 92 51 36
144 87 51 36
145 85 51 36
145 86 51 36
145 90 51 36
145 97 51 36
144 107 51 36
143 120 51 36
142 131 51 36
142 138 51 36
141 139 51 36
140 134 51 36
138 128 51 36
136 120 51 36
135 110 51 36
136 102 51 36
136 94 51 36
137 88 51 36
138 86 51 36
137 87 51 36
136 92 51 36
134 100 51 36
131 111 51 36
129 124 51 36
127 135 51 36
126 142 51 36
125 143 51 36
123 137 51 36
121 127 51 36
120 115 51 36
119 104 51 36
118 94 51 36
117 88 51 36
115 87 51 36
113 90 51 36
112 98 51 36
110 111 51 36
109 124 51 36
110 134 51 36
109 138 51 36
107 136 51 36
105 127 51 36
105 115 51 36
106 102 51 36
108 90 51 36
109 80 51 36
109 73 51 36
108 69 51 36
107 68 51 36
106 70 51 36
105 76 51 36
104 87 51 36
102 99 51 36
100 113 51 36
99 126 51 36
97 134 51 36
96 136 51 36
94 131 51 36
93 122 51 36
93 111 51 36
94 99 51 36
95 87 51 36
96 78 51 36
97 72 51 36
97 70 51 36
97 72 51 36
96 80 51 36
95 93 51 36
95 110 51 36
93 127 51 36
91 141 51 36
90 151 51 36
88 153 51 36
86 148 51 36
86 138 51 36
87 125 51 36
90 110 51 36
93 97 51 36
96 87 51 36
98 81 51 36
99 79 51 36
99 83 51 36
99 92 51 36
100 106 51 36
100 121 51 36
100 137 51 36
98 149 51 36
95 153 51 36
94 150 51 36
94 140 51 36
95 126 51 36
98 109 51 36
101 94 51 36
102 81 51 36
102 74 51 36
102 67 51 36
102 67 51 36
101 75 51 36
100 87 51 36
99 103 51 36
97 118 51 36
94 128 51 36
93 132 51 36
91 128 51 36
91 119 51 36
91 106 51 36
93 91 51 36
95 77 51 36
97 66 51 36
99 59 51 36
100 55 51 36
99 55 51 36
99 61 51 36
97 72 51 36
97 88 51 36
97 106 51 36
96 124 51 36
96 137 51 36
96 145 51 36
96 145 51 36
96 136 51 36
97 124 51 36
98 110 51 36
99 97 51 36
99 87 51 36
99 80 51 36
100 79 51 36
101 84 51 36
102 95 51 36
102 110 51 36
102 125 51 36
100 135 51 36
99 137 51 36
98 132 51 36
98 122 51 36
99 112 51 36
101 102 51 36
102 93 51 36
103 87 51 36
104 86 51 36
104 91 51 36
104 105 51 36
102 124 51 36
100 140 51 36
98 147 51 36
97 143 51 36
98 133 51 36
100 122 51 36
102 109 51 36
107 94 51 36
112 81 51 36
116 71 51 36
120 66 51 36
122 66 51 36
124 71 51 36
126 82 51 36
126 93 51 36
126 102 51 36
129 107 51 36
131 107 51 36
133 101 51 36
135 91 51 36
138 80 51 36
141 69 51 36
145 60 51 36
148 56 51 36
151 57 51 36
154 63 51 36
154 73 51 36
154 87 51 36
154 104 51 36
153 119 51 36
153 129 51 36
152 131 51 36
154 124 51 36
156 112 51 36
159 98 51 36
163 85 51 36
166 72 51 36
169 62 51 36
171 56 51 36
172 54 51 36
173 56 51 36
174 63 51 36
174 75 51 36
176 90 51 36
178 107 51 36
180 121 51 36
179 130 51 36
179 130 51 36
179 123 51 36
179 111 51 36
180 96 51 36
182 81 51 36
184 68 51 36
186 59 51 36
187 53 51 36
187 51 51 36
188 53 51 36
187 58 51 36
186 67 51 36
186 80 51 36
187 94 51 36
187 108 51 36
187 119 51 36
186 123 51 36
184 121 51 36
183 115 51 36
183 106 51 36
183 95 51 36
184 85 51 36
185 75 51 36
185 68 51 36
184 64 51 36
184 63 51 36
184 65 51 36
182 69 51 36
182 77 51 36
182 86 51 36
182 96 51 36
182 105 51 36
181 110 51 36
180 110 51 36
179 106 51 36
178 99 51 36
178 91 51 36
178 82 51 36
179 76 51 36
180 72 51 36
180 72 51 36
180 75 51 36
181 83 51 36
181 93 51 36
180 104 51 36
180 114 51 36
179 120 51 36
179 122 51 36
179 119 51 36
180 112 51 36
182 105 51 36
184 98 51 36
187 92 51 36
189 87 51 36
191 84 51 36
193 83 51 36
193 85 51 36
193 89 51 36
193 96 51 36
194 103 51 36
194 109 51 36
194 114 51 36
193 114 51 36
192 110 51 36
192 104 51 36
192 97 51 36
193 91 51 36
193 87 51 36
194 84 51 36
194 84 51 36
194 86 51 36
195 91 51 36
195 96 51 36
196 102 51 36
196 106 51 36
195 107 51 36
194 105 51 36
193 101 51 36
192 97 51 36
191 93 51 36
190 91 51 36
189 91 51 36
186 92 51 36
182 93 51 36
178 95 51 36
175 96 51 36
175 99 51 36
177 101 51 36
182 104 51 36
189 105 51 36
196 106 51 36
203 107 51 36
210 107 51 36
217 108 51 36
223 109 51 36
229 111 51 36
234 113 51 36
238 114 51 36
240 115 51 36
240 116 51 36
240 116 51 36
239 116 51 36
237 116 51 36
234 116 51 36
230 115 51 36
227 115 51 36
222 113 51 36
218 112 51 36
213 112 51 36
209 111 51 36
204 110 51 36
199 109 51 36
194 108 51 36
189 106 51 36
184 104 51 36
180 103 51 36
176 101 51 36
171 100 51 36
168 99 51 36
165 97 51 36
164 96 51 36
162 96 51 36
161 95 51 36
160 95 51 36
160 95 51 36
159 95 51 36
159 96 51 36
159 96 51 36
158 96 51 36
158 96 51 36
159 97 51 36
159 97 51 36
160 98 51 36
161 98 51 36
161 99 51 36
163 100 51 36
164 101 51 36
166 102 51 36
168 103 51 36
169 104 51 36
170 106 51 36
172 109 51 36
175 111 51 36
177 112 51 36
179 114 51 36
181 115 51 36
183 117 51 36
185 119 51 36
187 121 51 36
188 122 51 36
190 123 51 36
193 124 51 36
195 126 51 36
196 127 51 36
198 128 51 36
200 129 51 36
202 129 51 36
203 129 51 36
204 128 51 36
206 126 51 36
208 125 51 36
210 125 51 36
212 124 51 36
214 123 51 36
215 123 51 36
216 123 51 36
218 123 51 36
219 124 51 36
220 125 51 36
220 125 51 36
221 126 51 36
221 127 51 36
221 128 51 36
222 128 51 36
223 128 51 36
224 128 51 36
224 127 51 36
224 126 51 36
223 126 51 36
223 125 51 36
224 124 51 36
225 122 51 36
226 120 51 36
226 119 51 36
226 117 51 36
226 117 51 36
226 117 51 36
226 116 51 36
226 117 51 36
226 117 51 36
226 118 51 36
225 118 51 36
224 119 51 36
223 119 51 36
223 119 51 36
223 120 51 36
225 120 51 36
227 120 51 36
228 120 51 36
228 120 51 36
227 120 51 36
224 120 51 36
220 120 51 36
217 120 51 36
213 119 51 36
210 119 51 36
206 119 51 36
203 119 51 36
201 119 51 36
199 119 51 36
198 119 51 36
197 119 51 36
196 119 51 36
195 119 51 36
195 119 51 36
195 119 51 36
195 119 51 36
195 119 51 36
196 119 51 36
196 119 51 36
197 119 51 36
198 119 51 36
198 119 51 36
199 118 51 36
199 118 51 36
200 118 51 36
201 118 51 36
203 120 51 36
204 122 51 36
205 125 51 36
206 128 51 36
206 130 51 36
206 132 51 36
205 134 51 36
204 135 51 36
204 136 51 36
204 136 51 36
205 136 51 36
207 136 51 36
208 136 51 36
209 136 51 36
211 136 51 36
212 136 51 36
213 136 51 36
214 136 51 36
215 136 51 36
216 136 51 36
218 137 51 36
220 139 51 36
221 142 51 36
220 147 51 36
217 156 51 36
213 169 51 36
