146 149 32 73
147 149 32 73
147 149 32 73
147 149 32 73
148 149 32 73
148 149 32 73
148 150 32 73
148 149 32 73
147 150 32 73
147 150 32 73
147 150 32 73
148 150 32 73
148 150 32 73
148 150 32 73
149 150 32 73
149 150 32 73
149 150 32 73
149 149 32 73
149 149 32 73
149 150 32 73
148 150 32 73
148 149 32 73
148 149 32 73
149 149 32 73
150 149 32 73
150 150 32 73
150 150 32 73
150 149 32 73
151 149 32 73
151 150 32 73
151 150 32 73
151 150 32 73
151 150 32 73
151 150 32 73
150 150 32 73
150 150 32 73
149 151 32 73
148 152 32 73
148 152 32 73
148 152 32 73
147 152 32 73
147 152 32 73
147 152 32 73
147 151 32 73
147 151 32 73
147 151 32 73
146 151 32 73
146 151 32 73
146 151 32 73
146 152 32 73
145 152 32 73
144 152 32 73
144 152 32 73
144 152 32 73
144 152 32 73
144 152 32 73
144 152 32 73
144 152 32 73
144 152 32 73
144 153 32 73
144 153 32 73
145 153 32 73
145 153 32 73
146 153 32 73
146 153 32 73
146 154 32 73
146 153 32 73
146 153 32 73
146 153 32 73
146 153 32 73
146 153 32 73
146 153 32 73
146 153 32 73
146 153 32 73
146 153 32 73
146 152 32 73
146 152 32 73
145 152 32 73
146 152 32 73
145 152 32 73
145 152 32 73
145 152 32 73
146 152 32 73
146 151 32 73
147 151 32 73
147 152 32 73
148 152 32 73
148 152 32 73
148 151 32 73
149 151 32 73
149 152 32 73
149 152 32 73
149 153 32 73
149 153 32 73
150 154 32 73
150 154 32 73
151 154 32 73
151 155 32 73
151 155 32 73
152 155 32 73
152 155 32 73
153 155 32 73
153 155 32 73
153 154 32 73
153 154 32 73
153 154 32 73
152 154 32 73
152 154 32 73
152 153 32 73
153 153 32 73
153 153 32 73
153 154 32 73
153 154 32 73
153 154 32 73
153 154 32 73
154 154 32 73
154 154 32 73
155 153 32 73
155 153 32 73
156 153 32 73
156 153 32 73
155 153 32 73
155 153 32 73
155 153 32 73
155 153 32 73
154 153 32 73
154 153 32 73
154 152 32 73
154 152 32 73
154 152 32 73
153 152 32 73
153 152 32 73
153 152 32 73
153 152 32 73
153 152 32 73
153 151 32 73
153 151 32 73
153 150 32 73
153 150 32 73
153 150 32 73
153 150 32 73
153 150 32 73
152 151 32 73
152 151 32 73
152 150 32 73
151 150 32 73
151 150 32 73
150 150 32 73
150 150 32 73
150 150 32 73
149 150 32 73
149 150 32 73
149 150 32 73
149 150 32 73
149 150 32 73
149 150 32 73
148 150 32 73
148 150 32 73
148 150 32 73
147 150 32 73
147 150 32 73
147 150 32 73
146 150 32 73
146 150 32 73
146 150 32 73
146 150 32 73
146 151 32 73
146 151 32 73
146 151 32 73
147 151 32 73
146 150 32 73
146 150 32 73
146 150 32 73
146 151 32 73
146 150 32 73
146 150 32 73
145 150 32 73
146 150 32 73
145 150 32 73
145 150 32 73
145 149 32 73
145 149 32 73
145 150 32 73
146 150 32 73
146 150 32 73
147 150 32 73
149 149 32 73
150 149 32 73
152 148 32 73
154 148 32 73
157 147 32 73
160 146 32 73
163 145 32 73
166 144 32 73
168 143 32 73
170 142 32 73
172 141 32 73
173 141 32 73
173 140 32 73
172 139 32 73
171 138 32 73
170 137 32 73
167 137 32 73
164 136 32 73
160 136 32 73
155 135 32 73
150 135 32 73
144 134 32 73
138 134 32 73
133 133 32 73
128 133 32 73
123 133 32 73
120 133 32 73
116 133 32 73
113 134 32 73
111 135 32 73
109 137 32 73
107 138 32 73
106 140 32 73
105 142 32 73
104 144 32 73
104 146 32 73
104 148 32 73
104 150 32 73
105 152 32 73
106 153 32 73
108 156 32 73
108 157 32 73
110 158 32 73
111 159 32 73
112 160 32 73
112 161 32 73
112 161 32 73
111 162 32 73
110 162 32 73
108 162 32 73
107 162 32 73
106 161 32 73
105 161 32 73
104 161 32 73
102 162 32 73
100 161 32 73
98 161 32 73
94 160 32 73
91 160 32 73
88 159 32 73
85 158 32 73
81 157 32 73
78 156 32 73
75 155 32 73
72 154 32 73
68 153 32 73
65 152 32 73
62 150 32 73
60 149 32 73
58 147 32 73
56 146 32 73
54 145 32 73
53 144 32 73
52 143 32 73
51 142 32 73
51 142 32 73
51 142 32 73
51 141 32 73
52 141 32 73
54 141 32 73
56 141 32 73
59 141 32 73
63 140 32 73
67 140 32 73
71 140 32 73
76 140 32 73
80 140 32 73
87 140 32 73
92 140 32 73
97 141 32 73
103 141 32 73
108 141 32 73
113 141 32 73
117 142 32 73
121 142 32 73
125 143 32 73
128 143 32 73
131 144 32 73
133 145 32 73
136 146 32 73
139 147 32 73
141 148 32 73
144 148 32 73
146 149 32 73
147 150 32 73
149 151 32 73
150 151 32 73
150 152 32 73
151 152 32 73
152 153 32 73
152 154 32 73
152 155 32 73
152 157 32 73
151 158 32 73
151 159 32 73
150 160 32 73
150 161 32 73
149 163 32 73
147 165 32 73
145 165 32 73
142 166 32 73
139 167 32 73
136 168 32 73
133 169 32 73
130 170 32 73
126 171 32 73
123 172 32 73
121 171 32 73
119 169 32 73
116 168 32 73
112 168 32 73
109 168 32 73
105 168 32 73
101 168 32 73
97 166 32 73
93 166 32 73
89 165 32 73
86 164 32 73
83 164 32 73
80 163 32 73
76 161 32 73
72 160 32 73
69 158 32 73
67 157 32 73
65 155 32 73
63 154 32 73
61 153 32 73
60 151 32 73
60 149 32 73
60 147 32 73
60 146 32 73
62 144 32 73
64 143 32 73
66 141 32 73
69 140 32 73
73 139 32 73
76 138 32 73
80 136 32 73
84 135 32 73
89 135 32 73
94 133 32 73
100 133 32 73
106 132 32 73
112 131 32 73
118 131 32 73
125 131 32 73
132 130 32 73
138 131 32 73
143 131 32 73
151 132 32 73
154 131 32 73
162 132 32 73
170 133 32 73
175 132 32 73
181 132 32 73
185 131 32 73
191 131 32 73
196 131 32 73
202 132 32 73
207 134 32 73
210 135 32 73
214 136 32 73
218 138 32 73
220 140 32 73
223 141 32 73
224 143 32 73
224 144 32 73
224 145 32 73
223 147 32 73
221 149 32 73
217 151 32 73
213 152 32 73
208 152 32 73
204 153 32 73
199 154 32 73
195 156 32 73
188 157 32 73
182 158 32 73
176 159 32 73
170 160 32 73
164 161 32 73
158 162 32 73
151 161 32 73
146 162 32 73
138 161 32 73
133 161 32 73
127 161 32 73
119 160 32 73
111 159 32 73
109 158 32 73
103 157 32 73
98 154 32 73
94 152 32 73
89 148 32 73
86 145 32 73
81 141 32 73
78 138 32 73
75 134 32 73
74 130 32 73
75 126 32 73
78 123 32 73
81 119 32 73
84 116 32 73
88 112 32 73
95 109 32 73
100 106 32 73
107 104 32 73
111 101 32 73
116 98 32 73
122 95 32 73
127 92 32 73
132 89 32 73
135 86 32 73
138 84 32 73
141 81 32 73
143 79 32 73
146 76 32 73
148 73 32 73
150 70 32 73
152 67 32 73
153 64 32 73
152 61 32 73
151 58 32 73
150 55 32 73
149 53 32 73
147 51 32 73
145 49 32 73
141 48 32 73
139 47 32 73
136 47 32 73
132 47 32 73
129 48 32 73
126 49 32 73
123 50 32 73
120 52 32 73
117 54 32 73
113 57 32 73
111 60 32 73
108 63 32 73
105 67 32 73
103 70 32 73
100 75 32 73
97 78 32 73
96 82 32 73
95 87 32 73
93 91 32 73
92 96 32 73
92 99 32 73
91 103 32 73
92 107 32 73
90 112 32 73
91 117 32 73
91 122 32 73
92 127 32 73
93 130 32 73
94 133 32 73
96 137 32 73
99 141 32 73
100 142 32 73
101 143 32 73
103 145 32 73
104 147 32 73
104 149 32 73
104 151 32 73
104 153 32 73
104 155 32 73
105 156 32 73
105 157 32 73
106 158 32 73
106 159 32 73
107 160 32 73
107 161 32 73
107 161 32 73
106 161 32 73
106 161 32 73
106 162 32 73
106 162 32 73
106 163 32 73
105 163 32 73
105 162 32 73
105 162 32 73
105 161 32 73
105 160 32 73
104 160 32 73
103 159 32 73
102 159 32 73
101 158 32 73
100 157 32 73
99 156 32 73
99 155 32 73
98 153 32 73
97 152 32 73
97 151 32 73
96 150 32 73
95 149 32 73
94 147 32 73
93 146 32 73
92 144 32 73
91 141 32 73
90 139 32 73
89 136 32 73
88 134 32 73
87 131 32 73
87 128 32 73
86 125 32 73
87 122 32 73
88 120 32 73
89 117 32 73
92 116 32 73
95 115 32 73
101 115 32 73
106 114 32 73
112 114 32 73
121 116 32 73
126 117 32 73
135 120 32 73
144 123 32 73
151 126 32 73
158 126 32 73
165 125 32 73
172 126 32 73
178 127 32 73
182 129 32 73
184 131 32 73
186 133 32 73
187 134 32 73
188 136 32 73
189 138 32 73
189 139 32 73
188 141 32 73
187 142 32 73
185 144 32 73
183 146 32 73
181 149 32 73
178 151 32 73
175 154 32 73
170 157 32 73
167 160 32 73
164 162 32 73
161 165 32 73
158 168 32 73
155 171 32 73
153 171 32 73
152 170 32 73
148 173 32 73
144 177 32 73
142 180 32 73
142 180 32 73
142 180 32 73
141 181 32 73
139 183 32 73
136 184 32 73
131 181 32 73
127 180 32 73
123 179 32 73
120 179 32 73
118 181 32 73
116 182 32 73
115 182 32 73
113 180 32 73
112 180 32 73
111 180 32 73
112 181 32 73
114 181 32 73
116 182 32 73
119 181 32 73
121 181 32 73
123 183 32 73
125 185 32 73
127 187 32 73
129 188 32 73
131 189 32 73
134 190 32 73
137 191 32 73
140 191 32 73
143 191 32 73
147 191 32 73
151 190 32 73
155 190 32 73
159 189 32 73
163 189 32 73
167 188 32 73
170 186 32 73
174 185 32 73
177 183 32 73
179 179 32 73
181 175 32 73
182 172 32 73
183 170 32 73
183 169 32 73
182 167 32 73
180 166 32 73
179 164 32 73
179 162 32 73
178 161 32 73
177 160 32 73
175 159 32 73
173 159 32 73
170 159 32 73
167 159 32 73
163 160 32 73
160 160 32 73
156 161 32 73
153 161 32 73
149 162 32 73
145 163 32 73
142 165 32 73
139 166 32 73
138 168 32 73
137 170 32 73
137 173 32 73
138 175 32 73
139 177 32 73
141 180 32 73
142 183 32 73
143 185 32 73
144 186 32 73
145 188 32 73
147 189 32 73
148 189 32 73
150 189 32 73
152 189 32 73
154 190 32 73
157 190 32 73
160 190 32 73
162 190 32 73
165 190 32 73
167 189 32 73
170 188 32 73
173 187 32 73
175 186 32 73
179 185 32 73
182 185 32 73
185 184 32 73
189 183 32 73
191 182 32 73
194 180 32 73
196 178 32 73
199 177 32 73
202 176 32 73
205 175 32 73
208 173 32 73
212 171 32 73
215 168 32 73
216 167 32 73
217 166 32 73
218 166 32 73
219 165 32 73
220 164 32 73
222 163 32 73
223 162 32 73
224 162 32 73
225 161 32 73
226 160 32 73
227 159 32 73
229 157 32 73
230 156 32 73
231 154 32 73
232 153 32 73
233 152 32 73
233 151 32 73
233 150 32 73
233 149 32 73
233 148 32 73
232 147 32 73
231 146 32 73
229 144 32 73
226 143 32 73
223 142 32 73
220 141 32 73
216 140 32 73
213 139 32 73
209 137 32 73
205 136 32 73
200 135 32 73
196 133 32 73
190 133 32 73
185 132 32 73
180 132 32 73
175 132 32 73
169 131 32 73
163 131 32 73
159 130 32 73
154 129 32 73
150 129 32 73
144 129 32 73
140 128 32 73
132 129 32 73
128 129 32 73
124 128 32 73
120 128 32 73
117 128 32 73
114 128 32 73
113 128 32 73
111 128 32 73
109 129 32 73
108 129 32 73
108 130 32 73
107 132 32 73
108 133 32 73
108 135 32 73
109 136 32 73
109 138 32 73
111 140 32 73
112 141 32 73
114 143 32 73
116 146 32 73
118 149 32 73
120 152 32 73
124 155 32 73
126 157 32 73
129 160 32 73
131 162 32 73
134 164 32 73
136 165 32 73
139 166 32 73
141 166 32 73
143 166 32 73
146 164 32 73
148 163 32 73
151 161 32 73
153 159 32 73
155 156 32 73
157 152 32 73
159 148 32 73
162 144 32 73
164 140 32 73
166 135 32 73
167 130 32 73
168 125 32 73
169 120 32 73
170 115 32 73
170 110 32 73
171 105 32 73
171 99 32 73
171 94 32 73
170 88 32 73
169 83 32 73
167 78 32 73
166 74 32 73
164 70 32 73
162 66 32 73
159 63 32 73
156 60 32 73
152 59 32 73
148 58 32 73
144 58 32 73
139 58 32 73
135 60 32 73
131 61 32 73
127 61 32 73
122 63 32 73
117 65 32 73
113 67 32 73
108 69 32 73
104 72 32 73
101 75 32 73
98 78 32 73
96 82 32 73
94 87 32 73
93 92 32 73
93 97 32 73
93 102 32 73
93 107 32 73
93 112 32 73
93 118 32 73
93 123 32 73
94 129 32 73
95 134 32 73
96 139 32 73
97 143 32 73
98 147 32 73
100 151 32 73
102 155 32 73
104 157 32 73
106 159 32 73
109 163 32 73
112 167 32 73
115 169 32 73
118 172 32 73
121 174 32 73
125 177 32 73
129 180 32 73
133 181 32 73
136 183 32 73
140 184 32 73
143 184 32 73
147 188 32 73
153 185 32 73
157 184 32 73
161 183 32 73
164 182 32 73
167 181 32 73
170 179 32 73
173 178 32 73
175 176 32 73
178 174 32 73
180 171 32 73
181 168 32 73
182 163 32 73
182 160 32 73
182 158 32 73
182 156 32 73
182 154 32 73
182 151 32 73
183 146 32 73
183 142 32 73
183 137 32 73
183 132 32 73
182 128 32 73
180 125 32 73
178 121 32 73
175 118 32 73
172 115 32 73
169 112 32 73
165 110 32 73
162 109 32 73
159 109 32 73
156 110 32 73
153 111 32 73
151 114 32 73
149 119 32 73
148 124 32 73
147 129 32 73
147 134 32 73
147 140 32 73
146 141 32 73
145 138 32 73
145 132 32 73
145 123 32 73
145 117 32 73
145 110 32 73
144 106 32 73
143 102 32 73
141 101 32 73
138 101 32 73
135 102 32 73
132 106 32 73
128 110 32 73
126 116 32 73
123 121 32 73
122 125 32 73
121 128 32 73
122 129 32 73
122 129 32 73
122 127 32 73
122 123 32 73
122 118 32 73
121 112 32 73
120 107 32 73
119 102 32 73
119 98 32 73
118 96 32 73
117 95 32 73
116 96 32 73
116 99 32 73
117 103 32 73
118 108 32 73
120 114 32 73
122 119 32 73
125 124 32 73
128 128 32 73
132 129 32 73
135 127 32 73
137 125 32 73
140 119 32 73
143 112 32 73
146 104 32 73
149 96 32 73
151 88 32 73
153 81 32 73
154 76 32 73
154 73 32 73
153 72 32 73
151 73 32 73
150 76 32 73
149 80 32 73
148 86 32 73
148 92 32 73
148 97 32 73
149 101 32 73
151 103 32 73
153 103 32 73
154 102 32 73
156 98 32 73
157 93 32 73
158 86 32 73
158 80 32 73
157 74 32 73
155 71 32 73
152 70 32 73
150 72 32 73
148 76 32 73
147 83 32 73
147 92 32 73
147 101 32 73
147 109 32 73
147 115 32 73
148 119 32 73
149 118 32 73
151 115 32 73
152 110 32 73
154 103 32 73
155 95 32 73
154 87 32 73
152 81 32 73
148 75 32 73
145 72 32 73
139 67 32 73
135 66 32 73
132 68 32 73
130 73 32 73
129 79 32 73
130 85 32 73
132 91 32 73
134 96 32 73
135 99 32 73
137 103 32 73
138 107 32 73
139 110 32 73
141 113 32 73
146 113 32 73
150 112 32 73
156 110 32 73
163 108 32 73
171 105 32 73
180 100 32 73
189 96 32 73
194 93 32 73
205 88 32 73
214 86 32 73
219 84 32 73
225 86 32 73
228 86 32 73
229 88 32 73
229 90 32 73
227 92 32 73
224 95 32 73
220 98 32 73
214 102 32 73
209 105 32 73
204 109 32 73
197 112 32 73
190 116 32 73
182 119 32 73
175 123 32 73
168 127 32 73
162 131 32 73
155 137 32 73
152 140 32 73
148 144 32 73
146 147 32 73
143 151 32 73
142 155 32 73
141 159 32 73
141 162 32 73
143 165 32 73
145 167 32 73
149 168 32 73
152 170 32 73
155 171 32 73
157 172 32 73
160 171 32 73
163 170 32 73
167 168 32 73
170 166 32 73
173 164 32 73
177 161 32 73
179 158 32 73
181 154 32 73
182 150 32 73
182 146 32 73
182 142 32 73
182 138 32 73
181 134 32 73
178 130 32 73
176 125 32 73
172 121 32 73
168 117 32 73
164 114 32 73
159 111 32 73
155 109 32 73
151 107 32 73
148 107 32 73
145 107 32 73
142 108 32 73
140 110 32 73
139 111 32 73
138 112 32 73
138 114 32 73
138 115 32 73
139 117 32 73
140 119 32 73
141 121 32 73
142 123 32 73
144 125 32 73
146 127 32 73
148 128 32 73
151 129 32 73
155 130 32 73
159 131 32 73
163 133 32 73
168 133 32 73
172 134 32 73
177 134 32 73
183 133 32 73
188 134 32 73
194 134 32 73
200 134 32 73
205 134 32 73
211 134 32 73
217 133 32 73
221 132 32 73
226 131 32 73
228 131 32 73
230 130 32 73
230 129 32 73
230 129 32 73
229 128 32 73
227 128 32 73
225 128 32 73
221 128 32 73
217 128 32 73
212 127 32 73
207 127 32 73
201 126 32 73
195 126 32 73
189 125 32 73
184 126 32 73
178 125 32 73
172 126 32 73
166 126 32 73
161 127 32 73
155 128 32 73
148 129 32 73
142 130 32 73
137 131 32 73
131 132 32 73
126 135 32 73
122 135 32 73
118 136 32 73
114 138 32 73
110 140 32 73
107 142 32 73
104 144 32 73
101 146 32 73
99 148 32 73
98 150 32 73
98 152 32 73
97 154 32 73
98 156 32 73
99 158 32 73
100 160 32 73
102 162 32 73
105 163 32 73
108 164 32 73
111 165 32 73
115 167 32 73
119 168 32 73
124 169 32 73
129 171 32 73
135 173 32 73
140 174 32 73
145 174 32 73
150 174 32 73
155 174 32 73
160 174 32 73
165 174 32 73
170 173 32 73
175 173 32 73
180 171 32 73
186 170 32 73
191 170 32 73
198 169 32 73
204 168 32 73
209 167 32 73
215 165 32 73
221 163 32 73
228 161 32 73
232 159 32 73
238 158 32 73
242 157 32 73
246 155 32 73
249 154 32 73
252 152 32 73
255 150 32 73
258 148 32 73
260 147 32 73
261 145 32 73
262 143 32 73
263 140 32 73
263 138 32 73
263 137 32 73
263 136 32 73
262 134 32 73
259 132 32 73
257 131 32 73
254 130 32 73
251 129 32 73
247 129 32 73
243 129 32 73
239 129 32 73
235 129 32 73
232 129 32 73
227 129 32 73
223 129 32 73
218 129 32 73
213 129 32 73
208 130 32 73
202 130 32 73
197 131 32 73
192 131 32 73
186 131 32 73
181 131 32 73
176 131 32 73
171 131 32 73
166 131 32 73
161 132 32 73
156 132 32 73
152 133 32 73
148 134 32 73
144 135 32 73
140 136 32 73
137 138 32 73
134 139 32 73
131 141 32 73
128 142 32 73
126 144 32 73
124 146 32 73
123 147 32 73
122 149 32 73
121 151 32 73
120 154 32 73
120 156 32 73
120 158 32 73
121 160 32 73
122 161 32 73
123 163 32 73
125 164 32 73
127 165 32 73
130 166 32 73
133 166 32 73
137 166 32 73
141 167 32 73
146 168 32 73
149 168 32 73
154 168 32 73
157 168 32 73
160 168 32 73
163 168 32 73
166 168 32 73
169 167 32 73
172 166 32 73
175 164 32 73
178 162 32 73
181 160 32 73
183 158 32 73
186 156 32 73
188 154 32 73
191 151 32 73
193 148 32 73
195 145 32 73
197 142 32 73
198 139 32 73
199 135 32 73
200 131 32 73
201 126 32 73
202 122 32 73
202 117 32 73
202 112 32 73
201 107 32 73
200 103 32 73
199 98 32 73
197 93 32 73
196 89 32 73
194 84 32 73
192 80 32 73
189 76 32 73
185 73 32 73
181 70 32 73
176 68 32 73
171 67 32 73
165 65 32 73
160 66 32 73
154 67 32 73
148 69 32 73
142 72 32 73
136 75 32 73
130 80 32 73
125 85 32 73
120 91 32 73
115 97 32 73
111 103 32 73
107 109 32 73
104 115 32 73
100 121 32 73
98 126 32 73
96 132 32 73
95 137 32 73
94 142 32 73
94 147 32 73
95 151 32 73
97 155 32 73
99 159 32 73
101 162 32 73
104 164 32 73
107 167 32 73
110 168 32 73
113 170 32 73
116 172 32 73
119 173 32 73
122 174 32 73
126 174 32 73
129 175 32 73
132 176 32 73
135 177 32 73
138 177 32 73
141 178 32 73
144 178 32 73
147 179 32 73
149 180 32 73
151 180 32 73
153 180 32 73
154 180 32 73
155 179 32 73
155 179 32 73
156 178 32 73
156 177 32 73
156 175 32 73
156 174 32 73
156 171 32 73
155 169 32 73
154 166 32 73
154 163 32 73
153 159 32 73
153 154 32 73
154 150 32 73
154 145 32 73
155 140 32 73
155 135 32 73
155 130 32 73
156 126 32 73
156 120 32 73
156 116 32 73
157 112 32 73
158 108 32 73
158 105 32 73
159 102 32 73
159 99 32 73
159 97 32 73
160 96 32 73
160 95 32 73
160 95 32 73
161 95 32 73
161 96 32 73
161 96 32 73
161 97 32 73
161 98 32 73
161 99 32 73
161 101 32 73
160 102 32 73
159 103 32 73
159 104 32 73
158 106 32 73
157 107 32 73
156 109 32 73
156 112 32 73
155 114 32 73
154 116 32 73
153 118 32 73
152 120 32 73
151 123 32 73
150 125 32 73
149 127 32 73
149 129 32 73
148 132 32 73
148 134 32 73
147 136 32 73
147 138 32 73
148 140 32 73
148 143 32 73
148 145 32 73
149 147 32 73
149 149 32 73
150 151 32 73
151 154 32 73
152 156 32 73
153 158 32 73
154 159 32 73
155 160 32 73
156 160 32 73
157 161 32 73
158 161 32 73
159 160 32 73
160 160 32 73
161 159 32 73
163 159 32 73
165 158 32 73
167 157 32 73
170 156 32 73
173 155 32 73
176 153 32 73
179 151 32 73
182 150 32 73
185 148 32 73
189 146 32 73
192 144 32 73
195 142 32 73
198 141 32 73
201 141 32 73
205 141 32 73
208 140 32 73
211 138 32 73
214 138 32 73
217 138 32 73
220 138 32 73
223 138 32 73
226 137 32 73
228 137 32 73
229 137 32 73
231 136 32 73
233 136 32 73
235 135 32 73
235 134 32 73
235 135 32 73
234 136 32 73
233 136 32 73
232 136 32 73
230 136 32 73
228 137 32 73
226 137 32 73
223 138 32 73
221 138 32 73
219 138 32 73
218 138 32 73
216 138 32 73
212 140 32 73
209 141 32 73
206 142 32 73
203 143 32 73
199 145 32 73
196 145 32 73
192 146 32 73
188 146 32 73
183 147 32 73
179 148 32 73
175 148 32 73
171 148 32 73
168 149 32 73
166 150 32 73
163 150 32 73
161 151 32 73
158 153 32 73
155 153 32 73
152 152 32 73
150 152 32 73
147 153 32 73
145 153 32 73
142 153 32 73
139 152 32 73
136 152 32 73
133 151 32 73
131 151 32 73
129 151 32 73
128 152 32 73
126 151 32 73
125 151 32 73
124 151 32 73
123 151 32 73
122 150 32 73
121 150 32 73
120 151 32 73
118 151 32 73
118 150 32 73
118 149 32 73
118 148 32 73
120 147 32 73
122 146 32 73
125 145 32 73
128 145 32 73
131 144 32 73
134 144 32 73
138 144 32 73
143 144 32 73
149 144 32 73
156 143 32 73
161 142 32 73
166 140 32 73
172 138 32 73
176 137 32 73
180 136 32 73
185 135 32 73
190 134 32 73
194 133 32 73
200 132 32 73
205 131 32 73
210 131 32 73
214 130 32 73
218 129 32 73
223 129 32 73
225 129 32 73
225 129 32 73
225 129 32 73
225 129 32 73
225 129 32 73
225 129 32 73
225 129 32 73
224 129 32 73
224 128 32 73
224 128 32 73
224 127 32 73
223 127 32 73
223 126 32 73
223 125 32 73
223 124 32 73
223 124 32 73
223 124 32 73
223 124 32 73
220 124 32 73
214 124 32 73
208 123 32 73
202 123 32 73
196 122 32 73
190 122 32 73
183 122 32 73
177 122 32 73
171 122 32 73
166 121 32 73
158 122 32 73
154 122 32 73
147 124 32 73
140 124 32 73
135 126 32 73
129 127 32 73
125 128 32 73
120 129 32 73
115 130 32 73
110 131 32 73
106 132 32 73
103 133 32 73
97 134 32 73
95 134 32 73
93 135 32 73
92 136 32 73
89 138 32 73
88 140 32 73
89 141 32 73
90 142 32 73
94 140 32 73
96 141 32 73
99 142 32 73
102 143 32 73
105 144 32 73
107 147 32 73
108 149 32 73
109 151 32 73
109 153 32 73
109 155 32 73
108 157 32 73
106 158 32 73
103 159 32 73
100 160 32 73
96 161 32 73
93 162 32 73
91 162 32 73
89 162 32 73
88 162 32 73
88 162 32 73
89 163 32 73
90 163 32 73
91 164 32 73
93 165 32 73
96 166 32 73
99 168 32 73
103 170 32 73
107 171 32 73
113 173 32 73
118 175 32 73
124 176 32 73
129 177 32 73
134 178 32 73
140 179 32 73
146 180 32 73
151 181 32 73
157 181 32 73
163 181 32 73
169 180 32 73
174 180 32 73
179 178 32 73
184 177 32 73
189 175 32 73
194 174 32 73
199 172 32 73
204 169 32 73
209 166 32 73
214 163 32 73
218 161 32 73
219 160 32 73
226 157 32 73
228 154 32 73
232 151 32 73
236 147 32 73
238 144 32 73
238 142 32 73
238 139 32 73
236 137 32 73
234 135 32 73
232 132 32 73
229 127 32 73
226 125 32 73
222 124 32 73
218 123 32 73
214 122 32 73
209 122 32 73
204 122 32 73
198 123 32 73
193 124 32 73
187 126 32 73
182 127 32 73
178 129 32 73
170 132 32 73
168 134 32 73
165 137 32 73
161 140 32 73
160 143 32 73
159 147 32 73
159 150 32 73
160 154 32 73
160 158 32 73
161 161 32 73
163 166 32 73
165 169 32 73
168 172 32 73
171 174 32 73
177 177 32 73
179 178 32 73
180 178 32 73
183 178 32 73
185 177 32 73
186 176 32 73
189 174 32 73
191 171 32 73
190 167 32 73
192 164 32 73
192 160 32 73
192 154 32 73
192 150 32 73
192 145 32 73
192 141 32 73
190 135 32 73
189 130 32 73
189 125 32 73
188 121 32 73
186 116 32 73
185 112 32 73
184 108 32 73
182 104 32 73
180 101 32 73
177 97 32 73
173 94 32 73
168 91 32 73
162 88 32 73
156 86 32 73
150 85 32 73
145 83 32 73
139 82 32 73
133 82 32 73
126 82 32 73
120 82 32 73
114 82 32 73
108 83 32 73
101 84 32 73
95 86 32 73
89 87 32 73
84 89 32 73
79 91 32 73
73 93 32 73
67 96 32 73
62 99 32 73
59 103 32 73
55 107 32 73
54 111 32 73
53 115 32 73
53 119 32 73
55 123 32 73
58 127 32 73
61 131 32 73
66 135 32 73
72 139 32 73
79 143 32 73
87 148 32 73
94 150 32 73
104 154 32 73
113 157 32 73
120 159 32 73
135 161 32 73
141 163 32 73
150 162 32 73
160 164 32 73
175 169 32 73
186 170 32 73
195 172 32 73
203 172 32 73
211 173 32 73
212 178 32 73
223 170 32 73
225 170 32 73
225 184 32 73
226 184 32 73
224 183 32 73
222 182 32 73
221 167 32 73
223 166 32 73
229 165 32 73
239 163 32 73
237 161 32 73
237 161 32 73
237 161 32 73
211 186 32 73
210 156 32 73
221 133 32 73
222 163 32 73
222 163 32 73
222 163 32 73
222 162 32 73
222 162 32 73
222 162 32 73
222 162 32 73
222 162 32 73
222 162 32 73
222 162 32 73
222 162 32 73
222 162 32 73
222 162 32 73
223 162 32 73
223 162 32 73
223 162 32 73
223 162 32 73
223 163 32 73
223 163 32 73
222 163 32 73
223 164 32 73
223 163 32 73
223 163 32 73
223 163 32 73
224 163 32 73
224 163 32 73
224 163 32 73
224 164 32 73
224 163 32 73
225 163 32 73
224 164 32 73
224 163 32 73
225 164 32 73
225 164 32 73
225 164 32 73
224 164 32 73
224 164 32 73
224 164 32 73
223 163 32 73
223 161 32 73
222 157 32 73
221 155 32 73
220 152 32 73
220 148 32 73
226 143 32 73
225 141 32 73
223 136 32 73
220 133 32 73
216 130 32 73
213 127 32 73
209 125 32 73
205 124 32 73
200 121 32 73
195 119 32 73
190 117 32 73
185 116 32 73
180 115 32 73
176 115 32 73
171 115 32 73
166 115 32 73
163 115 32 73
159 116 32 73
155 118 32 73
151 120 32 73
148 122 32 73
145 126 32 73
143 129 32 73
142 133 32 73
141 137 32 73
141 140 32 73
140 144 32 73
140 148 32 73
139 151 32 73
138 154 32 73
138 157 32 73
138 159 32 73
138 161 32 73
138 162 32 73
138 164 32 73
138 166 32 73
138 168 32 73
139 171 32 73
139 174 32 73
140 177 32 73
141 181 32 73
142 183 32 73
144 186 32 73
149 194 32 73
152 197 32 73
155 199 32 73
159 202 32 73
161 186 32 73
163 186 32 73
161 186 32 73
162 186 32 73
162 185 32 73
162 185 32 73
162 185 32 73
162 185 32 73
162 185 32 73
161 185 32 73
161 185 32 73
160 184 32 73
156 179 32 73
153 175 32 73
150 172 32 73
159 166 32 73
158 162 32 73
156 158 32 73
161 185 32 73
161 183 32 73
161 184 32 73
162 184 32 73
161 184 32 73
161 184 32 73
162 184 32 73
162 184 32 73
161 184 32 73
161 184 32 73
161 184 32 73
161 184 32 73
161 184 32 73
161 184 32 73
161 184 32 73
161 184 32 73
161 184 32 73
161 184 32 73
161 184 32 73
161 184 32 73
161 184 32 73
161 184 32 73
161 185 32 73
160 185 32 73
160 185 32 73
160 185 32 73
161 185 32 73
161 185 32 73
161 185 32 73
161 186 32 73
160 186 32 73
160 187 32 73
164 186 32 73
168 172 32 73
173 172 32 73
180 172 32 73
189 171 32 73
192 175 32 73
202 172 32 73
215 181 32 73
188 120 32 73
182 128 32 73
174 131 32 73
172 130 32 73
173 131 32 73
173 131 32 73
172 130 32 73
171 129 32 73
171 128 32 73
170 129 32 73
169 128 32 73
168 128 32 73
168 128 32 73
168 128 32 73
168 128 32 73
169 128 32 73
170 128 32 73
170 128 32 73
169 127 32 73
169 127 32 73
168 127 32 73
167 127 32 73
167 127 32 73
168 127 32 73
168 127 32 73
169 128 32 73
170 129 32 73
170 129 32 73
170 129 32 73
170 129 32 73
170 129 32 73
170 129 32 73
169 129 32 73
169 129 32 73
169 128 32 73
169 128 32 73
168 128 32 73
168 128 32 73
168 127 32 73
168 127 32 73
167 127 32 73
168 127 32 73
167 128 32 73
181 111 32 73
177 111 32 73
172 112 32 73
167 112 32 73
163 113 32 73
158 114 32 73
153 115 32 73
149 116 32 73
146 117 32 73
143 118 32 73
140 119 32 73
137 121 32 73
135 122 32 73
132 123 32 73
130 125 32 73
128 127 32 73
127 130 32 73
126 134 32 73
126 138 32 73
126 143 32 73
126 148 32 73
128 152 32 73
130 157 32 73
132 161 32 73
136 164 32 73
139 166 32 73
143 168 32 73
147 170 32 73
152 171 32 73
155 170 32 73
159 169 32 73
164 168 32 73
169 166 32 73
173 163 32 73
178 160 32 73
182 155 32 73
187 151 32 73
190 146 32 73
193 142 32 73
196 137 32 73
197 133 32 73
197 129 32 73
197 125 32 73
197 121 32 73
196 117 32 73
195 113 32 73
193 110 32 73
190 107 32 73
188 105 32 73
183 104 32 73
178 103 32 73
172 103 32 73
165 104 32 73
157 104 32 73
149 103 32 73
141 103 32 73
133 103 32 73
126 103 32 73
118 103 32 73
109 103 32 73
101 103 32 73
94 102 32 73
86 101 32 73
80 100 32 73
75 99 32 73
71 97 32 73
68 96 32 73
65 95 32 73
63 93 32 73
63 91 32 73
64 89 32 73
67 88 32 73
71 87 32 73
76 86 32 73
82 85 32 73
89 85 32 73
96 85 32 73
104 85 32 73
114 86 32 73
123 88 32 73
133 90 32 73
144 92 32 73
127 110 32 73
127 112 32 73
127 113 32 73
127 113 32 73
128 113 32 73
128 113 32 73
128 113 32 73
128 113 32 73
128 113 32 73
127 113 32 73
127 113 32 73
127 113 32 73
127 113 32 73
127 111 32 73
127 111 32 73
127 111 32 73
127 111 32 73
128 110 32 73
125 111 32 73
119 110 32 73
112 106 32 73
108 103 32 73
103 97 32 73
101 94 32 73
98 89 32 73
97 87 32 73
96 81 32 73
95 77 32 73
96 77 32 73
97 75 32 73
93 65 32 73
94 63 32 73
94 61 32 73
95 62 32 73
97 60 32 73
99 58 32 73
102 55 32 73
105 52 32 73
108 50 32 73
113 49 32 73
117 49 32 73
123 49 32 73
128 50 32 73
134 51 32 73
139 52 32 73
145 54 32 73
152 55 32 73
157 57 32 73
166 60 32 73
171 63 32 73
178 66 32 73
184 69 32 73
187 73 32 73
186 39 32 73
193 80 32 73
168 80 32 73
166 80 32 73
150 145 32 73
144 122 32 73
154 104 32 73
164 104 32 73
150 145 32 73
143 126 32 73
147 154 32 73
144 156 32 73
138 156 32 73
135 158 32 73
127 158 32 73
121 158 32 73
116 159 32 73
112 160 32 73
113 161 32 73
108 162 32 73
104 163 32 73
98 163 32 73
88 161 32 73
82 160 32 73
81 161 32 73
79 161 32 73
77 161 32 73
76 161 32 73
78 161 32 73
78 161 32 73
78 161 32 73
78 161 32 73
78 161 32 73
78 161 32 73
78 161 32 73
78 161 32 73
78 161 32 73
78 161 32 73
79 160 32 73
79 160 32 73
80 159 32 73
81 158 32 73
82 157 32 73
84 157 32 73
85 157 32 73
87 156 32 73
89 155 32 73
93 154 32 73
95 153 32 73
97 152 32 73
101 151 32 73
104 150 32 73
106 149 32 73
109 148 32 73
111 147 32 73
113 147 32 73
114 147 32 73
116 147 32 73
118 146 32 73
119 147 32 73
122 147 32 73
125 146 32 73
126 146 32 73
126 147 32 73
130 144 32 73
132 142 32 73
132 141 32 73
132 141 32 73
132 141 32 73
131 140 32 73
130 139 32 73
129 139 32 73
131 139 32 73
129 138 32 73
125 149 32 73
117 141 32 73
112 141 32 73
107 141 32 73
105 149 32 73
99 144 32 73
97 152 32 73
93 146 32 73
89 146 32 73
88 151 32 73
84 152 32 73
79 153 32 73
77 154 32 73
75 156 32 73
85 192 32 73
82 170 32 73
81 173 32 73
72 179 32 73
72 181 32 73
77 153 32 73
77 154 32 73
69 182 32 73
71 183 32 73
73 182 32 73
74 182 32 73
74 182 32 73
58 189 32 73
69 185 32 73
71 184 32 73
72 184 32 73
73 184 32 73
74 183 32 73
76 183 32 73
79 182 32 73
82 181 32 73
84 180 32 73
86 180 32 73
95 177 32 73
96 176 32 73
100 175 32 73
105 174 32 73
108 174 32 73
109 175 32 73
110 178 32 73
113 178 32 73
117 177 32 73
120 177 32 73
123 177 32 73
126 177 32 73
131 174 32 73
132 175 32 73
134 175 32 73
136 174 32 73
137 174 32 73
138 174 32 73
139 173 32 73
140 173 32 73
141 172 32 73
141 172 32 73
141 172 32 73
141 171 32 73
140 171 32 73
138 171 32 73
136 172 32 73
134 173 32 73
132 173 32 73
130 173 32 73
127 174 32 73
124 175 32 73
121 176 32 73
118 177 32 73
114 178 32 73
110 179 32 73
107 180 32 73
103 181 32 73
100 182 32 73
96 184 32 73
92 185 32 73
89 188 32 73
87 189 32 73
86 190 32 73
88 196 32 73
86 198 32 73
86 199 32 73
86 200 32 73
86 201 32 73
82 203 32 73
81 203 32 73
81 204 32 73
81 204 32 73
81 204 32 73
81 204 32 73
80 203 32 73
79 204 32 73
80 204 32 73
80 203 32 73
81 203 32 73
83 204 32 73
83 197 32 73
84 194 32 73
84 191 32 73
84 190 32 73
85 185 32 73
65 238 32 73
56 191 32 73
88 125 32 73
89 116 32 73
86 111 32 73
87 108 32 73
79 100 32 73
79 96 32 73
87 99 32 73
88 95 32 73
79 24 32 73
106 39 32 73
134 13 32 73
114 42 32 73
135 13 32 73
139 22 32 73
136 74 32 73
136 73 32 73
135 73 32 73
135 73 32 73
135 72 32 73
144 120 32 73
155 82 32 73
145 119 32 73
155 82 32 73
145 118 32 73
146 182 32 73
140 241 32 73
142 173 32 73
141 239 32 73
135 172 32 73
131 154 32 73
125 156 32 73
123 161 32 73
118 162 32 73
113 165 32 73
109 169 32 73
105 171 32 73
100 174 32 73
96 177 32 73
93 180 32 73
89 184 32 73
83 186 32 73
79 188 32 73
78 193 32 73
75 197 32 73
71 200 32 73
69 203 32 73
67 206 32 73
65 208 32 73
64 210 32 73
62 211 32 73
61 212 32 73
59 212 32 73
59 213 32 73
58 213 32 73
58 213 32 73
59 213 32 73
59 213 32 73
59 213 32 73
60 213 32 73
60 212 32 73
61 211 32 73
62 210 32 73
64 210 32 73
66 209 32 73
70 209 32 73
73 208 32 73
76 207 32 73
79 207 32 73
82 205 32 73
85 204 32 73
87 203 32 73
90 202 32 73
93 201 32 73
94 200 32 73
97 198 32 73
103 198 32 73
104 196 32 73
109 196 32 73
110 194 32 73
110 193 32 73
111 192 32 73
112 191 32 73
112 190 32 73
113 190 32 73
112 189 32 73
112 189 32 73
111 189 32 73
110 189 32 73
109 190 32 73
108 190 32 73
104 190 32 73
102 191 32 73
101 193 32 73
99 194 32 73
96 195 32 73
95 196 32 73
93 198 32 73
91 199 32 73
89 201 32 73
85 202 32 73
82 204 32 73
79 205 32 73
76 207 32 73
74 208 32 73
72 210 32 73
69 212 32 73
67 213 32 73
64 214 32 73
62 215 32 73
60 217 32 73
58 218 32 73
55 219 32 73
54 220 32 73
52 220 32 73
50 221 32 73
49 221 32 73
48 221 32 73
48 221 32 73
48 221 32 73
48 220 32 73
49 220 32 73
50 219 32 73
52 219 32 73
55 219 32 73
58 218 32 73
60 217 32 73
63 216 32 73
67 216 32 73
71 215 32 73
74 214 32 73
78 213 32 73
81 213 32 73
85 212 32 73
90 211 32 73
94 210 32 73
98 210 32 73
102 209 32 73
106 208 32 73
110 207 32 73
115 206 32 73
119 205 32 73
124 204 32 73
129 202 32 73
134 200 32 73
139 198 32 73
144 196 32 73
148 193 32 73
154 191 32 73
158 189 32 73
163 188 32 73
166 186 32 73
169 184 32 73
172 183 32 73
175 182 32 73
177 181 32 73
178 180 32 73
178 179 32 73
178 179 32 73
178 178 32 73
178 178 32 73
178 178 32 73
178 177 32 73
178 177 32 73
177 176 32 73
177 176 32 73
176 175 32 73
169 175 32 73
167 175 32 73
166 175 32 73
164 176 32 73
158 178 32 73
154 180 32 73
149 182 32 73
144 184 32 73
139 187 32 73
134 190 32 73
128 193 32 73
122 197 32 73
117 200 32 73
111 204 32 73
106 206 32 73
102 209 32 73
98 212 32 73
95 215 32 73
93 217 32 73
91 219 32 73
89 221 32 73
89 223 32 73
89 224 32 73
89 225 32 73
90 226 32 73
91 227 32 73
92 227 32 73
93 226 32 73
94 224 32 73
92 216 32 73
93 213 32 73
103 213 32 73
90 175 32 73
120 246 32 73
124 212 32 73
132 211 32 73
139 209 32 73
147 207 32 73
155 205 32 73
163 203 32 73
165 199 32 73
175 200 32 73
177 195 32 73
188 195 32 73
189 192 32 73
200 192 32 73
200 190 32 73
212 190 32 73
215 189 32 73
214 187 32 73
218 188 32 73
229 187 32 73
227 184 32 73
231 186 32 73
232 191 32 73
232 191 32 73
231 198 32 73
232 191 32 73
231 198 32 73
231 192 32 73
231 198 32 73
231 191 32 73
230 197 32 73
231 190 32 73
231 184 32 73
230 190 32 73
229 184 32 73
231 189 32 73
228 185 32 73
229 190 32 73
228 185 32 73
229 190 32 73
226 186 32 73
230 189 32 73
228 184 32 73
229 178 32 73
229 188 32 73
228 187 32 73
229 145 32 73
224 146 32 73
215 147 32 73
207 148 32 73
201 149 32 73
194 150 32 73
188 151 32 73
182 152 32 73
175 153 32 73
172 157 32 73
164 157 32 73
162 163 32 73
154 162 32 73
152 169 32 73
146 169 32 73
146 178 32 73
141 180 32 73
140 189 32 73
137 192 32 73
137 199 32 73
137 203 32 73
141 211 32 73
143 215 32 73
148 220 32 73
153 223 32 73
158 226 32 73
164 228 32 73
171 230 32 73
179 232 32 73
186 232 32 73
194 232 32 73
201 230 32 73
209 228 32 73
218 226 32 73
228 225 32 73
236 223 32 73
243 220 32 73
251 217 32 73
256 214 32 73
261 212 32 73
265 208 32 73
267 203 32 73
269 200 32 73
269 196 32 73
268 192 32 73
268 189 32 73
267 186 32 73
263 181 32 73
259 178 32 73
256 175 32 73
252 172 32 73
247 169 32 73
248 167 32 73
243 163 32 73
238 161 32 73
233 158 32 73
225 159 32 73
222 156 32 73
212 158 32 73
208 156 32 73
200 155 32 73
193 156 32 73
187 156 32 73
181 157 32 73
175 158 32 73
168 159 32 73
163 160 32 73
157 162 32 73
153 163 32 73
149 164 32 73
146 164 32 73
143 165 32 73
140 165 32 73
138 165 32 73
135 166 32 73
134 166 32 73
132 166 32 73
131 166 32 73
131 167 32 73
131 168 32 73
132 168 32 73
133 169 32 73
135 169 32 73
136 169 32 73
138 169 32 73
139 169 32 73
141 168 32 73
143 168 32 73
146 167 32 73
149 166 32 73
151 166 32 73
154 165 32 73
156 165 32 73
159 164 32 73
162 164 32 73
165 163 32 73
168 163 32 73
171 162 32 73
174 162 32 73
178 163 32 73
182 163 32 73
187 163 32 73
191 163 32 73
195 164 32 73
199 164 32 73
203 164 32 73
206 165 32 73
210 166 32 73
213 166 32 73
216 166 32 73
219 165 32 73
221 164 32 73
222 164 32 73
223 163 32 73
223 163 32 73
223 162 32 73
222 162 32 73
222 161 32 73
221 160 32 73
220 160 32 73
218 159 32 73
214 158 32 73
211 158 32 73
208 157 32 73
205 156 32 73
202 155 32 73
198 154 32 73
195 154 32 73
192 153 32 73
188 153 32 73
184 153 32 73
180 152 32 73
176 152 32 73
173 152 32 73
170 152 32 73
168 151 32 73
165 150 32 73
163 149 32 73
161 149 32 73
159 148 32 73
157 148 32 73
156 147 32 73
155 146 32 73
154 145 32 73
153 144 32 73
153 144 32 73
152 144 32 73
152 144 32 73
152 143 32 73
153 143 32 73
153 143 32 73
153 143 32 73
154 143 32 73
154 142 32 73
155 142 32 73
156 142 32 73
157 142 32 73
159 142 32 73
160 141 32 73
162 141 32 73
164 141 32 73
166 141 32 73
167 141 32 73
169 141 32 73
171 142 32 73
173 142 32 73
175 142 32 73
177 142 32 73
179 143 32 73
182 143 32 73
184 143 32 73
186 144 32 73
188 144 32 73
191 144 32 73
193 144 32 73
195 145 32 73
197 145 32 73
199 145 32 73
200 145 32 73
201 145 32 73
202 146 32 73
203 146 32 73
204 147 32 73
205 147 32 73
205 147 32 73
206 148 32 73
206 148 32 73
206 148 32 73
205 148 32 73
204 148 32 73
204 148 32 73
203 147 32 73
203 146 32 73
203 145 32 73
203 144 32 73
203 143 32 73
203 142 32 73
203 141 32 73
202 140 32 73
202 139 32 73
201 138 32 73
200 138 32 73
199 137 32 73
198 136 32 73
196 135 32 73
195 135 32 73
194 135 32 73
193 135 32 73
192 135 32 73
191 135 32 73
189 135 32 73
188 136 32 73
186 137 32 73
184 137 32 73
182 137 32 73
180 136 32 73
178 136 32 73
178 134 32 73
177 133 32 73
175 132 32 73
174 130 32 73
172 130 32 73
171 128 32 73
168 128 32 73
167 123 32 73
164 122 32 73
162 120 32 73
160 118 32 73
157 117 32 73
154 116 32 73
152 115 32 73
150 115 32 73
148 116 32 73
146 117 32 73
145 118 32 73
145 120 32 73
146 121 32 73
146 124 32 73
148 127 32 73
149 129 32 73
151 131 32 73
154 133 32 73
157 135 32 73
160 137 32 73
164 138 32 73
167 139 32 73
170 139 32 73
173 140 32 73
177 141 32 73
181 142 32 73
184 144 32 73
187 145 32 73
189 146 32 73
192 147 32 73
193 149 32 73
195 150 32 73
196 151 32 73
196 153 32 73
196 153 32 73
196 155 32 73
196 155 32 73
195 156 32 73
195 156 32 73
194 156 32 73
193 156 32 73
192 155 32 73
191 155 32 73
190 154 32 73
189 154 32 73
188 153 32 73
187 152 32 73
186 151 32 73
185 150 32 73
184 149 32 73
184 148 32 73
183 147 32 73
182 146 32 73
181 145 32 73
180 144 32 73
179 143 32 73
178 142 32 73
177 141 32 73
176 141 32 73
175 140 32 73
173 140 32 73
172 140 32 73
171 139 32 73
170 139 32 73
169 139 32 73
168 138 32 73
168 137 32 73
167 137 32 73
167 136 32 73
167 135 32 73
167 135 32 73
167 134 32 73
168 133 32 73
168 132 32 73
169 131 32 73
170 129 32 73
171 127 32 73
171 126 32 73
172 124 32 73
172 123 32 73
172 122 32 73
171 121 32 73
171 120 32 73
171 120 32 73
172 120 32 73
171 120 32 73
171 120 32 73
172 120 32 73
172 121 32 73
173 122 32 73
174 123 32 73
174 125 32 73
175 127 32 73
177 129 32 73
178 131 32 73
180 133 32 73
182 135 32 73
185 138 32 73
188 141 32 73
191 143 32 73
193 146 32 73
196 147 32 73
198 150 32 73
201 152 32 73
203 153 32 73
206 154 32 73
209 155 32 73
211 155 32 73
213 156 32 73
214 156 32 73
214 156 32 73
214 156 32 73
213 156 32 73
212 157 32 73
211 157 32 73
208 158 32 73
205 159 32 73
201 160 32 73
197 161 32 73
193 162 32 73
188 163 32 73
183 165 32 73
179 165 32 73
173 166 32 73
168 167 32 73
163 167 32 73
157 168 32 73
153 168 32 73
149 169 32 73
143 169 32 73
138 169 32 73
134 169 32 73
130 169 32 73
126 169 32 73
122 169 32 73
119 168 32 73
116 168 32 73
114 167 32 73
112 166 32 73
110 165 32 73
109 164 32 73
108 163 32 73
108 162 32 73
109 161 32 73
110 159 32 73
111 158 32 73
113 157 32 73
115 156 32 73
117 156 32 73
120 155 32 73
123 154 32 73
126 154 32 73
130 154 32 73
135 154 32 73
140 153 32 73
145 152 32 73
150 152 32 73
155 152 32 73
161 151 32 73
166 150 32 73
173 149 32 73
179 148 32 73
185 147 32 73
190 146 32 73
195 144 32 73
199 142 32 73
202 140 32 73
205 138 32 73
208 136 32 73
210 134 32 73
211 133 32 73
212 132 32 73
212 131 32 73
211 131 32 73
210 131 32 73
206 130 32 73
203 131 32 73
198 131 32 73
194 132 32 73
188 133 32 73
183 134 32 73
178 136 32 73
173 137 32 73
168 138 32 73
162 139 32 73
157 141 32 73
153 143 32 73
148 144 32 73
144 145 32 73
141 146 32 73
138 147 32 73
135 148 32 73
132 149 32 73
130 150 32 73
128 151 32 73
126 152 32 73
125 154 32 73
125 155 32 73
125 156 32 73
126 157 32 73
127 158 32 73
129 158 32 73
131 158 32 73
133 157 32 73
137 156 32 73
140 155 32 73
145 152 32 73
149 150 32 73
154 146 32 73
160 142 32 73
165 139 32 73
169 136 32 73
175 132 32 73
180 127 32 73
185 124 32 73
191 120 32 73
197 116 32 73
203 112 32 73
209 108 32 73
216 104 32 73
219 101 32 73
224 97 32 73
229 93 32 73
232 89 32 73
235 86 32 73
238 82 32 73
240 79 32 73
241 77 32 73
240 75 32 73
239 75 32 73
235 73 32 73
232 73 32 73
228 74 32 73
224 74 32 73
220 72 32 73
214 75 32 73
208 77 32 73
202 80 32 73
195 84 32 73
188 87 32 73
181 91 32 73
174 95 32 73
166 99 32 73
159 104 32 73
151 108 32 73
144 112 32 73
137 116 32 73
130 121 32 73
123 125 32 73
117 129 32 73
112 134 32 73
108 138 32 73
103 142 32 73
99 146 32 73
96 150 32 73
93 154 32 73
91 158 32 73
90 160 32 73
89 163 32 73
89 164 32 73
90 166 32 73
92 166 32 73
94 166 32 73
95 165 32 73
97 164 32 73
99 163 32 73
100 161 32 73
101 159 32 73
101 155 32 73
101 151 32 73
101 147 32 73
100 143 32 73
100 139 32 73
99 134 32 73
97 130 32 73
95 127 32 73
93 124 32 73
90 122 32 73
86 121 32 73
83 122 32 73
80 123 32 73
78 127 32 73
76 131 32 73
76 136 32 73
76 142 32 73
77 147 32 73
79 153 32 73
82 160 32 73
86 166 32 73
92 172 32 73
98 178 32 73
105 183 32 73
112 185 32 73
121 188 32 73
129 190 32 73
136 191 32 73
146 192 32 73
155 192 32 73
163 191 32 73
172 190 32 73
181 189 32 73
189 188 32 73
197 186 32 73
205 184 32 73
213 180 32 73
220 176 32 73
228 171 32 73
234 168 32 73
240 164 32 73
245 161 32 73
251 156 32 73
255 152 32 73
259 148 32 73
262 143 32 73
266 139 32 73
269 137 32 73
271 134 32 73
272 130 32 73
272 126 32 73
271 122 32 73
268 117 32 73
265 113 32 73
262 107 32 73
253 104 32 73
249 98 32 73
241 94 32 73
231 88 32 73
223 86 32 73
210 78 32 73
200 78 32 73
190 78 32 73
179 79 32 73
169 81 32 73
159 82 32 73
149 83 32 73
139 86 32 73
130 90 32 73
122 94 32 73
116 98 32 73
110 104 32 73
106 109 32 73
102 114 32 73
99 120 32 73
97 126 32 73
95 133 32 73
95 140 32 73
96 147 32 73
97 155 32 73
99 159 32 73
103 167 32 73
107 173 32 73
111 180 32 73
116 185 32 73
120 189 32 73
124 194 32 73
129 198 32 73
135 201 32 73
139 207 32 73
147 208 32 73
152 210 32 73
157 211 32 73
162 211 32 73
167 212 32 73
172 212 32 73
177 212 32 73
182 211 32 73
186 210 32 73
190 209 32 73
195 208 32 73
194 205 32 73
197 203 32 73
201 200 32 73
204 196 32 73
207 192 32 73
210 189 32 73
213 185 32 73
215 182 32 73
217 179 32 73
217 176 32 73
218 173 32 73
217 171 32 73
217 169 32 73
216 167 32 73
215 166 32 73
214 165 32 73
211 164 32 73
209 163 32 73
206 163 32 73
202 164 32 73
198 164 32 73
193 164 32 73
187 165 32 73
181 167 32 73
175 168 32 73
168 170 32 73
161 171 32 73
153 173 32 73
146 175 32 73
140 176 32 73
134 178 32 73
128 179 32 73
122 179 32 73
116 180 32 73
114 180 32 73
108 180 32 73
104 179 32 73
99 179 32 73
97 179 32 73
95 178 32 73
94 177 32 73
95 176 32 73
97 175 32 73
99 174 32 73
103 172 32 73
107 171 32 73
113 170 32 73
118 170 32 73
125 169 32 73
132 168 32 73
140 168 32 73
148 168 32 73
157 168 32 73
166 168 32 73
148 174 32 73
149 197 32 73
150 197 32 73
152 195 32 73
154 192 32 73
161 192 32 73
167 191 32 73
173 190 32 73
178 190 32 73
183 188 32 73
178 181 32 73
181 180 32 73
171 175 32 73
199 187 32 73
195 180 32 73
198 177 32 73
201 174 32 73
202 173 32 73
203 172 32 73
204 171 32 73
204 172 32 73
204 171 32 73
203 171 32 73
203 171 32 73
202 171 32 73
201 171 32 73
200 172 32 73
188 121 32 73
161 183 32 73
163 164 32 73
160 164 32 73
187 166 32 73
179 167 32 73
172 168 32 73
163 166 32 73
156 166 32 73
150 167 32 73
149 227 32 73
148 174 32 73
140 170 32 73
123 163 32 73
116 166 32 73
133 157 32 73
148 217 32 73
126 225 32 73
120 200 32 73
116 202 32 73
104 182 32 73
92 169 32 73
89 173 32 73
88 174 32 73
82 190 32 73
82 191 32 73
82 191 32 73
81 191 32 73
80 192 32 73
80 192 32 73
80 192 32 73
80 192 32 73
80 192 32 73
81 192 32 73
81 192 32 73
80 193 32 73
81 193 32 73
84 193 32 73
86 193 32 73
90 193 32 73
92 193 32 73
94 193 32 73
97 192 32 73
99 192 32 73
96 194 32 73
97 194 32 73
111 193 32 73
114 192 32 73
115 192 32 73
113 193 32 73
113 193 32 73
115 192 32 73
117 191 32 73
120 191 32 73
123 191 32 73
125 191 32 73
127 193 32 73
127 188 32 73
128 188 32 73
128 188 32 73
128 188 32 73
127 188 32 73
126 188 32 73
125 188 32 73
123 188 32 73
120 188 32 73
117 188 32 73
115 188 32 73
116 187 32 73
114 187 32 73
110 187 32 73
108 187 32 73
98 187 32 73
96 187 32 73
94 186 32 73
92 186 32 73
90 186 32 73
89 185 32 73
82 185 32 73
80 185 32 73
76 186 32 73
75 185 32 73
73 185 32 73
70 185 32 73
68 185 32 73
67 185 32 73
65 186 32 73
64 187 32 73
63 187 32 73
62 187 32 73
61 187 32 73
60 187 32 73
59 187 32 73
59 187 32 73
59 187 32 73
59 186 32 73
60 185 32 73
60 185 32 73
61 185 32 73
63 185 32 73
64 185 32 73
66 185 32 73
67 184 32 73
69 184 32 73
73 184 32 73
75 184 32 73
77 184 32 73
79 183 32 73
83 183 32 73
86 183 32 73
89 183 32 73
91 183 32 73
94 180 32 73
96 178 32 73
97 182 32 73
92 177 32 73
90 174 32 73
92 170 32 73
95 168 32 73
97 166 32 73
100 166 32 73
102 167 32 73
105 169 32 73
110 169 32 73
113 170 32 73
117 171 32 73
119 172 32 73
120 173 32 73
121 173 32 73
122 173 32 73
121 174 32 73
121 174 32 73
120 173 32 73
119 173 32 73
118 173 32 73
116 173 32 73
114 173 32 73
112 173 32 73
111 173 32 73
108 172 32 73
103 172 32 73
99 172 32 73
95 172 32 73
92 171 32 73
88 170 32 73
84 170 32 73
80 170 32 73
76 171 32 73
72 171 32 73
68 171 32 73
64 172 32 73
61 172 32 73
57 173 32 73
53 174 32 73
50 174 32 73
47 174 32 73
44 174 32 73
40 173 32 73
38 172 32 73
35 171 32 73
26 172 32 73
24 171 32 73
21 171 32 73
19 170 32 73
18 170 32 73
17 170 32 73
17 170 32 73
18 170 32 73
20 170 32 73
23 170 32 73
26 170 32 73
30 170 32 73
34 170 32 73
39 170 32 73
44 170 32 73
48 170 32 73
53 170 32 73
58 171 32 73
61 171 32 73
64 171 32 73
68 171 32 73
71 171 32 73
75 171 32 73
79 171 32 73
83 170 32 73
85 169 32 73
86 168 32 73
88 167 32 73
90 166 32 73
92 166 32 73
95 165 32 73
105 158 32 73
106 157 32 73
107 157 32 73
109 157 32 73
110 157 32 73
109 155 32 73
106 153 32 73
104 149 32 73
101 146 32 73
96 143 32 73
85 150 32 73
80 150 32 73
70 151 32 73
64 151 32 73
54 157 32 73
48 157 32 73
44 155 32 73
33 164 32 73
28 163 32 73
24 163 32 73
20 162 32 73
17 163 32 73
13 164 32 73
11 165 32 73
8 167 32 73
7 168 32 73
6 170 32 73
6 172 32 73
6 174 32 73
7 175 32 73
9 176 32 73
13 176 32 73
15 176 32 73
23 174 32 73
24 175 32 73
25 175 32 73
28 176 32 73
35 169 32 73
50 165 32 73
57 158 32 73
58 158 32 73
60 157 32 73
68 148 32 73
70 141 32 73
74 136 32 73
66 136 32 73
67 126 32 73
72 122 32 73
79 114 32 73
82 110 32 73
80 85 32 73
79 90 32 73
83 87 32 73
83 91 32 73
86 90 32 73
91 86 32 73
95 82 32 73
98 79 32 73
102 76 32 73
103 76 32 73
105 71 32 73
106 67 32 73
107 56 32 73
106 58 32 73
108 66 32 73
109 54 32 73
106 91 32 73
100 100 32 73
98 105 32 73
92 116 32 73
90 126 32 73
88 136 32 73
90 138 32 73
91 144 32 73
90 158 32 73
95 160 32 73
96 174 32 73
101 175 32 73
103 186 32 73
109 183 32 73
113 194 32 73
119 189 32 73
124 199 32 73
129 201 32 73
134 202 32 73
133 201 32 73
141 201 32 73
144 200 32 73
149 199 32 73
143 195 32 73
145 194 32 73
146 193 32 73
146 191 32 73
149 188 32 73
152 186 32 73
151 185 32 73
151 184 32 73
151 183 32 73
151 182 32 73
151 182 32 73
151 181 32 73
151 181 32 73
151 180 32 73
152 180 32 73
152 179 32 73
153 179 32 73
153 179 32 73
152 178 32 73
152 177 32 73
152 175 32 73
152 173 32 73
152 171 32 73
151 169 32 73
144 168 32 73
144 166 32 73
144 165 32 73
144 164 32 73
134 169 32 73
133 170 32 73
135 141 32 73
137 140 32 73
120 165 32 73
105 192 32 73
101 193 32 73
101 193 32 73
101 193 32 73
100 193 32 73
99 193 32 73
98 193 32 73
98 193 32 73
97 192 32 73
97 192 32 73
97 193 32 73
97 193 32 73
97 193 32 73
97 193 32 73
96 194 32 73
96 194 32 73
97 195 32 73
69 252 32 73
73 257 32 73
70 256 32 73
67 256 32 73
67 255 32 73
73 257 32 73
72 256 32 73
71 258 32 73
76 257 32 73
69 256 32 73
67 256 32 73
67 257 32 73
64 256 32 73
67 256 32 73
66 255 32 73
69 255 32 73
101 281 32 73
111 220 32 73
134 241 32 73
160 237 32 73
142 204 32 73
114 203 32 73
126 186 32 73
95 187 32 73
82 200 32 73
73 222 32 73
70 223 32 73
93 246 32 73
62 275 32 73
75 232 32 73
72 219 32 73
81 169 32 73
79 145 32 73
74 143 32 73
71 143 32 73
68 142 32 73
65 142 32 73
62 141 32 73
58 141 32 73
55 141 32 73
51 140 32 73
48 140 32 73
45 140 32 73
41 140 32 73
40 140 32 73
39 140 32 73
45 91 32 73
56 59 32 73
29 45 32 73
5 45 32 73
14 -1 32 73
13 -1 32 73
12 -0 32 73
1 49 32 73
-21 21 32 73
9 1 32 73
9 1 32 73
9 2 32 73
-2 51 32 73
8 3 32 73
9 4 32 73
9 3 32 73
9 3 32 73
10 3 32 73
10 2 32 73
11 2 32 73
12 2 32 73
14 3 32 73
15 2 32 73
18 3 32 73
18 0 32 73
20 -0 32 73
22 -1 32 73
25 -1 32 73
28 -2 32 73
32 -2 32 73
35 -3 32 73
38 -4 32 73
41 -6 32 73
48 -2 32 73
54 -1 32 73
54 -8 32 73
57 -11 32 73
61 -13 32 73
65 -14 32 73
69 -15 32 73
74 -16 32 73
78 -17 32 73
82 -17 32 73
85 -18 32 73
88 -19 32 73
91 -20 32 73
94 -21 32 73
97 -22 32 73
100 -22 32 73
103 -22 32 73
105 -23 32 73
108 -23 32 73
110 -23 32 73
112 -23 32 73
114 -23 32 73
116 -23 32 73
117 -23 32 73
118 -24 32 73
120 -23 32 73
121 -23 32 73
122 -23 32 73
123 -24 32 73
124 -24 32 73
124 -24 32 73
124 -24 32 73
124 -24 32 73
123 -24 32 73
122 -24 32 73
121 -24 32 73
119 -25 32 73
117 -24 32 73
115 -24 32 73
112 -24 32 73
108 -24 32 73
104 -24 32 73
100 -25 32 73
96 -25 32 73
91 -25 32 73
88 -24 32 73
84 -24 32 73
80 -25 32 73
76 -24 32 73
71 -24 32 73
67 -24 32 73
63 -23 32 73
59 -23 32 73
55 -22 32 73
51 -23 32 73
48 -22 32 73
45 -23 32 73
42 -23 32 73
39 -23 32 73
38 -22 32 73
36 -22 32 73
34 -22 32 73
32 -22 32 73
31 -22 32 73
30 -22 32 73
30 -22 32 73
29 -22 32 73
29 -22 32 73
29 -22 32 73
29 -22 32 73
29 -22 32 73
30 -22 32 73
31 -23 32 73
33 -23 32 73
35 -24 32 73
37 -24 32 73
39 -26 32 73
43 -26 32 73
45 -28 32 73
48 -30 32 73
51 -33 32 73
54 -35 32 73
57 -37 32 73
60 -39 32 73
63 -41 32 73
67 -43 32 73
70 -45 32 73
73 -47 32 73
75 -49 32 73
78 -51 32 73
81 -51 32 73
86 -51 32 73
90 -51 32 73
94 -51 32 73
99 -50 32 73
103 -50 32 73
107 -51 32 73
110 -51 32 73
114 -51 32 73
117 -51 32 73
119 -52 32 73
121 -52 32 73
124 -52 32 73
125 -52 32 73
127 -52 32 73
128 -52 32 73
129 -52 32 73
130 -52 32 73
130 -52 32 73
130 -54 32 73
131 -53 32 73
131 -53 32 73
130 -53 32 73
130 -52 32 73
130 -52 32 73
129 -52 32 73
129 -52 32 73
128 -52 32 73
126 -52 32 73
125 -52 32 73
123 -51 32 73
122 -51 32 73
121 -51 32 73
120 -50 32 73
118 -49 32 73
114 -52 32 73
112 -53 32 73
110 -53 32 73
108 -53 32 73
106 -55 32 73
104 -56 32 73
102 -58 32 73
102 -53 32 73
102 -51 32 73
102 -55 32 73
102 -51 32 73
103 -51 32 73
104 -51 32 73
106 -50 32 73
108 -52 32 73
110 -53 32 73
112 -53 32 73
115 -53 32 73
119 -53 32 73
124 -52 32 73
128 -51 32 73
132 -52 32 73
137 -51 32 73
141 -58 32 73
145 -60 32 73
150 -60 32 73
159 -81 32 73
161 -81 32 73
166 -64 32 73
170 -63 32 73
174 -63 32 73
177 -63 32 73
180 -62 32 73
182 -61 32 73
185 -61 32 73
188 -62 32 73
191 -63 32 73
193 -64 32 73
195 -64 32 73
196 -66 32 73
197 -66 32 73
198 -67 32 73
199 -67 32 73
199 -73 32 73
199 -74 32 73
198 -71 32 73
196 -69 32 73
193 -69 32 73
191 -69 32 73
189 -69 32 73
187 -69 32 73
185 -71 32 73
181 -72 32 73
177 -73 32 73
172 -72 32 73
168 -73 32 73
163 -72 32 73
158 -71 32 73
154 -71 32 73
150 -71 32 73
147 -72 32 73
144 -73 32 73
142 -75 32 73
139 -74 32 73
136 -74 32 73
134 -74 32 73
131 -73 32 73
129 -74 32 73
128 -74 32 73
127 -74 32 73
126 -74 32 73
126 -74 32 73
126 -74 32 73
126 -74 32 73
127 -73 32 73
140 -49 32 73
167 -55 32 73
169 -57 32 73
168 -58 32 73
171 -4 32 73
174 -37 32 73
170 -39 32 73
167 -38 32 73
165 -35 32 73
163 -30 32 73
163 -23 32 73
164 -17 32 73
161 -11 32 73
161 -4 32 73
162 0 32 73
164 0 32 73
166 2 32 73
168 7 32 73
172 8 32 73
175 8 32 73
178 9 32 73
180 10 32 73
182 11 32 73
183 13 32 73
184 14 32 73
186 14 32 73
186 15 32 73
187 15 32 73
187 15 32 73
187 14 32 73
187 14 32 73
187 13 32 73
187 12 32 73
186 11 32 73
185 9 32 73
184 7 32 73
183 5 32 73
182 4 32 73
180 3 32 73
179 1 32 73
176 1 32 73
173 -0 32 73
170 -2 32 73
167 -5 32 73
150 19 32 73
182 35 32 73
182 37 32 73
179 35 32 73
174 32 32 73
194 -31 32 73
186 16 32 73
217 14 32 73
189 -2 32 73
169 38 32 73
199 29 32 73
209 -3 32 73
209 -4 32 73
208 -4 32 73
189 -1 32 73
175 1 32 73
163 3 32 73
153 5 32 73
144 6 32 73
144 4 32 73
129 7 32 73
131 5 32 73
118 7 32 73
124 4 32 73
113 7 32 73
120 5 32 73
110 7 32 73
119 3 32 73
111 5 32 73
121 1 32 73
112 0 32 73
122 -4 32 73
115 -4 32 73
126 -10 32 73
120 -12 32 73
132 -19 32 73
135 -26 32 73
131 -32 32 73
128 -37 32 73
138 -50 32 73
141 -69 32 73
138 -34 32 73
120 -51 32 73
108 -30 32 73
103 -9 32 73
109 49 32 73
97 11 32 73
100 42 32 73
106 11 32 73
109 47 32 73
116 46 32 73
122 47 32 73
141 101 32 73
130 128 32 73
126 132 32 73
131 131 32 73
136 133 32 73
133 137 32 73
134 137 32 73
140 139 32 73
144 139 32 73
151 140 32 73
155 141 32 73
156 141 32 73
158 141 32 73
160 141 32 73
163 141 32 73
166 141 32 73
167 139 32 73
167 138 32 73
167 137 32 73
167 136 32 73
168 135 32 73
169 135 32 73
168 134 32 73
168 133 32 73
166 133 32 73
164 132 32 73
163 132 32 73
164 133 32 73
162 134 32 73
158 133 32 73
153 132 32 73
152 134 32 73
149 134 32 73
148 134 32 73
144 133 32 73
142 135 32 73
139 134 32 73
137 134 32 73
132 133 32 73
134 135 32 73
148 107 32 73
166 138 32 73
166 160 32 73
145 201 32 73
153 162 32 73
135 204 32 73
141 208 32 73
145 210 32 73
135 204 32 73
143 211 32 73
133 205 32 73
135 207 32 73
137 208 32 73
139 208 32 73
141 208 32 73
144 209 32 73
148 210 32 73
155 211 32 73
160 211 32 73
165 165 32 73
150 176 32 73
152 176 32 73
163 126 32 73
155 142 32 73
156 175 32 73
160 176 32 73
162 177 32 73
165 176 32 73
168 178 32 73
170 179 32 73
172 180 32 73
174 180 32 73
176 178 32 73
178 178 32 73
179 178 32 73
180 179 32 73
178 179 32 73
177 180 32 73
177 180 32 73
177 181 32 73
176 182 32 73
176 183 32 73
177 184 32 73
169 177 32 73
168 177 32 73
167 177 32 73
167 177 32 73
167 177 32 73
167 177 32 73
167 177 32 73
167 177 32 73
166 177 32 73
166 177 32 73
165 177 32 73
167 178 32 73
167 176 32 73
147 218 32 73
153 204 32 73
153 203 32 73
152 204 32 73
150 204 32 73
148 205 32 73
145 205 32 73
145 205 32 73
145 206 32 73
145 205 32 73
147 205 32 73
146 205 32 73
144 205 32 73
142 206 32 73
139 206 32 73
136 205 32 73
133 204 32 73
131 204 32 73
129 203 32 73
128 202 32 73
