58 34 57 81
58 33 57 81
58 33 57 81
58 32 57 81
58 32 57 81
58 32 57 81
58 32 57 81
58 32 57 81
58 32 57 81
57 32 57 81
57 32 57 81
57 33 57 81
57 33 57 81
56 33 57 81
55 34 57 81
54 34 57 81
53 35 57 81
52 35 57 81
51 36 57 81
49 36 57 81
48 36 57 81
46 36 57 81
45 36 57 81
44 35 57 81
44 35 57 81
44 35 57 81
43 35 57 81
43 35 57 81
44 34 57 81
44 33 57 81
44 32 57 81
44 31 57 81
44 31 57 81
44 31 57 81
44 31 57 81
44 31 57 81
44 31 57 81
44 31 57 81
45 31 57 81
45 31 57 81
46 31 57 81
47 31 57 81
48 31 57 81
49 31 57 81
50 31 57 81
51 31 57 81
52 31 57 81
53 31 57 81
55 31 57 81
56 31 57 81
57 31 57 81
58 31 57 81
59 31 57 81
60 32 57 81
60 32 57 81
61 33 57 81
62 34 57 81
62 34 57 81
63 35 57 81
63 36 57 81
63 37 57 81
63 38 57 81
64 38 57 81
64 38 57 81
64 38 57 81
65 38 57 81
65 38 57 81
65 38 57 81
65 39 57 81
66 39 57 81
66 39 57 81
66 39 57 81
66 39 57 81
66 39 57 81
66 38 57 81
66 38 57 81
66 38 57 81
66 38 57 81
66 38 57 81
65 38 57 81
65 38 57 81
64 38 57 81
64 38 57 81
63 38 57 81
63 37 57 81
62 38 57 81
62 37 57 81
62 37 57 81
61 37 57 81
60 37 57 81
60 37 57 81
60 38 57 81
59 38 57 81
58 38 57 81
57 38 57 81
57 38 57 81
56 38 57 81
56 38 57 81
56 39 57 81
55 39 57 81
55 39 57 81
54 39 57 81
54 39 57 81
54 39 57 81
54 39 57 81
54 39 57 81
54 39 57 81
54 39 57 81
54 39 57 81
54 39 57 81
54 39 57 81
54 39 57 81
54 39 57 81
54 39 57 81
54 39 57 81
54 39 57 81
54 40 57 81
54 40 57 81
54 40 57 81
54 40 57 81
54 40 57 81
54 40 57 81
54 40 57 81
54 40 57 81
54 40 57 81
54 40 57 81
54 40 57 81
54 40 57 81
54 40 57 81
54 40 57 81
54 40 57 81
54 40 57 81
54 40 57 81
54 40 57 81
54 40 57 81
54 40 57 81
54 39 57 81
54 39 57 81
54 39 57 81
54 39 57 81
54 39 57 81
54 39 57 81
54 38 57 81
53 38 57 81
53 38 57 81
53 38 57 81
53 37 57 81
52 37 57 81
52 37 57 81
52 37 57 81
52 37 57 81
51 37 57 81
51 37 57 81
51 37 57 81
51 36 57 81
51 36 57 81
51 36 57 81
50 36 57 81
50 36 57 81
50 36 57 81
50 36 57 81
50 36 57 81
50 36 57 81
50 36 57 81
50 36 57 81
50 36 57 81
50 36 57 81
50 37 57 81
50 37 57 81
50 37 57 81
50 37 57 81
50 37 57 81
50 37 57 81
50 37 57 81
50 37 57 81
50 37 57 81
50 38 57 81
50 38 57 81
50 39 57 81
50 39 57 81
50 40 57 81
50 40 57 81
50 41 57 81
50 41 57 81
50 41 57 81
50 42 57 81
50 42 57 81
50 42 57 81
50 42 57 81
50 42 57 81
50 42 57 81
50 42 57 81
50 42 57 81
50 42 57 81
50 42 57 81
50 42 57 81
50 42 57 81
50 43 57 81
50 43 57 81
50 43 57 81
50 43 57 81
50 43 57 81
50 43 57 81
50 43 57 81
50 43 57 81
50 43 57 81
50 43 57 81
50 43 57 81
50 43 57 81
50 44 57 81
49 44 57 81
49 45 57 81
49 45 57 81
49 46 57 81
49 47 57 81
49 47 57 81
49 47 57 81
49 47 57 81
49 47 57 81
49 47 57 81
49 46 57 81
49 45 57 81
49 43 57 81
49 41 57 81
49 39 57 81
49 37 57 81
49 35 57 81
50 33 57 81
50 31 57 81
50 30 57 81
50 29 57 81
50 28 57 81
50 27 57 81
50 27 57 81
50 27 57 81
50 26 57 81
50 26 57 81
50 26 57 81
50 26 57 81
50 27 57 81
50 27 57 81
51 27 57 81
51 28 57 81
51 28 57 81
51 28 57 81
52 29 57 81
52 29 57 81
52 30 57 81
53 30 57 81
53 30 57 81
53 31 57 81
53 31 57 81
54 32 57 81
54 32 57 81
54 33 57 81
54 33 57 81
54 33 57 81
54 34 57 81
53 34 57 81
53 35 57 81
53 35 57 81
53 36 57 81
53 36 57 81
53 36 57 81
53 36 57 81
53 37 57 81
53 37 57 81
53 37 57 81
53 37 57 81
53 37 57 81
53 37 57 81
53 37 57 81
53 37 57 81
53 37 57 81
52 38 57 81
52 38 57 81
52 38 57 81
52 38 57 81
51 38 57 81
51 38 57 81
50 38 57 81
50 38 57 81
50 38 57 81
49 39 57 81
49 39 57 81
49 39 57 81
49 39 57 81
48 39 57 81
48 39 57 81
48 39 57 81
47 39 57 81
47 39 57 81
47 39 57 81
47 39 57 81
47 39 57 81
47 39 57 81
47 39 57 81
47 39 57 81
47 39 57 81
47 39 57 81
47 39 57 81
47 39 57 81
47 39 57 81
47 39 57 81
47 39 57 81
47 39 57 81
47 40 57 81
47 40 57 81
47 39 57 81
47 39 57 81
47 39 57 81
47 39 57 81
47 39 57 81
47 39 57 81
47 39 57 81
47 40 57 81
47 40 57 81
47 40 57 81
47 40 57 81
47 40 57 81
47 40 57 81
47 39 57 81
48 38 57 81
48 38 57 81
48 38 57 81
48 38 57 81
47 37 57 81
47 37 57 81
47 37 57 81
47 37 57 81
46 37 57 81
46 37 57 81
45 37 57 81
45 37 57 81
45 37 57 81
44 37 57 81
44 37 57 81
44 37 57 81
43 37 57 81
43 37 57 81
42 37 57 81
42 37 57 81
41 37 57 81
40 38 57 81
39 38 57 81
38 38 57 81
37 38 57 81
36 38 57 81
35 38 57 81
35 38 57 81
35 38 57 81
35 38 57 81
34 38 57 81
34 38 57 81
34 38 57 81
34 38 57 81
34 38 57 81
34 38 57 81
34 38 57 81
34 38 57 81
34 38 57 81
34 38 57 81
34 38 57 81
34 38 57 81
34 38 57 81
34 38 57 81
35 38 57 81
35 38 57 81
35 38 57 81
36 38 57 81
36 38 57 81
37 38 57 81
37 38 57 81
38 38 57 81
38 38 57 81
38 38 57 81
39 38 57 81
39 38 57 81
39 38 57 81
40 38 57 81
40 38 57 81
40 37 57 81
41 37 57 81
41 36 57 81
41 36 57 81
42 35 57 81
42 35 57 81
42 35 57 81
42 35 57 81
43 35 57 81
43 34 57 81
43 34 57 81
43 34 57 81
43 34 57 81
43 34 57 81
43 34 57 81
43 34 57 81
44 34 57 81
44 34 57 81
44 34 57 81
44 34 57 81
44 34 57 81
45 34 57 81
45 34 57 81
45 34 57 81
46 34 57 81
46 34 57 81
46 34 57 81
46 34 57 81
46 34 57 81
46 34 57 81
46 34 57 81
46 34 57 81
46 34 57 81
46 34 57 81
46 34 57 81
46 35 57 81
45 35 57 81
45 36 57 81
45 37 57 81
45 37 57 81
45 38 57 81
45 39 57 81
45 40 57 81
45 40 57 81
45 40 57 81
45 40 57 81
45 40 57 81
45 40 57 81
45 40 57 81
45 40 57 81
45 40 57 81
45 40 57 81
45 40 57 81
45 40 57 81
45 40 57 81
45 40 57 81
45 40 57 81
45 40 57 81
45 40 57 81
45 40 57 81
45 40 57 81
45 40 57 81
46 40 57 81
46 39 57 81
46 39 57 81
46 40 57 81
46 40 57 81
46 40 57 81
46 40 57 81
46 40 57 81
46 40 57 81
46 40 57 81
46 40 57 81
46 40 57 81
46 40 57 81
46 40 57 81
46 41 57 81
46 41 57 81
46 41 57 81
45 41 57 81
45 41 57 81
45 41 57 81
45 41 57 81
45 41 57 81
45 41 57 81
45 41 57 81
45 41 57 81
45 41 57 81
45 41 57 81
45 41 57 81
45 42 57 81
45 42 57 81
45 42 57 81
45 42 57 81
45 42 57 81
45 41 57 81
45 41 57 81
45 41 57 81
45 41 57 81
45 41 57 81
45 41 57 81
45 41 57 81
45 41 57 81
45 41 57 81
45 41 57 81
45 41 57 81
45 41 57 81
45 41 57 81
45 41 57 81
45 41 57 81
45 41 57 81
45 41 57 81
45 41 57 81
45 41 57 81
45 41 57 81
45 41 57 81
45 41 57 81
45 41 57 81
45 41 57 81
45 41 57 81
45 41 57 81
45 41 57 81
45 42 57 81
45 42 57 81
45 42 57 81
45 42 57 81
45 42 57 81
45 42 57 81
45 42 57 81
45 42 57 81
45 42 57 81
45 42 57 81
45 42 57 81
45 42 57 81
45 42 57 81
45 42 57 81
45 42 57 81
45 42 57 81
45 41 57 81
45 41 57 81
46 41 57 81
46 41 57 81
46 41 57 81
46 41 57 81
46 41 57 81
46 41 57 81
46 41 57 81
46 42 57 81
46 42 57 81
46 42 57 81
46 42 57 81
46 42 57 81
46 42 57 81
46 42 57 81
46 42 57 81
46 42 57 81
46 42 57 81
46 42 57 81
46 42 57 81
46 42 57 81
46 42 57 81
46 42 57 81
46 42 57 81
46 42 57 81
46 42 57 81
46 42 57 81
46 42 57 81
46 42 57 81
45 42 57 81
45 42 57 81
45 42 57 81
45 42 57 81
45 42 57 81
45 42 57 81
45 42 57 81
45 42 57 81
45 42 57 81
45 42 57 81
45 42 57 81
45 42 57 81
45 42 57 81
45 42 57 81
45 42 57 81
45 43 57 81
45 43 57 81
45 43 57 81
45 43 57 81
45 44 57 81
45 44 57 81
45 44 57 81
45 44 57 81
45 44 57 81
45 44 57 81
45 44 57 81
45 44 57 81
45 44 57 81
45 45 57 81
45 45 57 81
45 46 57 81
45 47 57 81
45 47 57 81
45 46 57 81
45 45 57 81
44 45 57 81
44 46 57 81
44 47 57 81
44 46 57 81
45 46 57 81
45 46 57 81
45 46 57 81
45 46 57 81
45 46 57 81
46 46 57 81
46 46 57 81
46 46 57 81
46 46 57 81
46 46 57 81
46 46 57 81
47 46 57 81
47 46 57 81
47 46 57 81
47 46 57 81
47 46 57 81
47 46 57 81
47 47 57 81
47 47 57 81
47 47 57 81
47 47 57 81
47 47 57 81
48 47 57 81
48 47 57 81
48 47 57 81
48 47 57 81
48 46 57 81
48 46 57 81
48 46 57 81
48 45 57 81
48 45 57 81
47 45 57 81
48 44 57 81
48 44 57 81
48 44 57 81
48 44 57 81
48 44 57 81
48 44 57 81
47 44 57 81
47 44 57 81
47 44 57 81
47 44 57 81
47 43 57 81
47 43 57 81
47 43 57 81
47 43 57 81
47 43 57 81
47 43 57 81
47 43 57 81
47 43 57 81
47 43 57 81
47 43 57 81
47 43 57 81
47 43 57 81
47 43 57 81
47 43 57 81
47 43 57 81
47 43 57 81
47 43 57 81
47 43 57 81
47 43 57 81
47 43 57 81
47 43 57 81
47 43 57 81
47 43 57 81
47 43 57 81
47 43 57 81
47 43 57 81
47 43 57 81
47 43 57 81
47 43 57 81
47 43 57 81
47 43 57 81
47 43 57 81
47 43 57 81
47 43 57 81
47 43 57 81
47 43 57 81
47 43 57 81
47 43 57 81
47 43 57 81
47 44 57 81
47 44 57 81
46 44 57 81
46 44 57 81
45 45 57 81
44 45 57 81
44 46 57 81
43 45 57 81
42 45 57 81
42 45 57 81
41 45 57 81
40 45 57 81
39 45 57 81
39 45 57 81
38 45 57 81
37 44 57 81
36 44 57 81
35 44 57 81
35 44 57 81
34 43 57 81
33 43 57 81
32 43 57 81
32 43 57 81
32 43 57 81
31 43 57 81
31 43 57 81
31 43 57 81
31 43 57 81
31 43 57 81
31 43 57 81
30 42 57 81
30 42 57 81
30 42 57 81
30 42 57 81
30 42 57 81
30 42 57 81
30 42 57 81
30 42 57 81
30 42 57 81
30 41 57 81
30 41 57 81
30 41 57 81
30 41 57 81
30 41 57 81
30 41 57 81
30 41 57 81
30 41 57 81
30 41 57 81
30 41 57 81
30 41 57 81
30 41 57 81
30 41 57 81
30 41 57 81
30 41 57 81
31 40 57 81
31 40 57 81
31 40 57 81
31 40 57 81
32 40 57 81
32 40 57 81
33 40 57 81
34 40 57 81
34 40 57 81
35 40 57 81
36 40 57 81
37 40 57 81
37 40 57 81
38 39 57 81
39 39 57 81
39 39 57 81
40 39 57 81
40 39 57 81
41 39 57 81
41 39 57 81
41 39 57 81
41 39 57 81
41 38 57 81
41 38 57 81
41 37 57 81
41 37 57 81
41 36 57 81
41 36 57 81
41 35 57 81
41 35 57 81
41 35 57 81
41 35 57 81
42 35 57 81
42 35 57 81
42 35 57 81
42 35 57 81
42 35 57 81
42 35 57 81
42 35 57 81
42 35 57 81
42 35 57 81
41 34 57 81
41 34 57 81
41 34 57 81
41 34 57 81
41 34 57 81
41 34 57 81
41 34 57 81
41 34 57 81
41 34 57 81
41 34 57 81
42 34 57 81
42 34 57 81
42 34 57 81
42 34 57 81
42 35 57 81
42 35 57 81
42 35 57 81
42 35 57 81
42 36 57 81
42 35 57 81
42 35 57 81
42 35 57 81
42 35 57 81
42 35 57 81
42 35 57 81
43 35 57 81
43 35 57 81
43 35 57 81
43 35 57 81
43 35 57 81
43 35 57 81
44 36 57 81
44 36 57 81
44 36 57 81
45 36 57 81
45 36 57 81
46 36 57 81
46 36 57 81
47 36 57 81
47 36 57 81
47 36 57 81
48 36 57 81
48 36 57 81
48 36 57 81
49 36 57 81
49 36 57 81
49 37 57 81
49 37 57 81
50 37 57 81
50 37 57 81
51 38 57 81
52 38 57 81
53 38 57 81
55 38 57 81
56 38 57 81
57 38 57 81
58 38 57 81
59 38 57 81
60 38 57 81
60 37 57 81
61 37 57 81
61 37 57 81
62 37 57 81
62 37 57 81
63 37 57 81
63 37 57 81
64 37 57 81
64 37 57 81
65 37 57 81
65 37 57 81
65 37 57 81
65 37 57 81
66 37 57 81
66 37 57 81
66 37 57 81
66 37 57 81
66 37 57 81
66 37 57 81
66 37 57 81
66 37 57 81
66 37 57 81
66 37 57 81
66 37 57 81
66 37 57 81
66 37 57 81
66 37 57 81
66 37 57 81
66 37 57 81
65 37 57 81
65 38 57 81
64 38 57 81
64 38 57 81
63 38 57 81
62 38 57 81
62 38 57 81
61 38 57 81
60 38 57 81
60 38 57 81
59 38 57 81
59 38 57 81
58 37 57 81
58 37 57 81
58 37 57 81
57 37 57 81
57 37 57 81
57 37 57 81
56 37 57 81
55 37 57 81
55 37 57 81
54 37 57 81
53 37 57 81
52 36 57 81
51 36 57 81
50 35 57 81
49 35 57 81
48 35 57 81
48 35 57 81
47 35 57 81
47 35 57 81
48 36 57 81
48 37 57 81
48 38 57 81
48 39 57 81
48 39 57 81
48 39 57 81
48 39 57 81
48 39 57 81
48 39 57 81
