116 93 114 162
116 99 114 162
116 98 114 162
115 97 114 162
115 97 114 162
115 97 114 162
115 97 114 162
115 97 114 162
115 97 114 162
114 98 114 162
114 100 114 162
113 101 114 162
112 101 114 162
111 106 114 162
109 107 114 162
107 108 114 162
104 109 114 162
101 110 114 162
99 111 114 162
96 116 114 162
92 109 114 162
90 101 114 162
88 110 114 162
88 105 114 162
88 113 114 162
89 112 114 162
91 109 114 162
92 105 114 162
93 101 114 162
94 97 114 162
94 94 114 162
95 93 114 162
95 91 114 162
95 91 114 162
96 92 114 162
96 91 114 162
97 92 114 162
98 92 114 162
99 91 114 162
101 91 114 162
102 91 114 162
104 91 114 162
106 91 114 162
108 91 114 162
110 91 114 162
112 91 114 162
115 91 114 162
117 91 114 162
119 91 114 162
121 91 114 162
123 91 114 162
124 92 114 162
126 93 114 162
128 94 114 162
129 96 114 162
130 98 114 162
130 99 114 162
131 101 114 162
131 104 114 162
132 108 114 162
131 112 114 162
130 113 114 162
129 118 114 162
130 121 114 162
132 124 114 162
132 124 114 162
134 124 114 162
135 124 114 162
137 124 114 162
138 124 114 162
138 124 114 162
139 123 114 162
139 123 114 162
139 123 114 162
139 122 114 162
139 124 114 162
139 124 114 162
138 122 114 162
136 121 114 162
135 118 114 162
134 108 114 162
134 102 114 162
133 99 114 162
136 83 114 162
135 83 114 162
134 82 114 162
133 81 114 162
132 80 114 162
130 82 114 162
129 82 114 162
128 83 114 162
126 83 114 162
124 82 114 162
121 80 114 162
120 81 114 162
118 81 114 162
117 81 114 162
116 81 114 162
115 81 114 162
114 81 114 162
113 81 114 162
113 81 114 162
113 81 114 162
113 81 114 162
112 80 114 162
112 80 114 162
112 80 114 162
112 81 114 162
112 81 114 162
112 81 114 162
112 81 114 162
112 81 114 162
112 81 114 162
112 81 114 162
112 82 114 162
111 82 114 162
111 82 114 162
111 82 114 162
111 82 114 162
111 82 114 162
111 82 114 162
111 82 114 162
111 82 114 162
111 82 114 162
110 82 114 162
110 82 114 162
110 82 114 162
110 82 114 162
110 82 114 162
110 82 114 162
110 82 114 162
110 83 114 162
109 82 114 162
109 81 114 162
108 82 114 162
108 81 114 162
107 81 114 162
106 81 114 162
105 81 114 162
104 81 114 162
102 83 114 162
101 83 114 162
101 83 114 162
100 83 114 162
101 85 114 162
100 87 114 162
101 93 114 162
103 83 114 162
102 84 114 162
102 84 114 162
101 83 114 162
101 83 114 162
101 82 114 162
100 82 114 162
100 81 114 162
99 81 114 162
99 81 114 162
99 81 114 162
98 81 114 162
98 81 114 162
98 81 114 162
98 81 114 162
98 81 114 162
98 82 114 162
98 82 114 162
99 81 114 162
100 83 114 162
101 83 114 162
101 84 114 162
94 79 114 162
92 77 114 162
90 71 114 162
90 75 114 162
90 72 114 162
91 72 114 162
89 68 114 162
88 67 114 162
87 66 114 162
86 64 114 162
86 66 114 162
86 67 114 162
86 74 114 162
86 75 114 162
86 76 114 162
86 76 114 162
86 76 114 162
87 76 114 162
86 76 114 162
86 76 114 162
86 76 114 162
86 76 114 162
86 76 114 162
87 76 114 162
87 76 114 162
87 77 114 162
87 77 114 162
88 77 114 162
87 77 114 162
87 77 114 162
87 77 114 162
87 77 114 162
87 77 114 162
87 77 114 162
87 77 114 162
87 77 114 162
86 77 114 162
86 77 114 162
86 77 114 162
87 79 114 162
87 80 114 162
87 81 114 162
87 82 114 162
87 83 114 162
86 84 114 162
86 84 114 162
86 85 114 162
86 85 114 162
86 84 114 162
86 83 114 162
86 82 114 162
86 81 114 162
87 80 114 162
89 79 114 162
88 74 114 162
90 73 114 162
90 68 114 162
90 65 114 162
89 62 114 162
90 66 114 162
93 71 114 162
94 68 114 162
97 70 114 162
100 63 114 162
98 69 114 162
98 60 114 162
94 61 114 162
92 68 114 162
92 64 114 162
92 63 114 162
93 64 114 162
93 65 114 162
94 65 114 162
95 66 114 162
96 67 114 162
97 69 114 162
97 70 114 162
98 71 114 162
99 73 114 162
99 73 114 162
100 74 114 162
100 75 114 162
101 76 114 162
101 77 114 162
101 78 114 162
101 79 114 162
101 80 114 162
101 81 114 162
101 82 114 162
100 82 114 162
100 84 114 162
100 84 114 162
100 86 114 162
100 86 114 162
100 86 114 162
100 88 114 162
100 88 114 162
99 88 114 162
99 88 114 162
99 84 114 162
101 82 114 162
97 91 114 162
98 88 114 162
98 85 114 162
96 79 114 162
92 76 114 162
91 73 114 162
90 71 114 162
88 70 114 162
87 71 114 162
86 70 114 162
85 70 114 162
85 70 114 162
84 71 114 162
82 71 114 162
84 72 114 162
83 69 114 162
83 69 114 162
81 71 114 162
81 70 114 162
81 69 114 162
81 69 114 162
81 69 114 162
80 69 114 162
80 70 114 162
80 70 114 162
80 70 114 162
80 70 114 162
80 70 114 162
80 70 114 162
80 70 114 162
79 70 114 162
79 70 114 162
79 70 114 162
79 70 114 162
79 70 114 162
79 71 114 162
79 71 114 162
79 70 114 162
79 70 114 162
79 70 114 162
79 70 114 162
78 70 114 162
78 72 114 162
77 73 114 162
76 74 114 162
77 75 114 162
76 73 114 162
81 79 114 162
83 80 114 162
80 79 114 162
80 80 114 162
82 82 114 162
83 80 114 162
86 85 114 162
83 75 114 162
82 77 114 162
81 76 114 162
80 76 114 162
80 76 114 162
79 76 114 162
78 76 114 162
77 76 114 162
77 77 114 162
76 76 114 162
75 75 114 162
75 76 114 162
74 75 114 162
73 75 114 162
73 76 114 162
72 75 114 162
70 77 114 162
68 78 114 162
67 79 114 162
65 80 114 162
63 80 114 162
61 80 114 162
60 78 114 162
61 76 114 162
60 76 114 162
60 69 114 162
61 66 114 162
62 64 114 162
63 63 114 162
64 64 114 162
65 65 114 162
65 65 114 162
65 66 114 162
66 67 114 162
66 67 114 162
66 67 114 162
66 67 114 162
65 66 114 162
65 66 114 162
65 66 114 162
66 65 114 162
66 66 114 162
66 66 114 162
67 66 114 162
68 66 114 162
69 66 114 162
70 66 114 162
71 66 114 162
72 66 114 162
73 66 114 162
74 65 114 162
74 65 114 162
75 66 114 162
76 66 114 162
76 66 114 162
77 66 114 162
78 64 114 162
78 63 114 162
78 63 114 162
79 62 114 162
79 61 114 162
79 61 114 162
80 59 114 162
80 61 114 162
81 58 114 162
81 58 114 162
82 57 114 162
82 57 114 162
82 57 114 162
82 57 114 162
82 57 114 162
82 57 114 162
82 57 114 162
82 57 114 162
83 57 114 162
84 57 114 162
84 59 114 162
84 57 114 162
84 56 114 162
83 56 114 162
82 58 114 162
79 68 114 162
81 71 114 162
82 70 114 162
84 78 114 162
84 79 114 162
87 86 114 162
84 77 114 162
84 78 114 162
84 78 114 162
84 79 114 162
84 80 114 162
83 80 114 162
84 82 114 162
84 83 114 162
84 85 114 162
83 86 114 162
83 88 114 162
83 89 114 162
83 90 114 162
82 90 114 162
82 90 114 162
82 90 114 162
82 90 114 162
82 90 114 162
82 90 114 162
82 90 114 162
82 90 114 162
82 90 114 162
85 91 114 162
85 92 114 162
82 94 114 162
84 93 114 162
83 91 114 162
79 84 114 162
78 84 114 162
79 83 114 162
78 87 114 162
79 84 114 162
80 81 114 162
80 79 114 162
79 73 114 162
79 71 114 162
78 70 114 162
80 81 114 162
80 80 114 162
79 80 114 162
79 80 114 162
79 80 114 162
79 82 114 162
79 82 114 162
79 82 114 162
79 83 114 162
78 83 114 162
79 84 114 162
79 84 114 162
79 84 114 162
79 84 114 162
78 85 114 162
78 85 114 162
78 86 114 162
78 86 114 162
78 86 114 162
78 86 114 162
78 86 114 162
78 86 114 162
78 86 114 162
78 86 114 162
78 86 114 162
77 86 114 162
77 86 114 162
77 86 114 162
77 86 114 162
77 86 114 162
77 85 114 162
77 85 114 162
77 85 114 162
77 85 114 162
77 85 114 162
77 86 114 162
77 86 114 162
77 86 114 162
77 86 114 162
77 86 114 162
77 86 114 162
77 86 114 162
77 86 114 162
77 86 114 162
77 86 114 162
77 86 114 162
77 86 114 162
77 86 114 162
77 86 114 162
77 86 114 162
77 86 114 162
77 85 114 162
77 85 114 162
77 86 114 162
77 87 114 162
77 87 114 162
77 88 114 162
77 88 114 162
77 88 114 162
77 88 114 162
77 88 114 162
78 89 114 162
78 90 114 162
77 91 114 162
77 92 114 162
76 92 114 162
76 92 114 162
76 92 114 162
76 92 114 162
76 91 114 162
76 90 114 162
76 89 114 162
77 89 114 162
77 89 114 162
77 89 114 162
77 89 114 162
77 89 114 162
77 89 114 162
76 89 114 162
76 90 114 162
76 90 114 162
77 89 114 162
77 89 114 162
77 85 114 162
77 85 114 162
77 84 114 162
77 84 114 162
77 85 114 162
77 85 114 162
77 89 114 162
77 89 114 162
76 89 114 162
76 89 114 162
76 89 114 162
76 89 114 162
76 89 114 162
76 89 114 162
76 89 114 162
76 89 114 162
76 89 114 162
76 89 114 162
76 89 114 162
76 89 114 162
76 89 114 162
76 89 114 162
76 89 114 162
76 89 114 162
75 89 114 162
75 88 114 162
75 89 114 162
75 89 114 162
75 89 114 162
75 89 114 162
75 90 114 162
75 90 114 162
75 91 114 162
75 91 114 162
75 92 114 162
76 92 114 162
76 92 114 162
76 93 114 162
76 93 114 162
76 93 114 162
76 93 114 162
76 93 114 162
77 93 114 162
77 94 114 162
77 94 114 162
77 95 114 162
78 96 114 162
77 95 114 162
78 98 114 162
78 102 114 162
77 99 114 162
78 100 114 162
78 101 114 162
76 97 114 162
77 105 114 162
77 118 114 162
73 124 114 162
75 124 114 162
74 124 114 162
86 123 114 162
108 124 114 162
107 124 114 162
109 124 114 162
108 124 114 162
108 124 114 162
108 112 114 162
108 119 114 162
108 124 114 162
109 124 114 162
109 124 114 162
109 124 114 162
109 124 114 162
109 124 114 162
109 124 114 162
109 123 114 162
109 120 114 162
109 116 114 162
110 124 114 162
110 115 114 162
111 105 114 162
113 104 114 162
113 99 114 162
113 96 114 162
113 93 114 162
111 85 114 162
109 78 114 162
105 73 114 162
104 74 114 162
104 74 114 162
104 73 114 162
102 73 114 162
102 72 114 162
102 72 114 162
101 72 114 162
102 72 114 162
101 71 114 162
101 70 114 162
101 70 114 162
101 69 114 162
101 69 114 162
100 69 114 162
100 69 114 162
100 69 114 162
100 69 114 162
100 69 114 162
100 69 114 162
99 69 114 162
99 70 114 162
99 70 114 162
99 70 114 162
99 70 114 162
98 70 114 162
98 70 114 162
98 70 114 162
98 70 114 162
98 70 114 162
98 70 114 162
98 70 114 162
98 69 114 162
99 69 114 162
99 69 114 162
99 69 114 162
99 69 114 162
99 69 114 162
99 69 114 162
99 69 114 162
100 69 114 162
100 69 114 162
100 70 114 162
100 68 114 162
100 68 114 162
101 68 114 162
101 68 114 162
101 69 114 162
101 69 114 162
101 69 114 162
101 69 114 162
101 67 114 162
100 68 114 162
100 69 114 162
99 69 114 162
98 71 114 162
96 73 114 162
98 74 114 162
98 74 114 162
99 77 114 162
98 82 114 162
98 87 114 162
97 93 114 162
95 95 114 162
94 94 114 162
92 90 114 162
89 84 114 162
86 79 114 162
84 75 114 162
82 73 114 162
81 73 114 162
79 73 114 162
77 72 114 162
76 71 114 162
75 70 114 162
75 71 114 162
75 71 114 162
76 73 114 162
76 74 114 162
76 76 114 162
77 79 114 162
77 80 114 162
77 81 114 162
77 80 114 162
77 78 114 162
77 79 114 162
77 79 114 162
77 78 114 162
77 78 114 162
77 78 114 162
77 78 114 162
77 78 114 162
77 77 114 162
77 78 114 162
77 77 114 162
77 77 114 162
77 77 114 162
77 77 114 162
77 77 114 162
77 77 114 162
77 77 114 162
77 77 114 162
77 77 114 162
77 77 114 162
77 77 114 162
78 77 114 162
78 77 114 162
78 75 114 162
79 75 114 162
80 75 114 162
81 74 114 162
82 74 114 162
83 73 114 162
84 73 114 162
86 72 114 162
87 72 114 162
89 72 114 162
90 71 114 162
92 71 114 162
93 70 114 162
94 69 114 162
95 68 114 162
95 68 114 162
96 68 114 162
97 68 114 162
97 68 114 162
97 67 114 162
98 67 114 162
98 66 114 162
98 64 114 162
98 62 114 162
98 61 114 162
98 60 114 162
99 60 114 162
99 60 114 162
99 60 114 162
99 60 114 162
100 60 114 162
100 60 114 162
100 59 114 162
100 59 114 162
100 59 114 162
99 53 114 162
99 52 114 162
98 51 114 162
98 50 114 162
99 51 114 162
98 49 114 162
97 47 114 162
96 45 114 162
96 44 114 162
95 43 114 162
95 43 114 162
95 43 114 162
94 44 114 162
95 44 114 162
96 44 114 162
97 44 114 162
97 44 114 162
100 51 114 162
97 46 114 162
97 47 114 162
101 52 114 162
100 52 114 162
100 52 114 162
99 51 114 162
99 51 114 162
99 51 114 162
99 51 114 162
99 50 114 162
100 50 114 162
100 50 114 162
100 50 114 162
100 50 114 162
100 50 114 162
100 50 114 162
101 51 114 162
101 51 114 162
102 51 114 162
103 51 114 162
104 52 114 162
104 52 114 162
104 51 114 162
106 51 114 162
107 51 114 162
108 51 114 162
108 51 114 162
109 51 114 162
109 51 114 162
110 51 114 162
111 52 114 162
111 52 114 162
112 53 114 162
112 54 114 162
113 55 114 162
114 55 114 162
116 58 114 162
116 57 114 162
118 55 114 162
120 54 114 162
123 54 114 162
124 51 114 162
125 50 114 162
127 51 114 162
128 51 114 162
129 51 114 162
130 50 114 162
131 49 114 162
132 49 114 162
134 51 114 162
135 52 114 162
136 52 114 162
137 51 114 162
138 50 114 162
139 49 114 162
140 49 114 162
140 49 114 162
141 50 114 162
141 49 114 162
141 49 114 162
141 49 114 162
141 49 114 162
141 49 114 162
141 49 114 162
141 49 114 162
141 49 114 162
141 49 114 162
141 49 114 162
141 49 114 162
140 49 114 162
140 49 114 162
140 49 114 162
140 49 114 162
140 49 114 162
140 50 114 162
139 50 114 162
138 50 114 162
138 50 114 162
137 50 114 162
135 50 114 162
134 50 114 162
132 50 114 162
131 50 114 162
130 50 114 162
130 50 114 162
129 50 114 162
128 50 114 162
127 50 114 162
127 49 114 162
126 49 114 162
126 49 114 162
125 49 114 162
124 49 114 162
123 49 114 162
121 49 114 162
119 48 114 162
117 47 114 162
115 47 114 162
113 44 114 162
111 44 114 162
111 43 114 162
112 45 114 162
112 46 114 162
114 49 114 162
114 52 114 162
113 51 114 162
112 52 114 162
113 56 114 162
114 59 114 162
114 60 114 162
115 62 114 162
114 61 114 162
113 59 114 162
113 59 114 162
