24.08318915758459
30.01666203960727
29.516944286290883
29.516944286290883
30.504098085339287
27.004629232781554
25.004999500099974
25.019992006393608
24.50510150968569
24.046829312822098
27.613402542968153
27.04163456597992
26.019223662515376
28.5
27.5
29.017236257093817
28.0178514522438
28.5175384631984
26.575364531836623
32.687918257362305
25.622255950637914
18.110770276274835
24.020824298928627
21.523243250030884
29.567718883945037
24.50510150968569
24.520399670478458
22.360679774997898
17.84656829757475
17.392527130926087
17.585505395068974
17.585505395068974
13.0
14.317821063276353
17.44276354251241
15.811388300841896
14.577379737113251
13.865424623862047
13.285330255586423
17.585505395068974
17.00735135169495
15.508062419270823
16.80773631397161
12.971121771072847
15.337861650177967
17.46424919657298
10.816653826391969
11.704699910719626
12.816005617976296
13.341664064126334
11.10180165558726
11.412712210513327
14.115594213493104
18.439088914585774
19.448650338776723
19.60867155112758
17.613914953808536
17.029386365926403
21.965882636488796
26.30589287593181
27.018512172212592
29.5
34.00367627183861
32.01562118716424
40.01249804748511
39.003204996512785
35.0891721190455
35.67211796347394
35.22782990761707
33.13608305156178
38.118237105091836
36.776351096866584
38.08214804865923
41.608292442733095
39.5790348543266
39.75550276376844
39.702015062210634
39.20459156782532
37.21558813185679
36.66742423459821
26.386549603917523
23.769728648009426
15.508062419270823
11.01135777277262
9.486832980505138
7.566372975210778
10.63014581273465
11.40175425099138
13.82931668593933
11.926860441876563
14.603081866510234
11.597413504743201
16.401219466856727
17.10263137648707
11.672617529928752
15.297058540778355
19.474342094150447
17.08800749063506
13.82931668593933
17.4928556845359
18.607794065928395
19.67866865415443
19.03943276465977
19.209372712298546
19.474342094150447
18.76832437912346
12.619429464123963
13.038404810405298
10.63014581273465
10.124228365658293
12.379418403139947
10.547511554864494
12.349089035228468
7.0710678118654755
8.077747210701755
6.5
5.0990195135927845
4.743416490252569
4.743416490252569
3.0413812651491097
5.522680508593631
6.5
6.0
8.0156097709407
6.519202405202649
5.5
5.5901699437494745
1.0
4.743416490252569
2.692582403567252
2.9154759474226504
6.020797289396148
4.949747468305833
0.5
4.743416490252569
6.519202405202649
10.606601717798213
6.519202405202649
2.9154759474226504
6.103277807866851
5.5
4.031128874149275
8.246211251235321
6.800735254367722
5.0
6.800735254367722
12.349089035228468
6.020797289396148
5.830951894845301
5.385164807134504
6.726812023536855
6.946221994724902
5.0
6.5
7.762087348130012
8.06225774829855
7.211102550927978
7.810249675906654
6.4031242374328485
9.013878188659973
7.826237921249264
8.902246907382429
9.013878188659973
9.7082439194738
10.404326023342406
10.259142264341596
9.899494936611665
7.632168761236874
7.7781745930520225
12.509996003196804
13.583077707206124
18.788294228055936
17.392527130926087
19.912307751739878
24.041630560342615
32.202484376209235
29.77414986191881
31.144823004794873
37.71604433129222
34.60130055359191
36.40054944640259
29.706901555025897
31.89043743820395
30.405591591021544
32.973474187595095
31.12073263919087
32.973474187595095
32.33032632065442
34.20526275297414
36.09016486523718
34.38386249390839
34.29650127928503
33.90058996536786
35.531676008879735
36.43144246389374
35.36240942017385
35.75262228144951
32.190837205639745
32.53459696999488
35.71064267133819
33.24154027718932
32.526911934581186
30.76117683054405
28.692333470807146
30.76117683054405
34.29650127928503
32.71849629796577
26.537709019431198
26.21545345783666
23.430749027719962
27.202941017470888
23.90083680543424
28.42534080710379
26.504716561397142
27.721832551258224
27.97320146139873
24.596747752497688
21.70829334609241
23.58495283014151
23.853720883753127
22.825424421026653
23.119256043393783
19.6468827043885
20.402205763103165
17.507141400011598
18.681541692269406
18.607794065928395
19.03943276465977
18.200274723201296
16.140012391568973
18.553975315279473
11.510864433221338
8.246211251235321
12.776932339180638
8.73212459828649
13.0
15.074813431681335
16.0
14.5
15.041608956491324
15.811388300841896
15.337861650177967
16.446884203398525
14.560219778561036
14.637281168304447
13.0
13.647344063956181
13.536986370680884
13.038404810405298
11.5
13.038404810405298
14.534441853748634
13.152946437965905
13.509256086106296
13.647344063956181
13.647344063956181
12.5
12.539936203984453
13.038404810405298
13.5
11.672617529928752
13.536986370680884
13.0
11.543396380615196
11.884864324004713
13.341664064126334
14.508618128546908
12.36931687685298
12.36931687685298
11.412712210513327
16.32482771731451
13.124404748406688
11.10180165558726
14.983324063771697
17.92344832893492
19.67866865415443
22.627416997969522
24.78911051248108
25.83118270617898
28.42534080710379
27.244265451650556
29.206163733020468
25.612496949731394
29.025850547399983
27.244265451650556
29.832867780352597
27.721832551258224
25.465663156493687
30.92733418838423
29.60152023123137
28.71410803072246
29.702693480558292
27.721832551258224
27.80287754891569
28.50438562747845
27.721832551258224
24.041630560342615
26.40075756488817
28.71410803072246
27.101660465735304
28.50438562747845
29.95413160150032
28.040149785619906
27.244265451650556
28.040149785619906
27.90161285660741
28.040149785619906
24.041630560342615
25.86986664055306
28.90069203323685
27.408940147331492
27.98660393831306
27.244265451650556
24.78911051248108
25.30316185775999
23.200215516240362
26.575364531836623
19.4164878389476
18.062391868188442
19.60229578391266
20.05617112013158
18.527007313648905
16.977926846349646
16.32482771731451
19.03943276465977
18.5
17.10263137648707
18.82153022471871
16.91892431568863
18.200274723201296
19.67866865415443
17.55704986607944
18.200274723201296
16.28649747490233
19.67866865415443
18.179658962697843
21.633307652783937
20.838665984174707
18.117670931993437
19.29378138157474
20.808652046684813
20.940391591371924
17.066048165876012
17.240939649566666
18.867962264113206
20.808652046684813
20.554804791094465
22.983689869122408
17.804493814764857
25.947061490658243
22.638462845343543
24.052026941611388
22.299103120977758
23.926972228010797
22.522211259110417
25.51960031034969
25.544079548889602
23.04886114323222
23.5
20.524375751773793
19.60229578391266
20.006249023742555
21.552262062252307
19.60229578391266
21.0535032714273
18.560711193270585
19.525624189766635
16.507574019219177
14.637281168304447
12.509996003196804
16.5
16.00781059358212
16.53027525481654
16.56804152578089
17.029386365926403
17.00735135169495
15.787653403846944
12.509996003196804
13.583077707206124
13.152946437965905
17.528548142958105
26.119915773217954
20.988091861815356
23.43608329051593
27.65863337187866
24.748737341529164
25.004999500099974
23.264780248263683
27.613402542968153
27.572631357924475
24.58149710656371
26.9675731203236
26.61766330841233
27.789386463180506
24.682990094394967
22.94558781116753
24.351591323771842
26.405491853021786
26.92582403567252
25.16445906432324
22.594247055390007
26.92582403567252
26.196373794859472
28.231188426986208
26.85609800399157
23.430749027719962
14.849242404917497
16.62077013859466
12.175795661885921
10.547511554864494
9.7082439194738
8.0
8.631338250816034
10.44030650891055
10.04987562112089
12.165525060596439
11.661903789690601
10.012492197250394
12.5
11.180339887498949
12.36931687685298
12.257650672131263
10.793516572461451
10.012492197250394
10.51189802081432
13.0
13.0862523283024
11.180339887498949
11.10180165558726
11.10180165558726
12.509996003196804
13.0862523283024
11.672617529928752
8.514693182963201
9.513148795220223
12.747548783981962
9.055385138137417
13.0862523283024
17.7341478509682
19.78004044485248
19.981241202688086
16.80773631397161
16.1245154965971
21.27204738618265
24.300205760445735
25.811818998280614
26.248809496813376
29.698484809834994
23.03258561256204
22.940139493908923
21.242645786248
23.50531854708632
23.264780248263683
23.119256043393783
21.02379604162864
24.596747752497688
26.40075756488817
24.82438317461282
22.594247055390007
22.588713996153036
22.005681084665387
24.698178070456937
19.525624189766635
21.07723890835799
18.66815470259447
20.8806130178211
24.86463351831271
19.6468827043885
22.299103120977758
23.648467180770936
20.615528128088304
26.65520587052368
21.914607000811127
19.313207915827967
19.4164878389476
30.20761493398643
30.01666203960727
25.80697580112788
26.5
24.698178070456937
28.469281690973517
25.283393759541063
23.71181140275875
24.150569351466643
26.570660511172846
23.717082451262844
24.86463351831271
25.268557536986556
28.02231253840411
30.20761493398643
28.692333470807146
23.769728648009426
28.217902119044926
27.064737205448715
23.04886114323222
26.100766272276374
24.62214450449026
26.61766330841233
25.5
25.632011235952593
22.594247055390007
22.147234590350102
26.61766330841233
30.64718584144391
25.495097567963924
31.48412298286233
29.300170647967224
31.196954979612993
29.436372059070052
23.96351393264352
32.42298567374695
27.35415873317986
33.95585369269929
30.805843601498726
30.700162866017504
30.4138126514911
29.427877939124322
29.920728600754362
29.614185789921695
36.68787265568828
30.319135871591065
30.696090956341656
33.7231374578345
35.11409973215888
31.894356867634123
33.94849039353591
37.107950630558946
35.6931365951495
34.077118422777474
33.380383460949034
33.24530041975858
34.15406271587613
34.785054261852174
34.4746283518764
32.5
31.084562084739105
32.72995569810628
35.302266216207705
32.59601202601324
30.923292192132454
36.68787265568828
33.24154027718932
35.59845502265512
36.003472054789384
34.56153931757091
32.65348373451139
30.20761493398643
33.59315406448165
28.324018076537094
31.32091952673165
34.311076928595526
31.18092365533773
29.261749776799064
28.376927247325423
33.67862823809782
33.88952640566109
32.901367752724205
32.380549717384355
30.923292192132454
34.34020966738555
33.10966626228661
30.083217912982647
32.14420632089086
30.675723300355934
30.84234102658227
32.984845004941285
31.662280397975127
32.25678223257862
35.531676008879735
30.59411708155671
28.50438562747845
29.60152023123137
30.59411708155671
26.68332812825267
28.257742301889582
28.30635970943632
25.079872407968907
28.359301824974466
28.284271247461902
23.021728866442675
26.575364531836623
23.021728866442675
23.005434140654682
23.5
25.317977802344327
23.71181140275875
31.184932259025352
39.96561021678513
36.796738985948195
37.53664875824692
29.295904150580505
33.7231374578345
29.124731758421397
27.518175811634027
26.570660511172846
26.277366686941825
16.77050983124842
20.426698215815495
24.73863375370596
26.570660511172846
25.96150997149434
24.82438317461282
25.298221281347036
20.89258241577618
20.402205763103165
23.16246964380094
21.360009363293827
16.1245154965971
23.879907872519105
18.027756377319946
9.013878188659973
10.0
10.198039027185569
10.977249200050075
11.180339887498949
15.692354826475215
19.6468827043885
26.73013280924732
27.04163456597992
22.5055548698538
24.682990094394967
24.545875417267155
26.043233286210835
30.602287496198713
29.107559155655768
28.53944638566067
30.01666203960727
31.599050618649922
27.613402542968153
28.5175384631984
31.144823004794873
27.504545078950134
30.5
27.115493725912497
34.00367627183861
32.01562118716424
27.54087870784082
29.5
26.504716561397142
27.073972741361768
28.5175384631984
29.516944286290883
30.504098085339287
27.04163456597992
30.504098085339287
27.518175811634027
29.516944286290883
27.5
25.004999500099974
28.609439001839934
29.5
29.0
20.65187642806338
24.046829312822098
27.115493725912497
24.627220712049503
30.066592756745816
29.50423698386386
33.0037876614185
28.53944638566067
31.50396800404673
33.03407331831786
31.00403199585499
31.50396800404673
29.004310024546353
29.50423698386386
29.017236257093817
29.004310024546353
29.516944286290883
28.50438562747845
28.5
31.0
26.0
26.504716561397142
23.13547060251855
22.45551157288562
18.5
17.88854381999832
17.334935823359714
13.729530217745982
10.198039027185569
9.5524865872714
8.74642784226795
17.67766952966369
20.26079958935481
25.894014752448104
29.124731758421397
29.34706118165838
27.04163456597992
24.515301344262525
27.17075633838705
31.894356867634123
26.196373794859472
27.681221071332818
26.100766272276374
27.060118255469618
26.21545345783666
19.448650338776723
18.439088914585774
14.866068747318506
17.414074767267998
15.913830462839549
16.98528775146303
14.866068747318506
17.327723451163457
21.219095173922945
16.401219466856727
17.755280904564703
18.601075237738275
20.506096654409877
17.327723451163457
14.849242404917497
17.92344832893492
17.7341478509682
14.849242404917497
13.892443989449804
13.152946437965905
11.853269591129697
10.920164833920778
11.510864433221338
14.089002803605371
14.773286702694158
11.661903789690601
15.041608956491324
12.619429464123963
11.423659658795863
12.806248474865697
12.747548783981962
12.90348790056394
10.770329614269007
15.0
14.317821063276353
11.629703349613008
10.547511554864494
10.735455276791944
10.307764064044152
13.124404748406688
12.379418403139947
11.661903789690601
12.727922061357855
11.40175425099138
10.0
11.40175425099138
11.01135777277262
12.419742348374221
11.510864433221338
11.335784048754634
12.379418403139947
13.601470508735444
14.159802258506296
12.90348790056394
13.509256086106296
22.20923231451281
19.72308292331602
21.914607000811127
20.670026608594387
20.112185361118765
21.360009363293827
18.35755975068582
28.040149785619906
29.732137494637012
32.59601202601324
30.696090956341656
30.99193443462347
30.99193443462347
33.37663853655727
36.03123644839294
31.599050618649922
32.09750769140807
35.0891721190455
30.76117683054405
30.103986446980738
31.100643080167973
33.737960815674676
33.734255586866
29.920728600754362
26.65520587052368
31.78049716414141
32.55764119219941
25.773047937719745
28.376927247325423
28.64000698323937
28.376927247325423
27.294688127912362
29.614185789921695
29.025850547399983
30.265491900843113
31.400636936215164
28.77933286231632
30.99193443462347
32.38826948140329
31.64253466459348
31.976553910638962
31.894356867634123
32.687918257362305
35.22782990761707
35.92352989337211
31.752952618614856
31.752952618614856
32.06633748964793
33.0037876614185
31.976553910638962
30.907118921051183
30.64718584144391
34.29650127928503
35.28809997718778
32.09750769140807
28.77933286231632
31.32491021535417
32.96209944769902
32.2490309931942
28.71410803072246
27.721832551258224
26.879360111431225
26.504716561397142
33.015148038438355
35.5
39.5
37.5
39.080046059338265
38.05259518088089
40.049968789001575
35.5
35.014282800023196
41.0
47.502631506054485
40.527768258318886
35.531676008879735
35.51408171415952
36.5
42.50294107470682
41.012193308819754
41.57523301197481
39.51265620026069
38.50324661635691
39.5
40.00312487793922
39.003204996512785
40.01249804748511
41.00304866714181
43.502873468312416
46.502688094345686
47.5
46.52418725781247
46.52418725781247
47.502631506054485
44.50280890011326
43.02615483633182
43.51149273467873
43.0
42.5
41.548164821084455
36.513696060519536
41.00304866714181
40.0
37.662979170532964
35.05709628591621
34.03307215048327
33.514922049737784
35.58791929854849
36.08670115153226
36.28015986734347
37.16517186829626
36.50342449688796
37.08436328157732
38.616706229299254
33.63406011768428
35.174564673923115
36.05551275463989
31.100643080167973
33.68233958619858
36.345563690772494
35.7246413557925
33.015148038438355
30.907118921051183
31.016124838541646
27.55449146690971
27.789386463180506
25.347583711273153
27.202941017470888
22.14158982548453
24.19194080680589
20.89258241577618
26.879360111431225
22.321514285549714
23.58495283014151
19.5
18.601075237738275
16.224980739587952
19.60867155112758
19.60867155112758
0.0
