116 93 114 162
116 99 114 162
116 98 114 162
115 97 114 162
115 97 114 162
115 97 114 162
115 97 114 162
115 97 114 162
115 97 114 162
114 98 114 162
114 100 114 162
113 101 114 162
112 101 114 162
111 106 114 162
109 107 114 162
107 108 114 162
104 109 114 162
101 110 114 162
99 111 114 162
96 116 114 162
92 109 114 162
90 101 114 162
88 110 114 162
88 105 114 162
88 113 114 162
89 112 114 162
91 109 114 162
92 105 114 162
93 101 114 162
94 97 114 162
94 94 114 162
95 93 114 162
95 91 114 162
95 91 114 162
96 92 114 162
96 91 114 162
97 92 114 162
98 92 114 162
99 91 114 162
101 91 114 162
102 91 114 162
104 91 114 162
106 91 114 162
108 91 114 162
110 91 114 162
112 91 114 162
115 91 114 162
117 91 114 162
119 91 114 162
121 91 114 162
123 91 114 162
124 92 114 162
126 93 114 162
128 94 114 162
129 96 114 162
130 98 114 162
130 99 114 162
131 101 114 162
131 104 114 162
132 108 114 162
131 112 114 162
130 113 114 162
129 118 114 162
130 121 114 162
132 124 114 162
132 124 114 162
134 124 114 162
135 124 114 162
137 124 114 162
138 124 114 162
138 124 114 162
139 123 114 162
139 123 114 162
139 123 114 162
139 122 114 162
139 124 114 162
139 124 114 162
138 122 114 162
136 121 114 162
135 118 114 162
134 108 114 162
134 102 114 162
133 99 114 162
136 83 114 162
135 83 114 162
134 82 114 162
133 81 114 162
132 80 114 162
130 82 114 162
129 82 114 162
128 83 114 162
126 83 114 162
124 82 114 162
121 80 114 162
120 81 114 162
118 81 114 162
117 81 114 162
116 81 114 162
115 81 114 162
114 81 114 162
113 81 114 162
113 81 114 162
113 81 114 162
113 81 114 162
112 80 114 162
112 80 114 162
112 80 114 162
112 81 114 162
112 81 114 162
112 81 114 162
112 81 114 162
112 81 114 162
112 81 114 162
112 81 114 162
112 82 114 162
111 82 114 162
111 82 114 162
111 82 114 162
111 82 114 162
111 82 114 162
111 82 114 162
111 82 114 162
111 82 114 162
111 82 114 162
110 82 114 162
110 82 114 162
110 82 114 162
110 82 114 162
110 82 114 162
110 82 114 162
110 82 114 162
110 83 114 162
109 82 114 162
109 81 114 162
108 82 114 162
108 81 114 162
107 81 114 162
106 81 114 162
105 81 114 162
104 81 114 162
102 83 114 162
101 83 114 162
101 83 114 162
100 83 114 162
101 85 114 162
100 87 114 162
101 93 114 162
103 83 114 162
102 84 114 162
102 84 114 162
101 83 114 162
101 83 114 162
101 82 114 162
100 82 114 162
100 81 114 162
99 81 114 162
99 81 114 162
99 81 114 162
98 81 114 162
98 81 114 162
98 81 114 162
98 81 114 162
98 81 114 162
98 82 114 162
98 82 114 162
99 81 114 162
100 83 114 162
101 83 114 162
101 84 114 162
94 79 114 162
92 77 114 162
90 71 114 162
90 75 114 162
90 72 114 162
91 72 114 162
89 68 114 162
88 67 114 162
87 66 114 162
86 64 114 162
86 66 114 162
86 67 114 162
86 74 114 162
86 75 114 162
86 76 114 162
86 76 114 162
86 76 114 162
87 76 114 162
86 76 114 162
86 76 114 162
86 76 114 162
86 76 114 162
86 76 114 162
87 76 114 162
87 76 114 162
87 77 114 162
87 77 114 162
88 77 114 162
87 77 114 162
87 77 114 162
87 77 114 162
87 77 114 162
87 77 114 162
87 77 114 162
87 77 114 162
87 77 114 162
86 77 114 162
86 77 114 162
86 77 114 162
87 79 114 162
87 80 114 162
87 81 114 162
87 82 114 162
87 83 114 162
86 84 114 162
86 84 114 162
86 85 114 162
86 85 114 162
86 84 114 162
86 83 114 162
86 82 114 162
86 81 114 162
87 80 114 162
89 79 114 162
88 74 114 162
90 73 114 162
90 68 114 162
90 65 114 162
89 62 114 162
90 66 114 162
93 71 114 162
94 68 114 162
97 70 114 162
100 63 114 162
98 69 114 162
98 60 114 162
94 61 114 162
92 68 114 162
92 64 114 162
92 63 114 162
93 64 114 162
93 65 114 162
94 65 114 162
95 66 114 162
96 67 114 162
97 69 114 162
97 70 114 162
98 71 114 162
99 73 114 162
99 73 114 162
100 74 114 162
100 75 114 162
101 76 114 162
101 77 114 162
101 78 114 162
101 79 114 162
101 80 114 162
101 81 114 162
101 82 114 162
100 82 114 162
100 84 114 162
100 84 114 162
100 86 114 162
100 86 114 162
100 86 114 162
100 88 114 162
100 88 114 162
99 88 114 162
99 88 114 162
99 84 114 162
101 82 114 162
97 91 114 162
98 88 114 162
98 85 114 162
96 79 114 162
92 76 114 162
91 73 114 162
90 71 114 162
88 70 114 162
87 71 114 162
86 70 114 162
85 70 114 162
85 70 114 162
84 71 114 162
82 71 114 162
84 72 114 162
83 69 114 162
83 69 114 162
81 71 114 162
81 70 114 162
81 69 114 162
81 69 114 162
81 69 114 162
80 69 114 162
80 70 114 162
80 70 114 162
80 70 114 162
80 70 114 162
80 70 114 162
80 70 114 162
