16.650825805346713
18.398369492974098
13.200378782444085
13.793114224133722
22.74313083108832
34.713109915419565
62.757469674931926
393.8076941858805
13.509256086106296
19.300259065618782
18.117670931993437
19.241881404893856
22.38861317723811
21.224985276791124
19.5
21.73131381210073
19.90602923739438
18.034688796871432
15.116216457830975
17.44276354251241
11.236102527122116
31.212978070027216
84.72307831990054
338.54135641011425
343.06595575778135
334.9406663873469
318.82009033309055
293.8196725884773
149.20623311376772
285.5906160923359
16.32482771731451
18.179658962697843
15.572411502397436
13.901438774457844
13.865424623862047
15.532224567009067
23.717082451262844
21.639085008382402
45.721985958617324
46.486557196677836
506.20475106423095
15.239750654128171
25.71478174124758
23.926972228010797
21.224985276791124
16.55294535724685
17.46424919657298
18.117670931993437
13.124404748406688
17.46424919657298
15.402921800749363
20.22992832414391
22.47220505424423
436.26052995887676
436.95537529592195
437.25050028559144
444.738687320993
457.02762498562385
450.40981339220394
449.9013780819081
431.1522352951449
403.5879705838617
392.9735996221629
390.6536189516232
390.04262587568553
386.3275812053807
385.77843381920667
33.61547262794322
22.5
19.448650338776723
