307 25 132 75
313 48 132 75
316 76 132 75
324 109 132 75
333 143 132 75
288 171 132 75
317 200 132 75
0 0 0 0 
308 98 132 75 
298 77 132 75 
273 54 132 75 
250 46 132 75 
231 39 132 75 
215 32 132 75
205 33 132 75
202 40 132 75
202 53 132 75
210 72 132 75
217 94 132 75
230 117 132 75
239 139 132 75
212 149 132 75
261 186 132 75
0 0 0 0
0 0 0 0
0 0 0 0
0 0 0 0
0 0 0 0
325 118 132 75
0 0 0 0 
234 26 132 75
245 35 132 75
258 51 132 75
272 70 132 75
299 97 132 75
323 132 132 75
351 161 132 75
371 182 132 75
376 217 132 75
411 204 132 75
0 0 0 0 
420 133 132 75
405 120 132 75
367 112 132 75
345 108 132 75
329 102 132 75
322 99 132 75
313 96 132 75
307 97 132 75
312 101 132 75
317 115 132 75
333 131 132 75
343 153 132 75
0 0 0 0
0 0 0 0
0 0 0 0
0 0 0 0
0 0 0 0
0 0 0 0
0 0 0 0
0 0 0 0
0 0 0 0
0 0 0 0
0 0 0 0
0 0 0 0
0 0 0 0
0 0 0 0
310 43 132 75
348 40 132 75
359 59 132 75