307 20 95 65
312 44 95 65
316 68 95 65
322 92 95 65
327 116 95 65
324 140 95 65
317 147 95 65
313 124 95 65
311 100 95 65
302 77 95 65
286 58 95 65
264 47 95 65
241 38 95 65
221 32 95 65
210 33 95 65
206 39 95 65
206 52 95 65
212 70 95 65
219 93 95 65
228 116 95 65
241 135 95 65
251 136 95 65
258 113 95 65
267 90 95 65
276 67 95 65
281 47 95 65
280 31 95 65
262 23 95 65
254 18 95 65
251 17 95 65
256 24 95 65
265 34 95 65
280 48 95 65
291 70 95 65
304 91 95 65
320 110 95 65
336 129 95 65
355 145 95 65
376 158 95 65
400 164 95 65
411 142 95 65
414 124 95 65
396 107 95 65
374 109 95 65
350 105 95 65
336 99 95 65
327 95 95 65
319 93 95 65
315 93 95 65
315 99 95 65
320 111 95 65
332 127 95 65
338 148 95 65
343 162 95 65
346 160 95 65
352 141 95 65
368 122 95 65
381 101 95 65
390 78 95 65
396 54 95 65
387 31 95 65
369 14 95 65
354 3 95 65
355 1 95 65
353 1 95 65
350 3 95 65
345 11 95 65
348 24 95 65
358 40 95 65
364 60 95 65
