150 145 32 73
151 145 32 73
151 146 32 73
151 145 32 73
151 145 32 73
151 146 32 73
151 146 32 73
151 146 32 73
150 146 32 73
151 146 32 73
151 146 32 73
151 146 32 73
151 146 32 73
152 146 32 73
151 146 32 73
152 146 32 73
152 145 32 73
152 146 32 73
152 146 32 73
152 146 32 73
151 145 32 73
152 145 32 73
152 146 32 73
153 146 32 73
153 146 32 73
153 146 32 73
154 146 32 73
154 146 32 73
154 146 32 73
155 147 32 73
155 147 32 73
154 147 32 73
154 147 32 73
154 147 32 73
153 147 32 73
153 148 32 73
152 148 32 73
152 149 32 73
151 149 32 73
150 149 32 73
151 149 32 73
150 149 32 73
150 148 32 73
150 148 32 73
150 148 32 73
150 148 32 73
150 148 32 73
150 148 32 73
149 148 32 73
149 149 32 73
148 149 32 73
148 149 32 73
148 148 32 73
148 148 32 73
148 148 32 73
148 149 32 73
148 149 32 73
148 149 32 73
148 149 32 73
148 150 32 73
149 150 32 73
149 150 32 73
150 150 32 73
150 150 32 73
150 150 32 73
150 150 32 73
150 150 32 73
150 150 32 73
150 150 32 73
150 150 32 73
150 150 32 73
150 150 32 73
150 149 32 73
150 149 32 73
150 149 32 73
150 149 32 73
149 149 32 73
150 149 32 73
149 149 32 73
149 149 32 73
149 149 32 73
150 149 32 73
150 148 32 73
151 148 32 73
151 149 32 73
152 149 32 73
152 148 32 73
152 148 32 73
153 148 32 73
153 149 32 73
153 149 32 73
153 150 32 73
153 150 32 73
154 151 32 73
154 151 32 73
154 151 32 73
155 152 32 73
155 152 32 73
155 152 32 73
156 152 32 73
156 152 32 73
156 151 32 73
156 151 32 73
156 151 32 73
156 151 32 73
156 151 32 73
156 151 32 73
156 150 32 73
156 150 32 73
157 150 32 73
157 151 32 73
157 151 32 73
157 151 32 73
157 150 32 73
158 151 32 73
158 151 32 73
159 150 32 73
159 150 32 73
159 150 32 73
159 150 32 73
159 150 32 73
159 150 32 73
159 150 32 73
158 150 32 73
158 150 32 73
158 150 32 73
158 149 32 73
158 149 32 73
158 149 32 73
157 149 32 73
157 149 32 73
157 149 32 73
156 149 32 73
157 148 32 73
157 148 32 73
157 147 32 73
157 147 32 73
157 147 32 73
157 147 32 73
156 147 32 73
157 147 32 73
156 147 32 73
156 147 32 73
156 147 32 73
155 147 32 73
155 147 32 73
154 148 32 73
154 147 32 73
153 147 32 73
153 147 32 73
153 147 32 73
153 147 32 73
153 147 32 73
152 147 32 73
152 147 32 73
152 147 32 73
152 147 32 73
151 147 32 73
151 147 32 73
150 147 32 73
150 147 32 73
150 147 32 73
150 147 32 73
149 147 32 73
149 148 32 73
149 148 32 73
149 148 32 73
150 148 32 73
150 148 32 73
150 147 32 73
149 148 32 73
149 148 32 73
149 148 32 73
149 148 32 73
149 147 32 73
149 147 32 73
149 147 32 73
149 147 32 73
149 146 32 73
149 146 32 73
149 146 32 73
149 147 32 73
149 147 32 73
150 146 32 73
151 146 32 73
152 146 32 73
154 146 32 73
156 145 32 73
158 145 32 73
161 144 32 73
164 143 32 73
167 143 32 73
170 142 32 73
173 141 32 73
175 139 32 73
177 139 32 73
178 138 32 73
177 137 32 73
176 136 32 73
176 135 32 73
174 134 32 73
171 133 32 73
168 133 32 73
164 132 32 73
159 131 32 73
154 131 32 73
149 129 32 73
143 129 32 73
139 131 32 73
135 131 32 73
130 131 32 73
125 131 32 73
122 131 32 73
119 131 32 73
117 133 32 73
115 135 32 73
114 137 32 73
113 139 32 73
112 140 32 73
111 142 32 73
111 144 32 73
110 146 32 73
111 148 32 73
112 150 32 73
113 151 32 73
114 153 32 73
115 155 32 73
116 155 32 73
118 156 32 73
118 157 32 73
118 158 32 73
119 159 32 73
118 159 32 73
116 159 32 73
115 160 32 73
114 159 32 73
113 159 32 73
111 158 32 73
110 159 32 73
108 159 32 73
106 159 32 73
104 158 32 73
101 158 32 73
98 157 32 73
94 156 32 73
91 155 32 73
87 154 32 73
84 153 32 73
81 152 32 73
78 151 32 73
74 149 32 73
71 148 32 73
69 149 32 73
66 145 32 73
64 144 32 73
61 144 32 73
60 143 32 73
59 141 32 73
58 141 32 73
57 140 32 73
57 140 32 73
57 140 32 73
58 139 32 73
59 139 32 73
67 143 32 73
70 143 32 73
73 143 32 73
77 144 32 73
81 144 32 73
86 145 32 73
91 146 32 73
95 144 32 73
101 144 32 73
106 145 32 73
104 145 32 73
109 145 32 73
115 144 32 73
120 145 32 73
124 145 32 73
128 145 32 73
132 146 32 73
134 146 32 73
138 147 32 73
140 148 32 73
143 148 32 73
146 149 32 73
148 149 32 73
151 150 32 73
153 149 32 73
154 148 32 73
155 149 32 73
156 150 32 73
157 150 32 73
157 151 32 73
158 152 32 73
158 153 32 73
158 154 32 73
158 156 32 73
157 157 32 73
156 158 32 73
156 159 32 73
155 159 32 73
154 162 32 73
152 161 32 73
150 162 32 73
146 163 32 73
143 164 32 73
140 165 32 73
138 166 32 73
133 167 32 73
130 168 32 73
127 169 32 73
125 168 32 73
124 166 32 73
120 166 32 73
116 165 32 73
113 165 32 73
109 165 32 73
105 165 32 73
103 164 32 73
98 164 32 73
94 163 32 73
92 162 32 73
89 160 32 73
84 160 32 73
80 160 32 73
78 158 32 73
73 157 32 73
70 155 32 73
69 154 32 73
67 153 32 73
66 152 32 73
65 150 32 73
65 149 32 73
65 147 32 73
66 146 32 73
68 145 32 73
70 143 32 73
73 142 32 73
76 141 32 73
79 140 32 73
82 139 32 73
86 138 32 73
91 137 32 73
96 136 32 73
102 135 32 73
107 135 32 73
112 134 32 73
119 133 32 73
125 133 32 73
131 132 32 73
137 132 32 73
143 132 32 73
150 133 32 73
156 133 32 73
162 133 32 73
169 133 32 73
176 133 32 73
185 147 32 73
188 150 32 73
196 126 32 73
203 126 32 73
207 129 32 73
212 131 32 73
218 133 32 73
220 134 32 73
227 136 32 73
228 137 32 73
229 139 32 73
231 138 32 73
231 140 32 73
230 144 32 73
230 145 32 73
230 144 32 73
227 149 32 73
225 148 32 73
225 150 32 73
218 149 32 73
213 150 32 73
207 151 32 73
203 152 32 73
196 154 32 73
191 155 32 73
186 156 32 73
179 157 32 73
171 159 32 73
166 159 32 73
160 159 32 73
153 159 32 73
146 159 32 73
138 158 32 73
131 159 32 73
124 158 32 73
118 157 32 73
113 155 32 73
107 154 32 73
106 153 32 73
100 149 32 73
97 147 32 73
93 143 32 73
89 140 32 73
86 136 32 73
85 132 32 73
81 129 32 73
85 124 32 73
87 122 32 73
90 117 32 73
93 115 32 73
98 110 32 73
102 107 32 73
108 104 32 73
114 103 32 73
119 99 32 73
124 96 32 73
131 94 32 73
135 90 32 73
138 87 32 73
140 84 32 73
147 81 32 73
149 79 32 73
151 76 32 73
154 74 32 73
156 70 32 73
158 67 32 73
160 65 32 73
161 61 32 73
160 59 32 73
160 56 32 73
159 53 32 73
157 51 32 73
155 49 32 73
153 48 32 73
148 46 32 73
146 46 32 73
142 46 32 73
139 47 32 73
136 47 32 73
133 49 32 73
129 50 32 73
127 52 32 73
124 55 32 73
120 58 32 73
121 56 32 73
131 77 32 73
129 80 32 73
125 84 32 73
123 88 32 73
122 91 32 73
106 83 32 73
103 87 32 73
102 92 32 73
102 96 32 73
100 100 32 73
100 103 32 73
99 107 32 73
100 111 32 73
99 116 32 73
100 121 32 73
99 126 32 73
99 129 32 73
101 132 32 73
103 136 32 73
106 139 32 73
108 141 32 73
110 142 32 73
111 143 32 73
112 145 32 73
113 147 32 73
113 149 32 73
115 151 32 73
116 152 32 73
116 153 32 73
116 154 32 73
117 155 32 73
115 156 32 73
116 157 32 73
115 158 32 73
115 158 32 73
115 158 32 73
115 159 32 73
114 159 32 73
115 160 32 73
115 160 32 73
114 160 32 73
113 159 32 73
114 159 32 73
114 158 32 73
113 157 32 73
115 157 32 73
112 157 32 73
109 156 32 73
112 155 32 73
111 154 32 73
112 155 32 73
112 154 32 73
111 152 32 73
111 151 32 73
109 150 32 73
109 150 32 73
108 149 32 73
102 147 32 73
106 146 32 73
106 143 32 73
105 141 32 73
104 139 32 73
104 137 32 73
101 136 32 73
102 133 32 73
101 130 32 73
100 127 32 73
101 125 32 73
102 122 32 73
103 119 32 73
109 119 32 73
114 118 32 73
119 117 32 73
126 119 32 73
132 117 32 73
139 121 32 73
146 121 32 73
154 126 32 73
162 128 32 73
169 131 32 73
177 131 32 73
184 131 32 73
189 131 32 73
194 133 32 73
196 132 32 73
199 131 32 73
200 136 32 73
201 137 32 73
202 139 32 73
202 141 32 73
202 143 32 73
201 143 32 73
200 145 32 73
199 147 32 73
197 149 32 73
194 151 32 73
191 154 32 73
187 157 32 73
184 159 32 73
180 162 32 73
176 163 32 73
173 166 32 73
171 169 32 73
168 172 32 73
166 171 32 73
164 171 32 73
161 175 32 73
157 179 32 73
154 181 32 73
155 180 32 73
155 181 32 73
154 181 32 73
152 183 32 73
149 183 32 73
145 181 32 73
137 179 32 73
133 178 32 73
130 178 32 73
128 179 32 73
126 181 32 73
124 180 32 73
123 179 32 73
122 179 32 73
122 179 32 73
123 179 32 73
124 179 32 73
127 179 32 73
129 179 32 73
131 178 32 73
133 180 32 73
135 182 32 73
137 184 32 73
138 186 32 73
141 187 32 73
143 188 32 73
147 188 32 73
149 189 32 73
153 189 32 73
155 189 32 73
159 188 32 73
164 187 32 73
170 186 32 73
173 187 32 73
178 187 32 73
183 185 32 73
187 183 32 73
185 181 32 73
186 178 32 73
182 175 32 73
194 171 32 73
195 169 32 73
195 168 32 73
194 166 32 73
187 165 32 73
187 163 32 73
187 161 32 73
186 161 32 73
185 160 32 73
188 159 32 73
180 158 32 73
178 158 32 73
174 158 32 73
173 159 32 73
167 159 32 73
165 160 32 73
164 161 32 73
156 161 32 73
158 163 32 73
150 164 32 73
148 165 32 73
149 167 32 73
146 169 32 73
148 172 32 73
152 175 32 73
151 177 32 73
153 180 32 73
155 183 32 73
159 185 32 73
160 186 32 73
160 187 32 73
162 188 32 73
163 188 32 73
165 188 32 73
167 188 32 73
169 188 32 73
171 188 32 73
173 188 32 73
176 188 32 73
179 188 32 73
182 187 32 73
184 186 32 73
186 185 32 73
189 184 32 73
192 183 32 73
200 183 32 73
201 182 32 73
203 181 32 73
204 180 32 73
208 178 32 73
209 176 32 73
214 174 32 73
215 174 32 73
218 173 32 73
223 171 32 73
228 168 32 73
228 166 32 73
230 165 32 73
231 165 32 73
230 165 32 73
233 164 32 73
229 164 32 73
230 163 32 73
234 162 32 73
232 162 32 73
238 161 32 73
242 160 32 73
243 159 32 73
240 158 32 73
245 156 32 73
245 155 32 73
245 154 32 73
247 153 32 73
244 153 32 73
247 152 32 73
248 150 32 73
248 149 32 73
247 148 32 73
246 147 32 73
242 146 32 73
240 145 32 73
238 144 32 73
234 143 32 73
231 141 32 73
228 140 32 73
225 139 32 73
220 138 32 73
217 136 32 73
212 135 32 73
206 134 32 73
200 134 32 73
196 133 32 73
190 133 32 73
185 132 32 73
180 126 32 73
175 126 32 73
170 125 32 73
165 125 32 73
161 125 32 73
156 124 32 73
151 125 32 73
147 124 32 73
141 124 32 73
138 124 32 73
134 124 32 73
132 123 32 73
131 124 32 73
127 124 32 73
126 125 32 73
124 126 32 73
123 128 32 73
122 127 32 73
122 129 32 73
123 133 32 73
123 135 32 73
123 136 32 73
125 138 32 73
126 140 32 73
128 141 32 73
131 144 32 73
134 147 32 73
135 149 32 73
139 152 32 73
143 155 32 73
145 157 32 73
147 159 32 73
149 161 32 73
151 162 32 73
155 165 32 73
156 165 32 73
160 163 32 73
161 162 32 73
163 160 32 73
167 159 32 73
170 156 32 73
172 153 32 73
174 149 32 73
176 145 32 73
178 141 32 73
180 137 32 73
182 132 32 73
183 127 32 73
185 121 32 73
186 116 32 73
187 111 32 73
187 106 32 73
187 100 32 73
188 94 32 73
187 89 32 73
187 83 32 73
185 77 32 73
183 72 32 73
180 67 32 73
179 63 32 73
176 59 32 73
174 56 32 73
170 53 32 73
166 52 32 73
162 51 32 73
158 50 32 73
154 50 32 73
150 51 32 73
145 53 32 73
140 54 32 73
136 55 32 73
131 57 32 73
127 59 32 73
122 61 32 73
118 65 32 73
115 68 32 73
115 73 32 73
112 76 32 73
115 87 32 73
109 86 32 73
114 98 32 73
109 97 32 73
109 102 32 73
109 108 32 73
109 114 32 73
110 120 32 73
111 125 32 73
113 132 32 73
114 136 32 73
116 141 32 73
117 145 32 73
118 149 32 73
120 153 32 73
122 157 32 73
125 161 32 73
128 165 32 73
131 169 32 73
135 173 32 73
138 176 32 73
141 178 32 73
144 181 32 73
147 183 32 73
151 185 32 73
154 187 32 73
158 188 32 73
161 189 32 73
165 189 32 73
169 188 32 73
172 187 32 73
177 185 32 73
181 184 32 73
183 183 32 73
186 182 32 73
189 179 32 73
192 177 32 73
195 175 32 73
196 173 32 73
196 168 32 73
199 164 32 73
199 160 32 73
199 158 32 73
199 156 32 73
199 154 32 73
200 150 32 73
201 146 32 73
201 141 32 73
201 136 32 73
201 131 32 73
200 127 32 73
199 124 32 73
197 120 32 73
193 116 32 73
190 113 32 73
187 110 32 73
184 109 32 73
181 107 32 73
178 107 32 73
174 108 32 73
172 110 32 73
170 113 32 73
168 117 32 73
167 123 32 73
166 130 32 73
164 138 32 73
163 143 32 73
162 144 32 73
162 140 32 73
162 135 32 73
162 128 32 73
164 118 32 73
163 114 32 73
163 102 32 73
163 98 32 73
161 98 32 73
158 98 32 73
155 100 32 73
152 105 32 73
149 110 32 73
145 120 32 73
143 126 32 73
141 129 32 73
141 136 32 73
141 133 32 73
140 134 32 73
141 132 32 73
141 129 32 73
141 124 32 73
140 118 32 73
139 112 32 73
140 108 32 73
140 106 32 73
139 98 32 73
139 102 32 73
138 101 32 73
138 109 32 73
139 111 32 73
140 120 32 73
141 124 32 73
144 128 32 73
147 135 32 73
150 139 32 73
154 140 32 73
157 139 32 73
161 134 32 73
165 127 32 73
168 120 32 73
172 112 32 73
175 104 32 73
177 95 32 73
179 90 32 73
181 85 32 73
181 81 32 73
180 79 32 73
179 75 32 73
178 78 32 73
177 88 32 73
176 91 32 73
177 94 32 73
178 99 32 73
178 105 32 73
180 110 32 73
183 106 32 73
184 110 32 73
187 101 32 73
188 92 32 73
190 88 32 73
190 92 32 73
189 79 32 73
187 83 32 73
187 70 32 73
185 72 32 73
180 78 32 73
179 80 32 73
178 89 32 73
177 115 32 73
179 107 32 73
180 113 32 73
181 116 32 73
183 117 32 73
185 114 32 73
187 107 32 73
188 99 32 73
189 91 32 73
189 83 32 73
187 76 32 73
184 71 32 73
181 67 32 73
179 65 32 73
176 65 32 73
175 66 32 73
176 74 32 73
176 80 32 73
176 85 32 73
174 92 32 73
179 96 32 73
177 100 32 73
179 103 32 73
180 106 32 73
184 110 32 73
186 110 32 73
189 112 32 73
192 110 32 73
197 108 32 73
203 107 32 73
210 103 32 73
217 98 32 73
229 94 32 73
237 89 32 73
241 85 32 73
248 82 32 73
255 81 32 73
259 84 32 73
261 85 32 73
262 85 32 73
260 87 32 73
258 90 32 73
255 93 32 73
250 97 32 73
245 100 32 73
239 104 32 73
231 107 32 73
224 111 32 73
216 115 32 73
207 120 32 73
201 123 32 73
192 128 32 73
186 132 32 73
180 138 32 73
174 142 32 73
171 145 32 73
167 151 32 73
164 155 32 73
164 159 32 73
164 162 32 73
164 166 32 73
165 169 32 73
167 172 32 73
170 173 32 73
173 174 32 73
175 175 32 73
178 175 32 73
181 174 32 73
184 172 32 73
188 170 32 73
191 168 32 73
193 165 32 73
195 163 32 73
198 160 32 73
201 152 32 73
202 151 32 73
202 148 32 73
203 144 32 73
202 139 32 73
201 136 32 73
198 132 32 73
194 127 32 73
192 123 32 73
188 119 32 73
183 117 32 73
180 113 32 73
176 111 32 73
172 110 32 73
168 110 32 73
165 110 32 73
162 111 32 73
160 113 32 73
158 114 32 73
157 115 32 73
159 116 32 73
157 118 32 73
159 120 32 73
160 122 32 73
161 119 32 73
163 125 32 73
165 127 32 73
166 124 32 73
168 125 32 73
170 128 32 73
174 129 32 73
178 130 32 73
182 131 32 73
187 132 32 73
191 133 32 73
197 133 32 73
203 133 32 73
207 133 32 73
213 134 32 73
219 134 32 73
224 134 32 73
230 133 32 73
233 136 32 73
240 133 32 73
242 134 32 73
243 129 32 73
242 131 32 73
242 130 32 73
245 128 32 73
244 128 32 73
242 128 32 73
235 129 32 73
234 128 32 73
227 129 32 73
225 130 32 73
219 130 32 73
213 129 32 73
205 132 32 73
204 133 32 73
199 131 32 73
189 127 32 73
183 127 32 73
177 127 32 73
171 128 32 73
165 128 32 73
158 129 32 73
152 130 32 73
149 133 32 73
145 136 32 73
140 136 32 73
136 138 32 73
132 140 32 73
128 141 32 73
125 143 32 73
121 145 32 73
119 147 32 73
116 149 32 73
114 151 32 73
113 153 32 73
112 155 32 73
112 157 32 73
113 158 32 73
114 160 32 73
115 162 32 73
116 164 32 73
117 164 32 73
120 166 32 73
123 167 32 73
127 169 32 73
131 170 32 73
136 171 32 73
142 172 32 73
147 174 32 73
152 176 32 73
157 176 32 73
162 176 32 73
167 177 32 73
172 177 32 73
177 176 32 73
183 176 32 73
188 175 32 73
193 174 32 73
198 173 32 73
205 172 32 73
210 172 32 73
216 171 32 73
222 168 32 73
228 166 32 73
233 165 32 73
239 163 32 73
245 163 32 73
250 161 32 73
255 158 32 73
264 161 32 73
264 155 32 73
265 153 32 73
265 154 32 73
270 149 32 73
274 147 32 73
276 147 32 73
277 146 32 73
278 143 32 73
278 142 32 73
277 141 32 73
278 142 32 73
277 140 32 73
274 139 32 73
274 137 32 73
267 131 32 73
264 130 32 73
262 130 32 73
256 130 32 73
254 129 32 73
248 130 32 73
246 134 32 73
242 132 32 73
235 131 32 73
231 131 32 73
227 132 32 73
224 132 32 73
220 132 32 73
215 131 32 73
208 135 32 73
202 134 32 73
198 133 32 73
193 134 32 73
187 134 32 73
181 134 32 73
176 134 32 73
171 135 32 73
167 136 32 73
162 137 32 73
158 138 32 73
154 138 32 73
151 140 32 73
149 141 32 73
145 143 32 73
143 144 32 73
140 146 32 73
138 148 32 73
137 149 32 73
136 151 32 73
135 153 32 73
135 156 32 73
135 158 32 73
136 161 32 73
136 163 32 73
138 164 32 73
139 166 32 73
142 167 32 73
147 170 32 73
150 171 32 73
146 169 32 73
150 170 32 73
155 171 32 73
160 171 32 73
164 170 32 73
168 172 32 73
172 171 32 73
176 171 32 73
179 171 32 73
183 170 32 73
185 170 32 73
189 168 32 73
192 167 32 73
195 165 32 73
198 163 32 73
201 161 32 73
203 159 32 73
206 156 32 73
208 153 32 73
210 150 32 73
211 148 32 73
213 144 32 73
215 140 32 73
216 136 32 73
217 131 32 73
218 126 32 73
218 122 32 73
218 117 32 73
217 112 32 73
217 108 32 73
216 102 32 73
214 97 32 73
213 93 32 73
211 87 32 73
209 83 32 73
207 79 32 73
210 75 32 73
206 72 32 73
201 68 32 73
196 66 32 73
191 64 32 73
185 64 32 73
179 65 32 73
173 66 32 73
167 67 32 73
161 70 32 73
154 74 32 73
148 79 32 73
143 84 32 73
137 90 32 73
133 96 32 73
128 102 32 73
124 109 32 73
121 114 32 73
118 120 32 73
116 126 32 73
115 132 32 73
113 138 32 73
113 143 32 73
113 148 32 73
113 153 32 73
116 157 32 73
118 160 32 73
120 163 32 73
123 166 32 73
126 169 32 73
123 171 32 73
126 173 32 73
130 174 32 73
133 175 32 73
137 177 32 73
141 177 32 73
144 178 32 73
147 179 32 73
150 180 32 73
153 181 32 73
156 182 32 73
159 183 32 73
162 184 32 73
164 185 32 73
166 186 32 73
168 186 32 73
169 186 32 73
170 186 32 73
170 186 32 73
170 185 32 73
170 184 32 73
170 183 32 73
169 181 32 73
169 178 32 73
168 176 32 73
169 173 32 73
168 170 32 73
168 166 32 73
168 161 32 73
168 157 32 73
170 152 32 73
171 147 32 73
172 141 32 73
172 136 32 73
174 131 32 73
175 125 32 73
176 121 32 73
177 116 32 73
177 112 32 73
179 108 32 73
179 105 32 73
180 102 32 73
180 100 32 73
180 98 32 73
181 97 32 73
182 97 32 73
182 97 32 73
183 98 32 73
183 98 32 73
182 99 32 73
182 100 32 73
182 101 32 73
181 103 32 73
181 104 32 73
180 105 32 73
180 106 32 73
178 108 32 73
177 110 32 73
176 112 32 73
175 114 32 73
172 118 32 73
171 120 32 73
170 122 32 73
169 124 32 73
168 127 32 73
166 129 32 73
164 132 32 73
163 134 32 73
164 135 32 73
163 138 32 73
162 139 32 73
162 142 32 73
162 144 32 73
162 147 32 73
162 149 32 73
162 151 32 73
163 153 32 73
163 156 32 73
165 158 32 73
165 160 32 73
165 162 32 73
167 163 32 73
169 164 32 73
170 165 32 73
170 166 32 73
171 166 32 73
172 165 32 73
174 165 32 73
175 165 32 73
177 164 32 73
179 163 32 73
182 163 32 73
185 162 32 73
187 160 32 73
190 159 32 73
195 157 32 73
198 155 32 73
202 154 32 73
208 152 32 73
210 149 32 73
212 147 32 73
216 146 32 73
219 146 32 73
222 145 32 73
225 144 32 73
228 143 32 73
233 142 32 73
235 142 32 73
238 142 32 73
241 142 32 73
245 142 32 73
245 141 32 73
247 141 32 73
251 140 32 73
253 140 32 73
254 139 32 73
256 138 32 73
255 138 32 73
253 139 32 73
249 140 32 73
249 139 32 73
247 140 32 73
245 140 32 73
244 140 32 73
242 140 32 73
240 140 32 73
238 140 32 73
238 140 32 73
236 140 32 73
232 142 32 73
229 143 32 73
224 144 32 73
220 146 32 73
218 147 32 73
215 148 32 73
212 148 32 73
207 149 32 73
201 150 32 73
198 150 32 73
193 151 32 73
190 151 32 73
187 151 32 73
183 152 32 73
183 152 32 73
178 154 32 73
175 155 32 73
173 155 32 73
170 155 32 73
167 155 32 73
166 155 32 73
164 155 32 73
161 155 32 73
158 155 32 73
155 155 32 73
152 154 32 73
150 154 32 73
149 155 32 73
146 155 32 73
145 155 32 73
144 155 32 73
142 154 32 73
142 154 32 73
141 154 32 73
140 155 32 73
138 155 32 73
137 155 32 73
137 154 32 73
137 153 32 73
138 153 32 73
139 152 32 73
140 151 32 73
145 150 32 73
148 149 32 73
151 149 32 73
154 149 32 73
158 149 32 73
162 149 32 73
168 149 32 73
174 149 32 73
179 148 32 73
184 146 32 73
188 144 32 73
193 143 32 73
198 142 32 73
203 141 32 73
207 140 32 73
213 139 32 73
218 138 32 73
224 138 32 73
227 137 32 73
231 136 32 73
236 136 32 73
240 135 32 73
246 135 32 73
242 134 32 73
245 134 32 73
255 136 32 73
253 135 32 73
255 135 32 73
258 135 32 73
257 135 32 73
259 135 32 73
260 134 32 73
260 133 32 73
259 131 32 73
258 128 32 73
256 125 32 73
257 123 32 73
255 122 32 73
245 120 32 73
245 120 32 73
238 120 32 73
234 120 32 73
228 120 32 73
222 120 32 73
217 120 32 73
212 120 32 73
203 120 32 73
198 120 32 73
192 121 32 73
186 122 32 73
180 122 32 73
174 122 32 73
166 122 32 73
159 123 32 73
153 125 32 73
152 124 32 73
147 125 32 73
146 120 32 73
141 124 32 73
136 126 32 73
131 127 32 73
126 127 32 73
122 127 32 73
119 128 32 73
117 128 32 73
114 133 32 73
112 134 32 73
112 135 32 73
111 136 32 73
113 137 32 73
114 138 32 73
117 137 32 73
119 138 32 73
122 142 32 73
125 142 32 73
127 144 32 73
129 146 32 73
130 148 32 73
130 151 32 73
130 153 32 73
128 155 32 73
126 156 32 73
122 157 32 73
120 159 32 73
117 160 32 73
114 161 32 73
111 161 32 73
110 161 32 73
109 160 32 73
109 161 32 73
109 161 32 73
110 162 32 73
111 163 32 73
113 163 32 73
116 164 32 73
119 165 32 73
123 168 32 73
128 170 32 73
134 170 32 73
138 173 32 73
144 176 32 73
150 177 32 73
155 178 32 73
160 179 32 73
167 176 32 73
172 177 32 73
178 177 32 73
184 176 32 73
190 176 32 73
195 176 32 73
202 174 32 73
206 173 32 73
210 172 32 73
217 170 32 73
220 167 32 73
227 164 32 73
231 161 32 73
236 158 32 73
241 156 32 73
245 153 32 73
250 151 32 73
251 147 32 73
254 144 32 73
256 141 32 73
259 139 32 73
261 136 32 73
260 134 32 73
259 131 32 73
257 129 32 73
253 127 32 73
250 125 32 73
248 122 32 73
245 120 32 73
240 119 32 73
236 119 32 73
231 119 32 73
226 119 32 73
219 120 32 73
213 121 32 73
208 123 32 73
202 124 32 73
196 126 32 73
191 128 32 73
186 131 32 73
182 134 32 73
179 137 32 73
177 141 32 73
177 144 32 73
177 148 32 73
177 152 32 73
179 156 32 73
180 160 32 73
182 164 32 73
184 167 32 73
187 170 32 73
191 173 32 73
194 175 32 73
198 176 32 73
201 178 32 73
204 178 32 73
206 177 32 73
208 176 32 73
208 173 32 73
210 169 32 73
210 165 32 73
210 162 32 73
210 156 32 73
210 151 32 73
211 146 32 73
211 141 32 73
212 136 32 73
211 130 32 73
211 125 32 73
210 120 32 73
208 116 32 73
207 111 32 73
205 107 32 73
204 102 32 73
201 99 32 73
200 96 32 73
198 91 32 73
194 90 32 73
190 86 32 73
186 85 32 73
179 83 32 73
174 82 32 73
168 80 32 73
162 79 32 73
154 73 32 73
148 66 32 73
142 67 32 73
135 67 32 73
129 68 32 73
122 68 32 73
116 70 32 73
109 72 32 73
103 73 32 73
97 75 32 73
91 78 32 73
85 80 32 73
80 84 32 73
75 87 32 73
72 92 32 73
70 96 32 73
68 100 32 73
68 104 32 73
69 108 32 73
71 112 32 73
75 116 32 73
81 120 32 73
87 125 32 73
95 129 32 73
103 133 32 73
111 137 32 73
120 141 32 73
131 144 32 73
141 148 32 73
152 151 32 73
163 152 32 73
174 157 32 73
184 158 32 73
195 159 32 73
204 161 32 73
215 164 32 73
225 165 32 73
234 166 32 73
244 168 32 73
251 168 32 73
254 168 32 73
255 168 32 73
255 167 32 73
254 167 32 73
251 166 32 73
247 166 32 73
242 165 32 73
236 165 32 73
229 163 32 73
223 162 32 73
215 161 32 73
208 160 32 73
201 159 32 73
194 161 32 73
185 160 32 73
178 160 32 73
172 160 32 73
166 161 32 73
161 162 32 73
157 164 32 73
152 166 32 73
151 170 32 73
148 174 32 73
150 178 32 73
152 183 32 73
153 188 32 73
157 192 32 73
150 227 32 73
166 201 32 73
168 205 32 73
173 209 32 73
177 213 32 73
183 215 32 73
191 217 32 73
198 217 32 73
202 216 32 73
211 213 32 73
214 211 32 73
224 208 32 73
227 205 32 73
230 203 32 73
235 199 32 73
240 196 32 73
243 192 32 73
246 189 32 73
250 182 32 73
251 181 32 73
252 177 32 73
253 173 32 73
253 169 32 73
253 165 32 73
254 161 32 73
254 156 32 73
253 154 32 73
254 150 32 73
254 147 32 73
254 142 32 73
254 140 32 73
256 136 32 73
254 132 32 73
251 130 32 73
249 126 32 73
246 123 32 73
243 120 32 73
239 117 32 73
235 115 32 73
231 113 32 73
226 112 32 73
220 109 32 73
215 108 32 73
213 104 32 73
207 105 32 73
201 105 32 73
195 105 32 73
194 105 32 73
189 105 32 73
184 106 32 73
180 108 32 73
177 110 32 73
173 113 32 73
170 116 32 73
168 120 32 73
166 124 32 73
163 128 32 73
162 132 32 73
162 136 32 73
161 139 32 73
161 143 32 73
160 146 32 73
160 149 32 73
159 152 32 73
159 154 32 73
159 156 32 73
159 158 32 73
159 160 32 73
160 163 32 73
160 166 32 73
161 170 32 73
161 173 32 73
163 177 32 73
165 182 32 73
168 184 32 73
172 191 32 73
175 194 32 73
178 197 32 73
181 200 32 73
182 201 32 73
186 202 32 73
191 203 32 73
195 203 32 73
200 202 32 73
204 199 32 73
208 196 32 73
211 191 32 73
213 185 32 73
215 178 32 73
214 171 32 73
213 163 32 73
212 155 32 73
210 147 32 73
206 140 32 73
202 134 32 73
197 128 32 73
200 123 32 73
192 118 32 73
187 114 32 73
180 112 32 73
173 111 32 73
165 110 32 73
157 111 32 73
149 112 32 73
141 113 32 73
134 115 32 73
127 117 32 73
121 120 32 73
116 123 32 73
111 126 32 73
108 129 32 73
104 132 32 73
103 136 32 73
102 138 32 73
101 141 32 73
102 144 32 73
103 146 32 73
103 149 32 73
105 151 32 73
108 153 32 73
111 155 32 73
114 156 32 73
118 157 32 73
122 159 32 73
127 160 32 73
133 161 32 73
137 162 32 73
142 163 32 73
147 164 32 73
151 165 32 73
157 163 32 73
164 165 32 73
171 167 32 73
176 168 32 73
178 170 32 73
185 172 32 73
195 173 32 73
199 175 32 73
206 174 32 73
212 172 32 73
217 172 32 73
223 171 32 73
229 170 32 73
233 169 32 73
237 167 32 73
242 166 32 73
244 165 32 73
246 164 32 73
256 164 32 73
258 162 32 73
259 161 32 73
248 159 32 73
249 158 32 73
250 156 32 73
250 156 32 73
249 155 32 73
248 153 32 73
249 153 32 73
246 151 32 73
245 149 32 73
244 148 32 73
245 146 32 73
245 146 32 73
245 145 32 73
243 144 32 73
242 143 32 73
239 141 32 73
237 140 32 73
235 140 32 73
233 139 32 73
230 138 32 73
227 137 32 73
222 136 32 73
219 136 32 73
218 131 32 73
213 130 32 73
210 129 32 73
205 129 32 73
201 129 32 73
196 130 32 73
191 130 32 73
185 134 32 73
182 131 32 73
178 132 32 73
174 132 32 73
168 133 32 73
163 134 32 73
159 135 32 73
156 137 32 73
153 138 32 73
150 138 32 73
148 140 32 73
146 141 32 73
144 142 32 73
143 144 32 73
140 146 32 73
138 149 32 73
137 153 32 73
136 160 32 73
136 164 32 73
137 169 32 73
138 173 32 73
140 178 32 73
143 181 32 73
146 184 32 73
149 186 32 73
153 189 32 73
156 190 32 73
160 190 32 73
164 190 32 73
169 189 32 73
172 187 32 73
177 185 32 73
181 182 32 73
187 179 32 73
192 175 32 73
193 169 32 73
198 164 32 73
202 160 32 73
205 155 32 73
206 151 32 73
207 148 32 73
207 144 32 73
207 140 32 73
206 136 32 73
205 132 32 73
203 129 32 73
201 126 32 73
198 124 32 73
193 123 32 73
188 123 32 73
182 123 32 73
175 124 32 73
165 124 32 73
158 124 32 73
150 124 32 73
142 125 32 73
135 125 32 73
127 125 32 73
119 125 32 73
111 125 32 73
105 120 32 73
97 119 32 73
92 119 32 73
87 117 32 73
83 116 32 73
79 114 32 73
76 112 32 73
76 110 32 73
73 109 32 73
75 107 32 73
78 106 32 73
83 105 32 73
89 104 32 73
95 103 32 73
103 102 32 73
111 102 32 73
119 103 32 73
128 103 32 73
139 104 32 73
149 106 32 73
161 113 32 73
171 110 32 73
182 112 32 73
194 115 32 73
202 122 32 73
208 121 32 73
213 123 32 73
215 127 32 73
216 131 32 73
215 134 32 73
213 137 32 73
209 140 32 73
205 142 32 73
200 144 32 73
195 144 32 73
189 143 32 73
183 143 32 73
177 141 32 73
171 139 32 73
164 137 32 73
157 134 32 73
151 131 32 73
145 128 32 73
141 124 32 73
138 120 32 73
136 115 32 73
134 110 32 73
134 106 32 73
133 102 32 73
132 97 32 73
132 94 32 73
131 97 32 73
132 95 32 73
147 85 32 73
147 82 32 73
149 79 32 73
152 77 32 73
156 74 32 73
160 72 32 73
165 70 32 73
170 70 32 73
175 70 32 73
181 69 32 73
188 69 32 73
193 72 32 73
186 71 32 73
194 73 32 73
201 74 32 73
207 77 32 73
217 79 32 73
223 82 32 73
229 86 32 73
236 90 32 73
239 94 32 73
248 105 32 73
251 107 32 73
252 111 32 73
252 114 32 73
252 117 32 73
249 120 32 73
245 120 32 73
238 124 32 73
232 127 32 73
225 129 32 73
217 131 32 73
210 133 32 73
202 134 32 73
193 136 32 73
186 137 32 73
178 138 32 73
171 139 32 73
164 141 32 73
157 141 32 73
150 142 32 73
143 142 32 73
138 143 32 73
132 143 32 73
128 143 32 73
123 142 32 73
119 142 32 73
117 142 32 73
116 142 32 73
114 142 32 73
114 142 32 73
116 143 32 73
117 143 32 73
120 144 32 73
122 146 32 73
127 146 32 73
132 147 32 73
136 147 32 73
142 147 32 73
149 147 32 73
154 148 32 73
158 148 32 73
165 147 32 73
171 146 32 73
177 145 32 73
181 145 32 73
187 144 32 73
193 143 32 73
199 142 32 73
205 140 32 73
211 139 32 73
215 138 32 73
218 137 32 73
224 135 32 73
226 133 32 73
228 132 32 73
229 130 32 73
228 129 32 73
229 127 32 73
227 125 32 73
227 123 32 73
226 122 32 73
225 120 32 73
222 119 32 73
219 117 32 73
215 115 32 73
211 113 32 73
206 112 32 73
202 111 32 73
196 109 32 73
191 108 32 73
185 108 32 73
179 107 32 73
173 107 32 73
166 108 32 73
160 108 32 73
154 109 32 73
148 111 32 73
143 111 32 73
137 113 32 73
132 114 32 73
127 115 32 73
122 118 32 73
117 120 32 73
113 122 32 73
109 123 32 73
106 126 32 73
103 128 32 73
102 130 32 73
101 133 32 73
100 136 32 73
101 139 32 73
103 142 32 73
105 145 32 73
108 147 32 73
111 149 32 73
115 152 32 73
119 154 32 73
124 155 32 73
128 157 32 73
133 158 32 73
138 159 32 73
143 159 32 73
148 159 32 73
153 159 32 73
161 159 32 73
167 159 32 73
174 159 32 73
181 158 32 73
187 158 32 73
195 158 32 73
200 157 32 73
206 156 32 73
210 156 32 73
210 154 32 73
225 154 32 73
231 154 32 73
236 154 32 73
234 152 32 73
238 152 32 73
251 150 32 73
255 150 32 73
251 146 32 73
252 145 32 73
254 143 32 73
256 140 32 73
256 138 32 73
264 137 32 73
263 134 32 73
261 132 32 73
258 129 32 73
256 126 32 73
253 124 32 73
250 122 32 73
244 121 32 73
241 119 32 73
237 118 32 73
231 116 32 73
225 115 32 73
218 114 32 73
211 113 32 73
204 112 32 73
198 111 32 73
191 111 32 73
185 111 32 73
179 111 32 73
173 112 32 73
166 112 32 73
161 113 32 73
156 115 32 73
150 118 32 73
145 120 32 73
142 122 32 73
136 125 32 73
132 128 32 73
130 129 32 73
128 133 32 73
127 135 32 73
127 137 32 73
127 139 32 73
128 142 32 73
130 143 32 73
132 145 32 73
134 147 32 73
138 148 32 73
141 149 32 73
144 149 32 73
146 149 32 73
149 149 32 73
152 148 32 73
155 147 32 73
157 146 32 73
161 144 32 73
166 142 32 73
171 140 32 73
176 138 32 73
181 135 32 73
185 132 32 73
190 128 32 73
195 123 32 73
199 119 32 73
204 114 32 73
207 110 32 73
210 107 32 73
214 101 32 73
218 96 32 73
221 92 32 73
224 85 32 73
227 80 32 73
228 76 32 73
230 71 32 73
232 64 32 73
231 59 32 73
231 53 32 73
230 49 32 73
228 45 32 73
226 42 32 73
223 40 32 73
220 38 32 73
217 37 32 73
212 37 32 73
207 38 32 73
201 40 32 73
195 41 32 73
189 44 32 73
183 48 32 73
176 52 32 73
169 57 32 73
162 61 32 73
155 65 32 73
149 70 32 73
144 74 32 73
139 79 32 73
135 82 32 73
131 87 32 73
126 92 32 73
121 98 32 73
117 104 32 73
115 109 32 73
111 115 32 73
107 121 32 73
104 126 32 73
100 133 32 73
98 139 32 73
96 145 32 73
96 150 32 73
96 155 32 73
97 160 32 73
99 164 32 73
102 168 32 73
106 171 32 73
111 174 32 73
116 176 32 73
121 177 32 73
126 178 32 73
131 179 32 73
136 179 32 73
140 179 32 73
146 180 32 73
149 179 32 73
156 179 32 73
160 178 32 73
163 177 32 73
167 176 32 73
170 175 32 73
174 173 32 73
178 170 32 73
181 169 32 73
185 167 32 73
187 165 32 73
190 164 32 73
193 162 32 73
196 160 32 73
197 159 32 73
198 157 32 73
198 155 32 73
203 153 32 73
202 151 32 73
200 149 32 73
197 147 32 73
195 145 32 73
189 144 32 73
184 142 32 73
179 140 32 73
174 138 32 73
168 137 32 73
161 136 32 73
154 135 32 73
148 134 32 73
142 134 32 73
136 134 32 73
129 135 32 73
124 135 32 73
119 135 32 73
115 137 32 73
111 137 32 73
106 138 32 73
103 139 32 73
99 140 32 73
96 141 32 73
92 142 32 73
89 144 32 73
87 145 32 73
84 147 32 73
82 149 32 73
80 151 32 73
78 153 32 73
76 156 32 73
76 157 32 73
76 159 32 73
76 161 32 73
77 163 32 73
79 164 32 73
80 166 32 73
83 167 32 73
87 168 32 73
90 169 32 73
95 170 32 73
104 170 32 73
109 171 32 73
113 174 32 73
118 174 32 73
124 174 32 73
130 174 32 73
136 174 32 73
142 174 32 73
148 173 32 73
156 170 32 73
161 171 32 73
169 170 32 73
175 172 32 73
181 173 32 73
187 173 32 73
191 173 32 73
201 174 32 73
203 174 32 73
209 174 32 73
217 174 32 73
219 174 32 73
225 173 32 73
232 172 32 73
237 170 32 73
242 169 32 73
247 167 32 73
253 163 32 73
259 160 32 73
270 159 32 73
269 154 32 73
272 151 32 73
276 148 32 73
279 146 32 73
287 143 32 73
287 140 32 73
287 138 32 73
286 135 32 73
287 131 32 73
284 129 32 73
284 126 32 73
282 124 32 73
279 122 32 73
276 120 32 73
272 118 32 73
267 116 32 73
263 114 32 73
258 113 32 73
254 112 32 73
248 111 32 73
243 110 32 73
237 109 32 73
230 109 32 73
223 110 32 73
215 111 32 73
207 112 32 73
199 114 32 73
190 116 32 73
182 118 32 73
173 121 32 73
164 124 32 73
156 128 32 73
149 131 32 73
142 134 32 73
135 138 32 73
130 142 32 73
125 146 32 73
121 151 32 73
119 155 32 73
117 159 32 73
117 163 32 73
118 166 32 73
121 170 32 73
125 173 32 73
131 176 32 73
138 178 32 73
146 179 32 73
154 180 32 73
161 180 32 73
169 180 32 73
179 177 32 73
187 175 32 73
199 173 32 73
210 170 32 73
217 168 32 73
230 164 32 73
240 161 32 73
250 158 32 73
260 156 32 73
270 153 32 73
279 152 32 73
287 150 32 73
295 148 32 73
303 146 32 73
311 144 32 73
320 145 32 73
327 145 32 73
335 145 32 73
341 143 32 73
348 142 32 73
355 141 32 73
361 141 32 73
367 141 32 73
368 139 32 73
368 141 32 73
368 140 32 73
368 140 32 73
364 136 32 73
365 133 32 73
363 133 32 73
368 132 32 73
364 132 32 73
359 132 32 73
354 132 32 73
347 132 32 73
340 132 32 73
333 132 32 73
325 132 32 73
317 133 32 73
310 133 32 73
299 134 32 73
291 135 32 73
281 135 32 73
273 136 32 73
264 137 32 73
254 138 32 73
246 138 32 73
238 139 32 73
227 140 32 73
219 141 32 73
210 142 32 73
204 143 32 73
197 144 32 73
191 145 32 73
186 147 32 73
179 149 32 73
174 151 32 73
168 154 32 73
163 157 32 73
159 160 32 73
155 163 32 73
152 167 32 73
149 172 32 73
146 177 32 73
143 183 32 73
141 188 32 73
141 194 32 73
147 198 32 73
158 161 32 73
158 124 32 73
159 128 32 73
159 128 32 73
159 128 32 73
159 128 32 73
159 128 32 73
159 128 32 73
159 128 32 73
159 128 32 73
159 128 32 73
159 128 32 73
159 128 32 73
160 128 32 73
160 129 32 73
160 129 32 73
160 129 32 73
160 128 32 73
160 129 32 73
160 129 32 73
160 129 32 73
160 129 32 73
160 129 32 73
160 130 32 73
160 129 32 73
160 129 32 73
160 130 32 73
160 130 32 73
160 130 32 73
160 130 32 73
160 129 32 73
160 129 32 73
160 130 32 73
160 130 32 73
159 130 32 73
159 130 32 73
159 130 32 73
159 131 32 73
159 131 32 73
159 131 32 73
