11.280514172678478
11.280514172678478
11.280514172678478
8.139410298049853
9.7082439194738
8.73212459828649
335.80537518032673
84.88963423174822
341.20118698503967
149.10147551248446
157.6745064999412
162.80433040923697
182.4260123995479
344.29529476889456
344.29529476889456
114.82704385291821
345.44355544719605
344.55224567545633
152.99428093886385
346.38454064810685
351.07869488193097
356.06354769900275
358.71611338215627
136.6244853604214
364.9592442999629
160.02890363931135
372.6945800518167
59.7013400184619
73.85289432378396
382.21885092182464
12.816005617976296
22.299103120977758
31.894356867634123
390.7931038286116
395.03449216492476
397.9400080414132
400.0828039293866
404.3714257956415
407.9856002360868
412.90343907504575
419.29017398455693
23.753947040439407
421.5640520727544
420.22166769456334
418.8845306286686
417.47245418111123
417.47245418111123
416.72802881495744
414.57237003929725
22.89650628371062
44.263416045307665
49.489897959078476
29.34706118165838
37.72598573927526
33.01893396219811
32.882366094914765
40.91760012512953
405.6935419747275
404.2081765625233
404.1562197962565
404.1376621895069
399.16193455789346
396.3372932238398
392.8336161786565
11.715374513859981
10.404326023342406
36.77295201639379
36.58209944768069
9.5
15.435349040433131
15.20690632574555
6.800735254367722
357.7209107670392
352.2715571828075
345.6041811089675
130.0086535581382
176.216486175386
339.6604922566061
332.6819051286078
333.7937237276938
330.52420486251833
323.9355645803653
320.4547549967078
316.1585836253699
310.3969233094942
309.90200063891166
307.072059946847
303.79639563365464
304.1566208386725
303.23464511826484
300.5715389054659
292.9270386973521
293.82009801917906
290.24860034115585
296.18786268177837
301.23288333115295
292.5222213781374
285.7800727832506
286.2712874180713
286.7372490626218
307.207177650523
286.3236804736905
284.73364746724263
286.0948269368043
282.6132516355169
284.6159693341187
284.26264263881035
286.3236804736905
289.8038129493813
291.4090767289173
291.91308638017586
292.19043447724295
292.22636773569906
290.22620488164057
292.2143904738437
295.01059303014864
294.8257960219899
297.2847961130875
298.22181342081603
301.5298492686918
304.738002224862
307.4447104765343
307.1469517999487
190.00328944520933
200.84633429565002
306.63863096485414
305.19051426936585
306.5554599089698
311.4967897105843
312.1926488564393
313.60205675345946
315.03214121736846
316.48736151701223
315.1400482325279
315.2320573799562
94.59519015256537
96.9961339435753
314.0800057310239
126.14773085553303
316.90416532447153
3.2015621187164243
5.024937810560445
12.257650672131263
25.401771591761076
26.23451924468981
8.0156097709407
321.30865223333154
320.0332014026045
321.5793059262365
21.0535032714273
7.826237921249264
15.976545308670458
10.307764064044152
333.4325269076189
330.95807891634854
335.3434806284446
337.1116283962925
335.7100683625679
338.7037791345116
338.7037791345116
338.100946464218
339.10212326082535
340.33108879442676
340.198838916302
33.094561486745825
343.39372446216896
343.65425939452575
45.002777692049186
346.4105223575058
354.73687431672505
355.00880270776383
13.756816492197604
358.8916967554418
360.5596344573252
359.46244588273754
357.53356485790255
356.69489763662165
356.15060016796264
356.69489763662165
355.5689103394727
157.61424428014112
354.4732006795436
356.4046155705619
36.98986347636336
353.14904785373557
353.6866551059002
353.99329089687564
353.14904785373557
21.982947936980608
357.78939335871877
358.33957358907486
359.72524237256414
360.2780176474829
360.2780176474829
360.2780176474829
360.0017361069249
360.2780176474829
12.010412149464313
16.00781059358212
17.066048165876012
360.5596344573252
359.17440053545016
9.12414379544733
6.5
6.18465843842649
5.220153254455275
4.272001872658765
1.8027756377319946
3.2015621187164243
4.272001872658765
3.0413812651491097
6.5
7.826237921249264
10.594810050208546
10.594810050208546
10.062305898749054
10.062305898749054
10.594810050208546
10.062305898749054
6.5
21.982947936980608
8.5
18.062391868188442
364.30790548655403
20.006249023742555
21.1482859825566
16.070158679988197
17.356554957709783
20.303940504246953
13.238202294873727
28.00446392988089
7.826237921249264
20.155644370746373
17.066048165876012
19.525624189766635
3.905124837953327
6.800735254367722
6.800735254367722
41.14911906711977
5.220153254455275
22.051077071199945
20.006249023742555
16.00781059358212
14.221462653327892
16.070158679988197
18.062391868188442
30.103986446980738
2.692582403567252
4.716990566028302
3.2015621187164243
15.008331019803634
15.041608956491324
15.041608956491324
15.041608956491324
15.20690632574555
14.430869689661812
11.543396380615196
11.543396380615196
16.3783393541592
11.926860441876563
21.70829334609241
326.16138643315827
324.92499134415624
325.58447444557305
324.1731790262729
10.965856099730654
12.5
11.280514172678478
16.00781059358212
26.004807247891687
6.103277807866851
48.58240422210494
49.02295380737476
10.307764064044152
8.139410298049853
34.03307215048327
30.103986446980738
42.358588267315994
94.1235889668472
312.7079308236361
63.452738317585634
80.68612024381889
86.03632953584201
87.07037383634
89.6172416446746
98.79397754924133
78.54457333259886
72.27205545714055
85.5818321841733
77.0730173277263
80.42543130129921
84.78944509784222
76.29711659034042
77.11841544015282
81.56745674593515
82.6513762740827
86.5520074868284
88.76513955376852
92.12627204006466
91.90348197973785
96.10020811631992
100.11618250812403
102.5
102.39750973534464
123.74671712817273
136.45970101095782
137.02280832036686
145.13528172019372
97.40251536793082
101.00123761617974
131.93274801958762
144.4896190042731
126.949793225511
129.81236458827794
149.15176834352317
149.06793753185156
151.22582451420126
139.32426206515504
142.90293908803974
141.7400790178981
160.86718123967984
140.77730640980457
131.50380222639953
158.4179598404171
156.16737815561865
152.21448682697715
151.0670380989844
141.74360655775624
149.80403866384913
133.87400793283214
141.74360655775624
129.56562043999173
141.08596670115708
140.20074892809953
147.81491805633152
154.2311576822271
136.89503278059433
155.82121164976223
155.59643312107124
140.72402069298616
154.94273135581417
144.6383420812061
135.30059127734808
135.65857879249657
312.21346863964726
313.0706789209108
248.00453624883556
313.0706789209108
162.35532020848592
311.1868409814271
192.30509613632188
314.1038840893248
12.093386622447824
16.070158679988197
310.67708315870357
14.430869689661812
23.43608329051593
29.516944286290883
31.00403199585499
35.0891721190455
27.004629232781554
13.009611831257688
43.00290687848904
44.02556075736003
42.0267771783657
48.00260409602796
42.00297608503474
14.534441853748634
311.1868409814271
313.92873395087616
314.7876268216399
315.6473506937766
314.4427610869743
314.95912433203137
317.1880357138333
318.56121860640854
318.56121860640854
318.56121860640854
176.10011357179755
189.07207620375885
320.1253660677329
320.4547549967078
138.10955796033815
169.3406330447598
169.6651113222751
325.4324046557134
169.98897023042406
325.9559019253985
45.002777692049186
42.07433897282285
43.00290687848904
42.07433897282285
4.6097722286464435
325.9559019253985
325.9559019253985
325.9559019253985
77.13138142157186
75.73803535872844
324.2194472884068
27.060118255469618
325.7656366162644
46.31684358848301
325.63207765820613
8.5
323.08861013660015
80.70470866064755
90.7041895394033
90.9024202098052
84.62416912442922
82.11729415902596
85.25989678623826
85.24230170519799
83.45208205910743
84.43488615495374
84.43488615495374
329.0900332735709
329.35429251795097
327.70604205598653
330.740457156363
119.21094748386156
119.94269465040378
330.740457156363
34.29650127928503
7.826237921249264
6.946221994724902
332.40976219118477
115.1140738571961
117.58082326638133
110.52262211873187
114.65709746893124
114.65709746893124
339.1625716378504
8.73212459828649
1.8027756377319946
1.118033988749895
33.185087012090236
29.34706118165838
3.5
4.6097722286464435
9.12414379544733
346.4105223575058
135.94576124322523
348.06069872940265
132.66970264532893
135.8869015026835
125.90174740645978
129.27200006188502
126.41696879770532
126.18339827409943
119.58783382936576
117.81871667948178
131.4277367985921
117.7295629822858
112.25083518620251
107.38365797457264
101.55909609680464
98.18477478713285
90.31195934094221
92.31061694084815
79.73863555391452
73.20006830597906
60.82146002851296
58.36308764964376
58.25160941982633
70.67708256570867
63.908137197073735
61.58936596523786
48.31407662369219
76.27745407392672
72.46550903705845
57.19484242482009
63.7671545546765
64.34477445760456
55.625983137379244
79.55658363705672
83.48203399534538
77.09247693517183
82.31190679361036
95.0486717424289
106.52347159194541
116.9241206937217
140.0723027582541
150.93790113818332
150.39032548671474
165.74151561995563
175.04070955066425
171.14978819735651
185.17086703906747
175.7448434520911
189.3970696711013
188.59016411255388
189.66879026344844
199.9531195055481
203.27628981265866
209.4451002052805
212.08312049760113
216.0700118017306
219.0005707755119
223.1395303392028
222.4011016159767
226.77356547887146
226.21726282492236
224.5022271604449
222.87945172222584
225.64186225078006
229.5087144315004
454.39327679885406
159.23017930028215
162.69987707432358
167.50298504802834
175.52563915280297
181.5688574618456
190.62856554042472
197.8642211214549
206.7927706666749
215.73189379412585
224.82048394218887
231.9854521300851
260.27149286850454
265.4510312656555
272.50733935070446
274.38886639220624
269.9745358362525
277.85292872309265
284.1359709716459
294.4796257808
302.50165288804624
428.8452518100206
304.0481047466009
299.4098361777716
304.5591075637043
424.3892670650378
235.4893840494726
423.01447965761173
252.2523538046771
234.0902603697984
233.94924663268313
234.07958048492824
237.23458854054144
244.0414923737355
420.5653932505622
417.27119478823363
416.6548331652952
418.65051056937693
418.57645657633446
243.44660605561953
228.2131678935289
232.6182494990451
416.86238736542305
416.5804244080607
244.76570429698683
414.9159553451759
410.20269379905346
410.75570598593026
407.98314916182505
404.93116699014416
403.54460719974935
304.68877563835525
403.54460719974935
401.88089031453086
404.65571786396396
402.9965880748868
404.119103730571
399.95155956690553
401.1374452728142
309.9229743016803
309.9229743016803
395.65294135138186
394.0218902548436
390.65489885575477
389.8387487154144
387.05070727231595
294.00382650571066
291.081174245261
382.7940046552454
381.72142984118665
381.97153035272146
289.21315668551455
382.2266997476759
279.9147191556743
276.0547952852839
268.2950800890691
248.38931136423724
241.41509894784957
386.234708435169
271.56260788260226
258.7687191296506
379.84240152989764
271.46869064405934
273.16158221829073
376.407027033237
375.27623159480805
376.3698314158562
143.3221894892762
375.2549133589059
377.7581898516563
379.14673940309706
133.6347634412543
131.50380222639953
126.93009887335627
123.75883806823657
121.33115840541538
137.87403671467663
388.7547427363427
390.6625781924857
73.05648499620003
114.04494727957044
397.9864947457388
400.8805931945322
402.77319920769304
402.5931569214757
402.93702981979703
137.74342089551863
404.65571786396396
407.09243422102554
407.9574119929677
407.82624976820705
407.7073092305312
404.6038185682384
110.39587854625734
101.37184027134951
93.8735852090459
91.25376704553078
86.3958911060011
389.0003213366282
25.811818998280614
15.532224567009067
17.18284027743958
10.111874208078342
21.02974084481309
15.041608956491324
2.692582403567252
22.14158982548453
18.062391868188442
18.006943105369107
11.10180165558726
14.080127840328723
16.00781059358212
16.194134740701646
4.031128874149275
3.2015621187164243
7.158910531638177
4.924428900898052
46.20876540224809
72.46550903705845
55.9933031710043
5.024937810560445
4.031128874149275
410.17221992719107
3.905124837953327
33.67862823809782
17.356554957709783
18.33712082089225
2.5
15.074813431681335
6.726812023536855
4.031128874149275
17.066048165876012
17.066048165876012
437.1856013182502
114.42137038158562
79.5062890594197
38.421998906876254
40.635575546557725
47.077064479425644
45.12482686947397
49.73178058344583
87.77385715576136
99.91621490028533
116.77435506137466
117.60633486339076
115.5692433132622
122.93189171244377
451.7977976927289
30.103986446980738
9.12414379544733
25.004999500099974
35.04639781775011
6.800735254367722
8.139410298049853
3.5
39.53795644693843
5.408326913195984
20.5
20.05617112013158
6.020797289396148
8.845903006477066
3.640054944640259
15.074813431681335
17.269916039170543
6.946221994724902
5.408326913195984
28.359301824974466
30.335622624235025
28.111385593741193
28.217902119044926
22.005681084665387
15.008331019803634
441.8667785656668
19.059118552545918
16.194134740701646
7.158910531638177
18.200274723201296
8.0156097709407
19.525624189766635
18.172781845386247
32.09750769140807
18.553975315279473
19.78004044485248
7.433034373659253
5.220153254455275
17.867568385205637
14.115594213493104
23.43608329051593
10.307764064044152
435.5447738178016
57.4913036902104
430.5476164142591
26.119915773217954
18.82153022471871
19.13765920900464
10.594810050208546
8.139410298049853
415.3098241072561
