1.0
1.4142135623730951
5.0
396.7294418114189
396.7294418114189
396.2502365929893
394.49493025893247
394.10055823355543
394.10055823355543
393.7108710716533
2.23606797749979
393.7108710716533
53.75872022286245
391.4770108192817
390.9913681911661
390.9913681911661
390.9913681911661
81.21576201698781
88.11923740024082
92.39588735436226
101.9803902718557
105.11898020814318
390.0259606744146
392.6592033812527
392.6592033812527
389.5462103525075
390.42444851725156
389.0003213366282
389.4126988170776
387.6470688654823
389.0003213366282
389.4126988170776
391.1805848965411
390.25152145763633
390.25152145763633
390.25152145763633
390.29636175603787
390.7150496205643
390.7150496205643
392.91379461658
390.25152145763633
389.36518847991533
390.7150496205643
390.25152145763633
390.25152145763633
391.13840261472666
390.25152145763633
390.7150496205643
390.7150496205643
392.91379461658
392.025828230743
392.4554114800814
394.6913350961736
394.6913350961736
396.4709951560139
395.58090196570413
396.0381926026832
396.0381926026832
395.1496551940796
394.7230041434119
394.7230041434119
389.79000756817766
389.36518847991533
388.4420806246409
386.2062272931393
386.2062272931393
386.24377017629683
384.00813793460156
381.8235849184804
381.3544938767603
382.2947161549581
380.94126843911255
381.8235849184804
381.8235849184804
383.17652589896477
383.17652589896477
382.2947161549581
382.2947161549581
383.24306908279505
381.8877452864912
385.00292206683315
384.1227017503652
382.2947161549581
381.4134895359628
383.17652589896477
385.8837260108283
385.8837260108283
385.41179276197556
385.41179276197556
388.59265304429005
388.11886065997874
390.76495492815116
391.1805848965411
390.7150496205643
392.9506966529007
394.7230041434119
397.38551810552934
397.38551810552934
394.6913350961736
396.9587510056933
399.62138331175424
399.62138331175424
399.62138331175424
399.16318718038116
399.16318718038116
400.9691384632987
403.63504555476845
404.52472112344384
404.0696103396047
404.96080057210474
406.3056115782798
409.8734560812642
413.8964242416211
415.23878672397643
415.6852775838952
418.81648725903807
421.50474493177416
426.4202739082653
427.3315457580917
425.0955774881691
424.197182923225
428.21285594900115
429.56751506602546
430.905151976627
429.1098344247076
427.3315457580917
430.905151976627
430.0072673804479
432.24327640808946
432.24327640808946
436.7152962743577
436.7152962743577
439.4101159509189
441.64606870207734
441.20885077251114
442.10886668330915
444.34474228913746
445.68065921688816
448.81649925108593
451.5188257426262
453.7248615625994
452.3883840241701
456.42441871573874
460.43267694636967
463.13200062185297
464.0325958378355
464.0325958378355
468.5416203497828
469.9204719949962
471.7300605219048
471.7300605219048
471.7300605219048
471.30589854148866
470.88347815568983
473.118642625716
472.2787841942511
472.2787841942511
470.46280405575106
470.46280405575106
471.30589854148866
474.0255794785762
474.0255794785762
474.0255794785762
476.2606954179612
478.9835592168065
487.9982069639191
491.557982337791
157.8131806916013
181.8378398463862
168.5852899869974
507.5797966822557
236.00847442411893
509.6677839534298
511.50879757830165
516.116508164581
518.5009643192576
519.5895014335837
518.2858767128428
516.6074428422417
517.5347814398565
518.462390149951
519.3902675252974
521.6188742750784
521.2468225322817
522.3679258913204
264.14011433328335
522.7449186744908
525.9004183303147
525.9004183303147
522.5794198014307
521.5009587718895
517.4255985163471
517.8139144519004
515.0516964344453
511.89964836870126
510.0600454848429
510.58814126456167
510.0600454848429
510.58814126456167
507.9667804099004
508.88824902919504
507.5788116145117
509.42344861617823
510.34620602097164
508.2737943274274
506.96868739597716
505.286304979662
504.36023832177733
502.50895514408495
502.50895514408495
502.50895514408495
501.20479846066917
500.2791720629593
497.88578007410496
499.35383246751996
499.1505283979974
499.7061636602054
497.84962589119215
498.77775611989756
500.07824387789555
501.0062374861215
501.5638045154375
501.5638045154375
500.26517967973746
500.82756513594575
500.82756513594575
500.66880270294456
499.95124762320575
207.63429389192913
184.04347312523745
179.3376703316958
183.273020382161
182.22239159883728
203.15757431117353
512.615109024305
167.01197561851666
520.1444510902717
525.8005800681472
192.02343606966312
542.8436699455931
181.8350901228913
193.20455481173315
557.5134527524874
240.20824298928628
565.8358861012617
569.1012651541024
228.97379762758882
240.87548650703334
569.9089839614743
569.363021279043
569.363021279043
565.933962578674
566.6288467771474
561.5436314303636
559.4696149032582
560.4313071197932
558.5080572382103
198.12369873389704
553.4259209686514
145.79780519610026
549.8602095078348
546.0203750777072
542.7119401671572
540.5148009074312
538.4730726786623
536.279078465681
533.3875232886498
532.6924534851231
529.9634421353986
526.7269216586523
523.0604649560125
522.8080431668969
517.4661824699272
514.7846637187242
177.89041570584965
182.69373278796402
191.01832372837953
511.39930582667006
177.12425017484196
186.50737250843463
189.76301009416983
197.36261044078233
515.5678907767627
515.5678907767627
179.4017837146554
190.06577808748213
192.0
196.30843079195554
195.00256408570633
201.0994778710278
208.54016399725018
210.23796041628637
212.1508896988179
212.52999788265186
517.8177768288764
197.88127753782064
197.9419106707824
202.5487595617411
202.98768435548004
201.48697228356974
503.4284954191608
497.590444040076
493.70056714571433
489.0779590208498
485.9230906223741
481.80001037774997
479.3915414355994
472.8755121593843
470.6859356301184
470.2363767298315
468.56829811672065
467.6037318071788
465.67504764588796
466.11398820460215
464.71093165536786
461.2886840146851
461.81949937177836
462.0879245338489
462.2209969267947
462.63079231715653
462.63079231715653
460.433762880178
461.66898314701626
460.9829172539911
459.4717075076549
458.2371111117038
456.04084246918063
454.53960223505277
452.19160761783274
450.82064060998806
447.38378379194745
444.6394606869705
444.6394606869705
441.34142112428106
440.66001633912737
440.1036809662014
438.1817545265891
433.10073885875556
256.6028059082753
429.154109848665
234.36723320464404
424.4634848841535
421.30303820409364
416.51080418159626
412.0148662366444
407.8973522836352
403.7799524493508
403.7799524493508
404.7360250830163
