2.0615528128088303
3.0413812651491097
3.3541019662496847
3.0413812651491097
2.0615528128088303
1.8027756377319946
2.5495097567963922
3.1622776601683795
2.0615528128088303
3.8078865529319543
3.640054944640259
2.23606797749979
2.692582403567252
2.0615528128088303
3.1622776601683795
3.1622776601683795
4.6097722286464435
2.0615528128088303
3.5355339059327378
4.031128874149275
3.8078865529319543
3.0413812651491097
2.692582403567252
3.1622776601683795
2.0615528128088303
3.5355339059327378
2.9154759474226504
2.692582403567252
2.692582403567252
4.123105625617661
4.123105625617661
3.1622776601683795
3.3541019662496847
3.605551275463989
4.527692569068709
4.924428900898052
3.3541019662496847
3.605551275463989
2.9154759474226504
3.640054944640259
3.605551275463989
2.692582403567252
3.8078865529319543
3.0
2.692582403567252
2.5
2.692582403567252
2.0
3.1622776601683795
2.23606797749979
2.5
3.1622776601683795
3.905124837953327
2.5495097567963922
3.3541019662496847
3.2015621187164243
3.1622776601683795
2.5
2.5
2.5
3.2015621187164243
1.5811388300841898
3.3541019662496847
2.9154759474226504
4.031128874149275
4.123105625617661
4.272001872658765
0.7071067811865476
4.031128874149275
2.1213203435596424
4.272001872658765
0.7071067811865476
2.23606797749979
2.23606797749979
2.0615528128088303
3.2015621187164243
2.5495097567963922
1.8027756377319946
2.0
1.4142135623730951
2.5
2.23606797749979
2.0615528128088303
4.924428900898052
393.1084455973949
1.118033988749895
1.5
374.92199188631224
364.44478319767455
2.1213203435596424
3.1622776601683795
2.692582403567252
3.5355339059327378
3.5355339059327378
2.5495097567963922
2.5
1.4142135623730951
0.7071067811865476
1.5811388300841898
2.0615528128088303
2.8284271247461903
4.301162633521313
1.5811388300841898
0.5
2.5
2.5495097567963922
1.5811388300841898
2.5
1.118033988749895
1.8027756377319946
2.5
1.5811388300841898
2.0
6.041522986797286
4.6097722286464435
319.4526568992658
4.031128874149275
2.5495097567963922
3.0
326.18169783113217
329.21459566671706
3.1622776601683795
0.7071067811865476
0.0
0.0
343.64589332625525
348.76818948980997
354.44498867948465
359.11592835740385
365.152365458585
372.52919348689977
4.716990566028302
384.91622465154677
394.14781491212153
401.83889806737227
405.0956677131959
406.1920727931553
403.9223316431019
399.8956113787697
394.0012690334893
384.166630513375
377.7264221629194
3.5355339059327378
360.5419531760486
353.79407852591316
2.0615528128088303
343.45669304877435
340.3883811178049
338.55464846904704
3.640054944640259
2.5
0.5
2.5495097567963922
2.0
0.5
1.4142135623730951
0.5
1.5
0.5
1.0
0.5
2.5
2.0615528128088303
1.5
2.9154759474226504
2.692582403567252
3.3541019662496847
3.1622776601683795
2.8284271247461903
2.5495097567963922
5.024937810560445
352.6145204043645
348.5702942019013
1.5811388300841898
0.5
1.4142135623730951
2.5
3.605551275463989
3.0413812651491097
1.8027756377319946
1.5811388300841898
2.5
2.0615528128088303
382.72607697934563
384.70573169631876
383.41002855950444
379.5589545775465
375.8393938905287
3.0
375.8566881139672
378.99901055279815
380.32913377757427
382.1289049522425
379.0052770081177
374.741577623834
367.0153266554409
359.1552589062285
352.40069523200435
349.09167850293994
347.5258983155068
350.59520818174343
357.3783009641184
368.2458417959394
375.7778599119432
387.43902746109615
397.06737463559
399.39579366838603
401.3290420590067
398.16736430802564
394.1779420515562
385.703577893698
376.1532267573947
364.2320688791694
357.40348347490965
350.66401298108707
348.6104559533463
347.5
350.80514534424947
350.80514534424947
352.8062499446403
353.6276290110828
354.8721600802182
357.80581325629686
1.118033988749895
9.013878188659973
363.6155249710881
364.71667085561086
365.9678947667404
366.2628837324361
362.7891949879434
355.287207762959
2.9154759474226504
0.5
2.692582403567252
1.4142135623730951
3.0
4.743416490252569
4.123105625617661
4.0
4.031128874149275
318.0192604230127
321.9044889404309
322.001552791287
323.71785554707975
323.86725675807367
323.8247983092092
323.68194265358704
325.8964559488182
328.8498897673527
3.2015621187164243
4.6097722286464435
5.220153254455275
3.0
5.1478150704935
3.5
3.8078865529319543
336.5861702447087
2.692582403567252
3.5355339059327378
5.315072906367325
5.0
294.21250823172016
285.56785533389433
275.467330186358
266.91056554583975
263.65555180955323
266.6552080871476
271.87175285417203
280.40149785619906
285.7783231807479
289.70890562770074
287.9552916686894
285.373877571161
281.85812033716536
279.0344960753061
279.66274331773263
282.86480869843103
287.51739077836663
3.640054944640259
3.2015621187164243
0.7071067811865476
309.36103503835125
316.079894963283
323.154761685481
329.1811811145953
1.5
1.5811388300841898
0.7071067811865476
2.23606797749979
2.0615528128088303
4.743416490252569
4.47213595499958
2.5
3.2015621187164243
5.385164807134504
3.905124837953327
1.118033988749895
1.8027756377319946
2.0
2.0
2.5
2.5495097567963922
2.9154759474226504
2.23606797749979
3.2015621187164243
4.242640687119285
3.8078865529319543
3.3541019662496847
2.692582403567252
2.692582403567252
3.5355339059327378
3.640054944640259
309.36426749060723
306.88760157425713
305.4734030975528
306.91366864315444
306.5358869692095
308.6571722801853
312.5483962524844
316.83434157300564
320.45124434147544
3.2015621187164243
2.0615528128088303
325.123053627392
3.1622776601683795
3.605551275463989
4.6097722286464435
5.220153254455275
4.301162633521313
4.716990566028302
2.5
3.905124837953327
3.605551275463989
5.315072906367325
5.1478150704935
290.51850199255813
3.5355339059327378
3.2015621187164243
2.9154759474226504
298.01048639267714
297.36929902059495
296.87076312766135
297.25157695124176
299.2962579117888
1.8027756377319946
1.4142135623730951
319.394740094448
332.21717294565013
340.8848779280184
2.23606797749979
2.5
2.8284271247461903
3.3541019662496847
2.5495097567963922
1.4142135623730951
2.9154759474226504
3.605551275463989
1.8027756377319946
0.7071067811865476
2.8284271247461903
1.5811388300841898
0.0
3.2015621187164243
3.2015621187164243
4.716990566028302
4.272001872658765
3.2015621187164243
4.47213595499958
2.23606797749979
2.5495097567963922
1.5811388300841898
326.32575748782074
317.17897156022184
3.0413812651491097
1.5
3.5355339059327378
3.2015621187164243
2.23606797749979
1.118033988749895
309.39335804118355
321.3802265230392
343.30052432234936
357.0952253951318
376.90449718728485
390.74704093569284
402.54502853718117
410.7852236875129
419.8979042576898
428.6286271354259
434.8149031484547
445.7044985189178
453.19008153312444
460.70408072861693
464.2103510263424
465.0231177049158
462.7661396429086
456.810956523593
445.24599942054505
436.4361350759123
424.7505150085165
411.83006204015754
397.7602921358541
382.21885092182464
366.01810064530963
352.88418780104047
339.8356220292393
329.582311418559
322.479456710036
318.0227979249286
2.5
322.47984433139385
326.8126374545513
331.7242831026996
335.5312951126914
346.20839100172026
4.031128874149275
4.6097722286464435
3.3541019662496847
3.3541019662496847
3.905124837953327
2.0
2.692582403567252
1.5811388300841898
397.1662120573703
408.1378443614363
422.27627212525215
433.60408208410587
1.5
2.0615528128088303
2.5
0.7071067811865476
1.5
442.2807366368108
437.745645323857
433.3358974283114
428.5813808368254
421.028502598102
418.9540547601849
414.257468248914
409.36688923262955
406.83719102363295
402.0239420731059
389.8724150283013
379.8453632730035
366.6636742302133
353.9113589587088
343.6546231320044
332.3672667396716
322.915236555973
315.3176969343776
310.96382426256594
306.81672053524073
304.3242514161499
304.8249497662552
303.0697114526623
303.3891889965758
303.61859297480447
313.67578803599105
323.00154798390673
334.0437845552586
348.95737562057633
359.64600651195894
367.26693289758606
377.58442764499705
381.35711609985725
385.9187090567131
385.9514218136785
377.4612562899668
370.1351104664349
361.53353924636093
354.9172438752448
349.12247134780654
345.04093959992633
342.3977949695354
344.9786225260922
348.2215530377176
353.3443787581741
364.4149420646744
372.8112793358055
377.18065963142914
378.5845348135605
377.44304206065317
376.60191183795126
373.08578102093355
367.4156365752552
362.12463324109837
357.3531166787272
350.2945189408478
348.7355731783037
345.73110938994193
340.8566414198204
335.8351530140941
332.3740362904419
326.1521884028988
322.68289387570576
320.2850293098321
318.41992714024667
317.02720703434903
314.8205838251368
313.1537162481071
314.8432149499176
316.2787536335629
318.4815536259518
320.45124434147544
321.46578356024145
319.47182974403233
318.02083265094444
319.0767932645682
315.7340653144668
308.98745929244444
301.5203144068406
295.8462438497403
294.1568459172759
292.1686156999071
293.0959740426334
293.0089589074027
291.71604343950645
297.89259809535383
305.09219917919893
312.4163888146715
322.0314425642316
326.82181689722
330.52723034570084
328.16802098924876
323.5003863985328
311.0245167185378
303.77047256110984
297.4936974122309
292.9103958551147
289.70415944545914
290.59464895279814
291.94391584686264
294.24139749532185
296.64836085844127
301.94784317825486
305.1626615429876
304.76630391170215
301.9420474196994
295.37137640604243
293.8881589993037
292.5222213781374
293.84094336902746
295.3252444339969
298.15641867986005
304.08058142538465
310.23942367146054
315.176537832371
319.39082641804225
326.1564041989671
329.17244720662757
331.7084563287466
332.3409393980826
328.8046532517446
323.8579935712565
317.1612365974127
310.4049774085461
305.8287919735485
298.71432841428947
290.88184886651146
283.86132177526406
279.65022796343294
275.4401023816249
273.07736998880006
274.3196128606192
276.8307244508817
281.30810510897123
286.733761528007
297.7637486330396
304.63297589066093
313.7471115404889
319.40139323428133
320.8601720376027
317.5362184066567
314.33461470223097
308.40273993594803
305.82388722923525
305.8287919735485
307.79579269379235
309.1476184608253
307.2494914560478
309.4769781421552
318.5545479191908
321.7732120609172
323.44705903748763
325.35557471787695
329.47116717552086
335.1958382796541
337.8302088327804
345.6750641860069
346.5129867696159
346.5057719576977
339.915062920136
336.14022371623423
328.9730232101106
319.7846931921539
317.948502119447
319.58762491686065
318.84243757693235
323.17255452776305
328.39381845582903
331.1170487909072
