1.0
3.1622776601683795
3.1622776601683795
4.123105625617661
4.123105625617661
3.1622776601683795
3.1622776601683795
3.0413812651491097
3.2015621187164243
4.924428900898052
1.5811388300841898
2.692582403567252
0.0
1.0
2.5
1.0
2.0615528128088303
2.9154759474226504
3.640054944640259
3.0413812651491097
2.5
2.692582403567252
7.0710678118654755
4.47213595499958
4.6097722286464435
5.5901699437494745
7.648529270389178
2.692582403567252
1.8027756377319946
3.905124837953327
4.5
3.5
5.1478150704935
10.0
9.394147114027968
1.4142135623730951
1.5811388300841898
1.5
2.0
2.5
2.1213203435596424
2.23606797749979
2.5
2.1213203435596424
2.0615528128088303
2.23606797749979
2.23606797749979
1.4142135623730951
2.9154759474226504
1.4142135623730951
4.6097722286464435
6.0
6.576473218982953
8.73212459828649
6.082762530298219
6.020797289396148
7.0710678118654755
7.158910531638177
8.139410298049853
7.905694150420948
8.077747210701755
6.670832032063167
7.0
8.0156097709407
11.01135777277262
4.242640687119285
6.670832032063167
3.0
6.519202405202649
8.381527307120106
7.516648189186454
7.5
6.020797289396148
6.519202405202649
7.0
7.5
8.139410298049853
8.0
9.12414379544733
9.055385138137417
9.617692030835672
49.35838327984416
4.527692569068709
13.536986370680884
50.0
3.0413812651491097
7.516648189186454
7.0178344238090995
8.0156097709407
7.0
7.5
7.516648189186454
7.0
7.0178344238090995
2.9154759474226504
8.06225774829855
9.219544457292887
8.5
7.516648189186454
7.566372975210778
9.5
8.631338250816034
1.4142135623730951
7.648529270389178
56.61271941887264
8.0156097709407
6.576473218982953
7.0710678118654755
9.617692030835672
9.513148795220223
10.04987562112089
1.8027756377319946
9.513148795220223
11.045361017187261
10.688779163215974
6.264982043070834
6.5
8.54400374531753
10.198039027185569
3.605551275463989
9.486832980505138
11.01135777277262
9.486832980505138
10.793516572461451
11.10180165558726
12.257650672131263
11.40175425099138
11.236102527122116
11.0
11.672617529928752
12.257650672131263
163.35926664869672
149.00335566691106
163.1333810107545
160.15305179733542
163.70781899469554
164.1051492184203
163.80247250881166
162.70602324437777
162.92406206573662
163.85130454164837
162.16812263820532
163.27354347842152
43.165379646193315
12.98075498574717
161.83401990928854
164.33045974499066
162.67913203604203
163.7902622258112
163.9397755274784
166.28439493831044
165.59287424282482
4.272001872658765
167.2752223134078
170.03823099526764
169.19810873647495
171.54664088812697
172.93134475854862
172.80335644888382
172.2614292289484
174.06392503904996
12.539936203984453
174.60598500624198
39.42714800743264
176.4404998859389
175.90693562222043
48.088460154178364
178.3598889885279
179.86800716080668
48.44068537913146
178.932948335403
179.6232167621992
180.04513323053195
51.0098029794274
50.331401728940556
181.0041435989795
180.9447429465692
180.84869366406826
182.5602640225961
182.5602640225961
182.9077636405847
183.4182379154265
183.84776310850236
185.64818878728659
185.64818878728659
184.8140957827622
185.930094390338
185.6192339171779
187.60663634317416
186.6815470259447
187.94946129212502
188.43035848822237
187.91287874970146
187.7511651095673
189.74522391881172
189.50593658247226
189.98552576446448
191.3014636640295
191.50261094825836
192.85810846319114
192.8237537234456
55.939699677420506
194.85507435014364
196.65006992116733
196.85337182786583
48.399380161320245
198.64792976520042
64.7707495710834
200.8830505542964
49.11720676097125
51.53882032022076
51.478150704935004
53.225933528685054
53.08719242905957
55.029537523043025
53.08719242905957
53.33854141237835
56.3404827810341
207.50722878974602
58.12486559124245
209.52923423713455
210.86547844538234
211.53782167735395
211.30842387373013
213.54741862171971
212.8778992756176
213.7755832643195
214.0058410417809
214.45570638246025
215.5736533067063
216.04166264866598
216.70832932769335
218.4931349035937
217.39652711117535
218.72871324999835
219.18029108475972
219.8465373846038
220.1119033582691
220.7764706665998
221.89411889457548
94.98684119392539
222.83457990177376
223.70739817896055
223.74371499552785
225.523834660552
225.94247055390008
225.10886255321003
226.01991062736045
226.72725905810267
227.7987050007089
227.69387343536496
228.0975668436645
227.55438910291315
229.65735346380703
228.61539755668252
229.92390045404153
230.38500385224728
230.38500385224728
230.92477130009246
231.23364807051763
232.2310272121277
232.77510605732735
233.0772404161333
233.88993137798815
235.19460027815265
235.46761985462035
236.39373934180236
236.61783533791362
236.42387781271162
238.8493248891443
239.63513932643517
240.292530054515
239.43736132859468
239.04445193310804
239.89685283471312
240.30813552603666
239.46450676457252
241.96745648950397
241.59108013335262
240.56859728568065
241.59108013335262
241.12755960279614
242.05474587373823
243.7257680262799
242.89349517844235
243.3567340346266
242.05474587373823
243.0766340066441
242.52834885843757
242.24471098457443
243.17586228900268
242.81371460442674
244.7549795203358
244.39312592624205
244.83974350582872
245.7692006741284
245.48930730278255
246.13918826550153
247.06780445861415
246.69920956500854
247.43989169089127
247.06780445861415
247.5520147362974
247.6272400201561
248.5608577391058
249.11091907020054
249.8569590785896
248.9266960372069
251.524352697706
250.97061580989916
250.50548896181897
252.54950009849554
253.10274593532168
252.54950009849554
254.31181647733163
254.5937941113255
255.2420419915183
254.98284256004362
254.51620773538176
254.51620773538176
257.5698934270075
257.20857295199164
257.20857295199164
257.75181861628056
258.78804068194495
259.33086973979783
258.9681447591576
258.68320393871727
261.1225765804252
261.3010715630535
261.8415551435639
261.48040079516477
262.12687767567826
262.1721762506464
262.52476073696363
262.7023029971378
263.28406712142686
263.5265641258961
264.2820463065927
264.4602994780124
264.4602994780124
265.452443951831
266.563782236072
265.2362154759414
265.0669726691728
266.5168850185669
265.57720158176227
267.3317227715409
267.9589520803513
268.6084510956422
269.35339240484797
270.3724283280379
270.4907576979295
269.3120866207085
268.73825555733595
267.37099693123037
266.1113488748648
266.43244922493955
267.5556016980396
267.8600380795911
267.6868506296116
267.21714016881475
39.147158262126766
270.95986787714526
270.95986787714526
271.773803005367
271.9471456000228
272.71230261944544
272.71230261944544
274.5906043549196
274.12086750191054
274.2498860528478
273.1396163137087
274.08073628038875
273.1066641442497
274.2161556145079
273.41223454702975
273.7448629654993
273.91239475423527
274.82812810918756
274.4198425770265
274.08073628038875
273.6512378923216
275.4037944546153
276.80904970755563
276.68800118545073
275.16404198223285
277.2760357477725
276.31729949462084
275.98550686584974
278.5677655436824
277.0365499352026
276.301013389383
274.720312317819
275.7970268150112
275.8305639337309
277.0365499352026
275.75033998165804
275.5181482225808
276.6306201417334
276.39328863053095
274.3446737226732
274.7621698851572
273.4798895714272
272.9706943977686
273.27367235063093
273.1066641442497
272.94046969989625
273.5552960554776
271.97426348829407
273.2471408816568
274.2161556145079
273.27367235063093
273.57814240176424
274.5906043549196
272.6692135170379
272.24299807341237
271.0885464197999
271.3595400939499
269.80919183749097
271.860718015678
270.11201380168194
270.95986787714526
268.56749617181896
267.55606889024216
268.6131046691505
268.73825555733595
267.97108052922425
267.0327695246409
266.5168850185669
266.98689106396216
266.2184253578253
265.80067720004024
263.69916571729993
264.9834900517389
264.1685068285014
264.341162137114
263.460148789148
262.3480512601532
263.0575032193532
262.9923953273174
262.8160002739559
260.76809620810593
261.4125092645721
260.65542388371665
259.30532196621033
260.1240088880686
260.90994615000784
260.94491755924275
258.3215051055564
259.7965550194998
260.83423855007993
258.4303581238087
257.28631910772094
258.68320393871727
257.0291812226775
256.7420884857019
257.5698934270075
257.1405257830823
254.5937941113255
254.80384612481814
256.4961013348936
254.74006359424502
255.2709344990142
254.6963878817287
254.31181647733163
253.76416216637054
254.98284256004362
253.48027536674329
255.5249498581303
254.98284256004362
254.9607812978302
254.23021063595098
253.84690267954818
255.79532833888894
253.38212249485954
252.91747665987813
252.4529659164257
254.77833502870686
251.33891461530584
252.8250383170148
252.26821044277457
254.98284256004362
253.76416216637054
253.48027536674329
253.58331964070507
252.36679654819886
252.36679654819886
251.5377705236333
251.80349481291955
251.1543350213171
250.87447060233131
252.26821044277457
251.98859101157734
251.524352697706
252.36134807057914
252.1745427278495
251.98859101157734
251.90127034217196
251.524352697706
251.524352697706
249.48196327590497
250.41016353175445
250.59628887914522
249.0180716333656
249.66878058740144
250.78775887191944
249.6742878231557
249.02660500436494
247.4474691727519
247.8396659132674
246.6191395654441
247.37269453195518
248.5608577391058
247.99697578801238
247.16441896033498
246.9817807045694
247.81293348007483
246.6191395654441
247.9037111460819
248.46176768267588
247.81293348007483
247.99697578801238
247.53232112190926
246.69920956500854
247.16441896033498
247.9037111460819
247.34793308212625
248.64633518312712
249.11091907020054
250.6895490442312
250.59628887914522
250.04049672003134
250.50548896181897
251.06025173252735
249.8569590785896
250.22489884102262
250.87447060233131
251.06025173252735
252.1745427278495
251.98859101157734
251.7106473711432
251.71908946283753
252.8250383170148
253.38212249485954
252.54950009849554
253.19804501614936
252.54950009849554
253.48027536674329
253.19804501614936
253.48027536674329
254.23021063595098
252.93675098727746
254.80384612481814
255.16269319788896
256.09568524284043
255.91649028540542
256.85063753084205
255.8094994326833
257.1040645341882
256.61352263666856
257.31789677362127
257.3776408315221
257.0821853026771
258.6140947435
258.6140947435
258.8368211827676
259.9485526022409
261.9971373889417
262.7608228027915
264.39600980347643
263.81480246566906
263.81480246566906
264.220551812307
4.949747468305833
264.57229635772524
266.32921356847055
267.97108052922425
266.563782236072
267.84930464722135
268.56749617181896
270.1481075262235
270.6626128596264
271.0096861737602
273.0100730742366
274.9881815642265
275.5766680980086
277.9231008750442
277.4535997243503
278.3927082378416
277.24222261408886
278.79248555152986
279.67570505855525
281.38274645045317
282.75873107651336
282.1533271113421
281.98448538882417
283.9035927916376
284.50702979012664
286.42494653922864
286.2035988592736
288.0056423058409
288.4206996732377
290.33084576048753
291.247317584214
289.19240999721967
291.72118538083583
293.6226319615026
294.25711546197147
293.93579230845637
293.93579230845637
293.7771264070775
297.25830518254656
297.578561055732
300.5765293565018
2.692582403567252
301.52653282920227
303.5786553761644
302.0140725198083
302.6326155588654
304.3702515030009
306.26989731281134
307.53251860575654
306.91081766532767
309.11365223813715
310.3775926190549
309.2709168350623
309.42890944447964
311.96353953627334
312.4523963742317
312.7499000799201
313.2255577056253
316.55173352866035
316.86037934711874
315.595468915509
317.9689450245102
317.9783797681849
320.0351543190217
319.576673116171
320.88510404816236
326.73077602209435
326.73077602209435
328.34737702622203
330.26050323948823
330.26050323948823
333.13210592796366
333.13210592796366
330.6433123473088
333.80383460949037
333.52061405556327
333.52061405556327
333.80383460949037
333.80383460949037
333.80383460949037
333.80383460949037
333.80383460949037
333.80383460949037
333.80383460949037
