3.3541019662496847
2.5495097567963922
2.9154759474226504
2.692582403567252
3.1622776601683795
2.5495097567963922
2.692582403567252
1.8027756377319946
2.23606797749979
2.9154759474226504
2.692582403567252
3.1622776601683795
2.9154759474226504
3.1622776601683795
3.5
2.692582403567252
2.692582403567252
3.2015621187164243
3.605551275463989
3.905124837953327
3.3541019662496847
3.605551275463989
3.2015621187164243
3.605551275463989
3.8078865529319543
3.3541019662496847
3.3541019662496847
3.605551275463989
3.605551275463989
3.3541019662496847
3.3541019662496847
3.3541019662496847
3.3541019662496847
3.3541019662496847
3.0413812651491097
3.3541019662496847
3.3541019662496847
3.3541019662496847
3.1622776601683795
10.606601717798213
2.692582403567252
4.6097722286464435
3.905124837953327
3.905124837953327
4.242640687119285
4.6097722286464435
3.905124837953327
3.2015621187164243
2.23606797749979
5.0
4.47213595499958
2.0
3.905124837953327
4.6097722286464435
8.54400374531753
2.8284271247461903
2.9154759474226504
3.2015621187164243
3.2015621187164243
3.2015621187164243
3.3541019662496847
2.8284271247461903
2.8284271247461903
2.8284271247461903
2.9154759474226504
3.3541019662496847
4.242640687119285
3.2015621187164243
3.5355339059327378
3.5355339059327378
3.5355339059327378
2.9154759474226504
3.5355339059327378
3.2015621187164243
3.2015621187164243
3.2015621187164243
2.692582403567252
3.5355339059327378
3.605551275463989
3.2015621187164243
2.5495097567963922
2.9154759474226504
3.905124837953327
2.9154759474226504
2.5
2.23606797749979
3.605551275463989
4.242640687119285
2.692582403567252
3.905124837953327
2.5495097567963922
3.3541019662496847
2.5495097567963922
3.905124837953327
2.692582403567252
9.340770846134703
2.5495097567963922
3.5355339059327378
2.5
3.2015621187164243
2.9154759474226504
3.2015621187164243
3.905124837953327
2.5495097567963922
3.2015621187164243
2.5
4.242640687119285
5.852349955359813
3.605551275463989
2.23606797749979
2.23606797749979
2.0615528128088303
2.692582403567252
2.23606797749979
2.692582403567252
2.9154759474226504
2.5495097567963922
1.5811388300841898
2.0615528128088303
2.5495097567963922
2.9154759474226504
6.041522986797286
3.0
3.0413812651491097
2.5495097567963922
2.23606797749979
3.0413812651491097
2.0
3.0413812651491097
2.5495097567963922
2.5495097567963922
2.5495097567963922
3.1622776601683795
3.2015621187164243
3.0413812651491097
2.9154759474226504
2.9154759474226504
2.5495097567963922
2.5495097567963922
2.5
2.5495097567963922
2.692582403567252
3.5
2.5495097567963922
3.1622776601683795
3.0413812651491097
3.0413812651491097
3.0413812651491097
2.23606797749979
3.0413812651491097
3.0413812651491097
3.1622776601683795
3.1622776601683795
3.1622776601683795
3.1622776601683795
3.1622776601683795
3.1622776601683795
2.692582403567252
2.5495097567963922
2.5495097567963922
3.1622776601683795
3.0
3.0413812651491097
3.1622776601683795
3.1622776601683795
3.1622776601683795
3.1622776601683795
3.1622776601683795
3.1622776601683795
4.242640687119285
3.0
3.605551275463989
4.301162633521313
2.5
2.5495097567963922
2.0615528128088303
2.5495097567963922
2.5495097567963922
3.0
2.5
2.5
2.5495097567963922
2.5495097567963922
3.1622776601683795
2.5495097567963922
2.9154759474226504
3.905124837953327
2.692582403567252
2.692582403567252
3.640054944640259
2.692582403567252
5.0
2.692582403567252
2.23606797749979
2.5
2.5
3.5
2.5495097567963922
2.9154759474226504
2.692582403567252
3.2015621187164243
2.5
7.648529270389178
3.1622776601683795
3.0413812651491097
2.5
9.340770846134703
3.1622776601683795
3.0
3.0413812651491097
2.9154759474226504
2.9154759474226504
3.0413812651491097
3.640054944640259
3.0
2.23606797749979
2.8284271247461903
2.9154759474226504
7.280109889280518
2.1213203435596424
8.139410298049853
6.5
12.589678312014172
8.139410298049853
8.73212459828649
8.246211251235321
9.12414379544733
3.2015621187164243
7.762087348130012
4.031128874149275
3.2015621187164243
3.605551275463989
3.2015621187164243
2.8284271247461903
2.692582403567252
2.8284271247461903
2.8284271247461903
3.605551275463989
2.8284271247461903
3.0413812651491097
2.9154759474226504
2.5495097567963922
3.3541019662496847
2.5
3.8078865529319543
3.640054944640259
2.9154759474226504
9.013878188659973
2.0615528128088303
2.5495097567963922
3.0413812651491097
4.242640687119285
3.1622776601683795
2.9154759474226504
3.905124837953327
2.692582403567252
2.5495097567963922
3.5355339059327378
2.692582403567252
3.5355339059327378
2.5495097567963922
3.5
3.640054944640259
12.5
11.76860229593982
11.40175425099138
8.246211251235321
13.5
3.605551275463989
3.2015621187164243
3.605551275463989
3.1622776601683795
13.238202294873727
12.658988901172163
12.658988901172163
3.905124837953327
15.532224567009067
9.5524865872714
18.506755523321747
19.525624189766635
21.02379604162864
21.523243250030884
38.05259518088089
22.54994456755936
22.522211259110417
24.58149710656371
24.58149710656371
26.575364531836623
26.61766330841233
28.570089254323307
28.609439001839934
28.609439001839934
29.068883707497267
32.0624390837628
34.0147027033899
34.0147027033899
35.0
37.013511046643494
37.013511046643494
38.01315561749642
39.01281840626232
41.0
42.0
43.0
43.0
44.0
47.01063709417264
47.01063709417264
48.010415536631214
48.041648597857254
48.010415536631214
49.040799340956916
50.039984012787215
51.088159097779204
52.009614495783374
53.009433122794285
51.0
55.0
56.00892785976178
57.0
57.0
57.0350769263968
58.034472514187634
60.00833275470999
60.03332407921454
61.00819617067857
61.00819617067857
60.0
61.00819617067857
63.00793600809346
62.0
63.0
63.0
64.0
65.0
66.007575322837
65.00769185258002
67.0
66.03029607687671
69.02897942168927
68.06614430096654
68.06614430096654
68.06614430096654
70.06425622241343
70.06425622241343
69.02897942168927
69.06518659932803
67.06713054842886
72.17340230306452
69.18092222571191
56.142675390472796
37.013511046643494
198.35132971573444
2.23606797749979
1.0
1.4142135623730951
4.123105625617661
2.0
2.0
2.0
1.0
2.23606797749979
2.8284271247461903
1.0
1.4142135623730951
1.8027756377319946
15.008331019803634
2.5
5.220153254455275
1.8027756377319946
1.5
1.5
2.692582403567252
14.221462653327892
2.5
2.9154759474226504
2.1213203435596424
2.9154759474226504
3.5355339059327378
2.9154759474226504
2.5
1.8027756377319946
2.5
3.0413812651491097
13.009611831257688
1.118033988749895
3.5355339059327378
1.5811388300841898
1.5811388300841898
0.7071067811865476
14.508618128546908
13.509256086106296
