2.1213203435596424
3.8078865529319543
3.5355339059327378
4.5
3.8078865529319543
3.5355339059327378
2.5
7.158910531638177
3.5
7.158910531638177
5.315072906367325
6.103277807866851
13.009611831257688
8.381527307120106
13.238202294873727
13.0862523283024
7.0178344238090995
19.704060495238032
13.0862523283024
13.0862523283024
13.0862523283024
14.0089257261219
12.093386622447824
12.093386622447824
17.066048165876012
15.008331019803634
16.00781059358212
12.5
9.604686356149273
17.00735135169495
21.47673159491453
31.9100297712177
42.51176307799995
19.00657780874821
21.70829334609241
5.5901699437494745
39.37321424522006
425.8544352240563
416.7397269279712
8.200609733428363
397.81905434506274
382.65519727294964
370.591419220683
358.62096982747676
350.9558376776201
346.3827362903642
21.569654610122992
20.303940504246953
18.117670931993437
18.33712082089225
19.00657780874821
19.319679086361656
26.612966764342527
40.549352645880795
419.1515239146817
58.38878316937252
8.200609733428363
9.604686356149273
471.1910440575033
485.8847599997349
496.2509445834839
509.65969038172915
41.100486615124154
47.60514678057405
511.0772935672255
497.36907825074934
483.801612233775
469.2845618598592
456.0043859438196
444.76735491715215
435.6971425198931
11.01135777277262
417.2001917545101
12.093386622447824
9.340770846134703
396.43410549547826
388.44948191495894
383.2339363887285
378.23438500485383
376.87265753832554
373.451469403991
373.2773767588923
370.4699717925867
368.8956492017763
366.0874212534487
366.0874212534487
364.51611761347397
361.7070637961056
360.1388621073821
358.5749572962395
355.7639666970223
352.95325469529246
349.9857139941572
348.11635985687315
347.3326935374786
347.3326935374786
345.7687088213738
345.7687088213738
344.20923869065456
344.20923869065456
19.525624189766635
19.525624189766635
344.20923869065456
344.20923869065456
11.715374513859981
346.2441335243097
349.05730188609436
350.76630396889607
355.7639666970223
358.5749572962395
358.8983142897163
360.4719129141687
362.04972034238614
23.04886114323222
365.2177432710519
365.60087527247526
17.67059704707229
9.013878188659973
15.008331019803634
15.074813431681335
16.00781059358212
10.594810050208546
15.074813431681335
17.066048165876012
20.155644370746373
21.005951537600005
21.47673159491453
20.74246851269154
353.9095929753812
351.7328531712669
349.81280708401744
349.5883293246501
348.52833457267144
349.18190102008435
348.1436485130815
349.85711369071805
352.60175836203655
354.3162429243119
356.03370626950476
358.77569594385847
358.77569594385847
357.06021901074337
357.06021901074337
354.8309456628607
351.7456467392312
350.03571246374275
348.3288675949784
344.92462944823177
344.2920272094607
344.8274931034357
345.90461112855957
345.86268951709724
345.028984289726
346.97838549396704
346.2080299473136
353.17134651610684
357.1134273588715
362.34927901128765
371.29503093900945
379.6682762623182
390.1281840626232
402.6834985444524
412.9116128180461
425.4715031585547
434.1946568072896
437.11440150148337
445.7645118221055
446.79413604030213
442.477118052448
439.33244815287657
430.09068811124007
416.5309112178831
402.1256022687439
385.17658288115075
367.1511950137164
357.2408151373524
354.17650966714325
352.0227265390688
354.0536682481909
362.93250061133955
55.939699677420506
377.91533443352097
389.80123139877327
401.10971067776455
409.0036674652197
422.6405091800832
432.83368630456664
443.41064488800896
451.9911503558449
464.2337773148352
466.601543075031
466.39253853379773
464.03986897679385
454.5822257853908
448.7538300672207
436.5546930225353
8.381527307120106
28.5175384631984
3.905124837953327
3.3541019662496847
374.60646016853474
361.20354372569494
351.7101079013795
348.28149534536
339.7131142596647
334.619186538967
327.8673512260713
19.981241202688086
20.524375751773793
325.31830566385287
328.1249761904753
333.1080905652098
6.18465843842649
350.86464626690446
359.4885255470611
158.70176432541638
390.1512527213004
396.0227266205817
407.14862151307847
409.60957020069736
413.6326872963499
410.1219330881976
404.45642534146987
397.75494968636156
388.329756778952
385.0402576354841
381.7643252060098
374.44492251865296
372.8283787481849
372.0215047547655
373.63618668431997
376.87663764154973
380.13155617496426
383.4005738128205
386.6833329741534
386.62643468857635
387.78344472140634
387.96391584785306
389.30193937354073
389.71784665319086
388.2331773560833
386.38064133701107
384.83762809787714
385.24018481980823
388.51512197081854
393.45139471096047
398.05652864888424
401.96641650764803
408.5400837127246
408.4947980084936
418.4017208377614
428.70619309732393
436.4825311510187
451.0310410603687
456.4263357870578
461.1117001334926
467.4023962283463
468.10682541488325
468.825127312946
468.83792508712435
466.04828076069543
461.0531422732091
453.2604108015612
444.065310511866
434.1658669218482
428.56504757154426
416.62093082321246
411.2724158024703
413.91786624884895
408.9498746790369
418.54987755344047
418.0011961705373
428.1413318052813
439.8920322079044
450.99889135118724
461.8625336612616
470.6166167912051
476.1701376608995
471.6693757283803
463.6938645270174
447.8236259957708
432.53901558125364
413.26625799839985
398.503450424209
381.0774199555781
368.6475281349381
355.39414739131536
341.1231449198368
328.87117538635096
321.72659200010185
