1.0
3.640054944640259
2.0615528128088303
2.23606797749979
2.0615528128088303
2.23606797749979
1.8027756377319946
2.5
3.1622776601683795
3.0
2.8284271247461903
1.8027756377319946
2.23606797749979
3.640054944640259
2.692582403567252
1.118033988749895
1.4142135623730951
1.118033988749895
4.924428900898052
6.082762530298219
1.8027756377319946
2.9154759474226504
4.031128874149275
2.5495097567963922
1.5811388300841898
1.8027756377319946
3.5355339059327378
3.1622776601683795
2.5495097567963922
2.0
1.4142135623730951
3.0
2.692582403567252
2.1213203435596424
3.5355339059327378
3.3541019662496847
2.5
4.47213595499958
4.272001872658765
3.0413812651491097
2.9154759474226504
1.4142135623730951
1.5
4.301162633521313
2.5495097567963922
152.0690632574555
2.23606797749979
0.0
0.7071067811865476
133.27133975465242
6.103277807866851
6.4031242374328485
0.7071067811865476
4.5
5.385164807134504
2.5
0.5
2.23606797749979
127.68026472403635
3.2015621187164243
2.8284271247461903
152.27934856703322
2.9154759474226504
2.23606797749979
3.2015621187164243
166.0429161391717
179.41711178145746
180.9447429465692
163.682619724881
14.0089257261219
21.783020910791965
152.2005256232711
17.88854381999832
136.03308421115798
149.5033444441963
62.39390995922599
23.04886114323222
24.839484696748443
26.16295090390226
27.721832551258224
183.43459324783862
192.38308137671567
198.11612756158948
202.3765055533868
212.0218149153525
212.20862376444555
207.73661208366713
209.0843131370692
206.70087082545155
173.34935823359717
154.0916934815112
163.26741867255694
164.61849835301012
161.91355718407277
163.4824149564717
168.23792675850473
26.315394733881533
185.16276623554748
177.43519943911917
175.4629590540408
13.200378782444085
169.7387698788936
56.48451115128819
193.8569059899595
58.855755878248644
40.26164427839479
206.18074594879124
214.83132918641078
199.00062813971215
202.4234423183244
199.008165661613
193.01942907386294
171.72798257709778
163.66581805618424
99.9862490545575
161.025619079698
158.38244852255568
158.52523458427683
162.55845102608478
177.18493163923392
183.3309848334427
179.41293152947478
176.14269783331923
170.1212802679312
169.54350474140847
194.48650338776724
14.916433890176299
202.1416582498521
200.38463014912097
197.5006329103783
192.46103501748087
196.11539970129832
183.3207571444107
166.15203880783406
156.07770500619236
165.8493292117879
156.06168652170845
161.55494421403512
165.07649741862105
