2.5495097567963922
1.118033988749895
2.5
4.6097722286464435
4.031128874149275
2.9154759474226504
2.5
1.4142135623730951
2.23606797749979
2.1213203435596424
0.5
2.0615528128088303
2.1213203435596424
0.5
1.0
2.23606797749979
2.23606797749979
0.7071067811865476
1.118033988749895
2.5495097567963922
2.692582403567252
3.640054944640259
3.0
3.1622776601683795
2.9154759474226504
13.946325680981353
2.9154759474226504
12.98075498574717
1.8027756377319946
1.5811388300841898
11.510864433221338
2.0615528128088303
1.5811388300841898
0.5
2.9154759474226504
5.5
35.00357124637428
31.04834939252005
2.0
2.5
1.118033988749895
2.0615528128088303
4.527692569068709
5.315072906367325
1.5811388300841898
1.5811388300841898
5.5901699437494745
5.220153254455275
11.180339887498949
4.0
3.905124837953327
1.5811388300841898
2.8284271247461903
3.3541019662496847
2.5
2.9154759474226504
2.5
4.031128874149275
4.123105625617661
1.8027756377319946
2.0
2.5
8.0156097709407
1.5811388300841898
3.0413812651491097
1.8027756377319946
11.423659658795863
5.408326913195984
5.0
5.385164807134504
1.0
0.7071067811865476
1.0
0.5
2.0615528128088303
1.0
1.8027756377319946
2.0
1.5811388300841898
1.5
1.4142135623730951
3.5355339059327378
1.4142135623730951
3.3541019662496847
3.5355339059327378
3.5355339059327378
6.96419413859206
5.70087712549569
6.946221994724902
5.852349955359813
2.23606797749979
7.433034373659253
6.324555320336759
6.18465843842649
8.246211251235321
5.852349955359813
6.519202405202649
5.852349955359813
3.640054944640259
4.031128874149275
9.219544457292887
8.860022573334675
8.73212459828649
8.73212459828649
5.385164807134504
7.158910531638177
6.020797289396148
4.924428900898052
6.18465843842649
7.0710678118654755
3.8078865529319543
1.118033988749895
1.5811388300841898
3.0413812651491097
2.0615528128088303
1.5
3.1622776601683795
3.8078865529319543
3.1622776601683795
