8.246211251235321
7.648529270389178
8.139410298049853
8.381527307120106
7.280109889280518
7.158910531638177
7.433034373659253
7.648529270389178
7.566372975210778
7.648529270389178
7.648529270389178
7.648529270389178
7.566372975210778
7.566372975210778
6.670832032063167
8.077747210701755
8.077747210701755
7.762087348130012
7.762087348130012
8.246211251235321
8.246211251235321
7.0710678118654755
7.158910531638177
7.158910531638177
8.06225774829855
7.762087348130012
196.10520135886247
196.99809643750368
198.78694625150817
201.47766625608904
201.47766625608904
202.3765055533868
204.17700654089333
204.6277107334195
205.52980319165394
206.43279778174784
206.8846296852427
207.78895543315096
208.24144640296754
208.9359949841099
209.17994645758947
209.3895890439637
209.84339398703978
209.84339398703978
209.84339398703978
209.3895890439637
208.9359949841099
208.0294450312263
207.12375527688755
205.31500188734384
205.31500188734384
204.17700654089333
202.60861284752926
201.9269669954957
199.91060502134448
198.1167585036662
196.99809643750368
195.4334925236716
193.64981280651938
190.09537080107975
189.65231345807516
189.00066137450418
187.0327511426809
8.74642784226795
7.0
7.648529270389178
8.0156097709407
9.055385138137417
6.670832032063167
5.5901699437494745
6.041522986797286
173.64403243417263
42.32316150761897
170.23586578626725
168.54153790683173
167.2752223134078
166.55704728410623
165.44636593168192
163.77576133237787
161.9783936208777
162.3922719836138
161.84715011392694
161.0232902408841
161.0232902408841
160.20143569893497
160.20143569893497
159.66918926330152
160.48753845704033
159.66918926330152
159.9578069367044
160.0781059358212
160.0781059358212
160.77468706236067
161.47135968957468
161.88035705421458
162.28986413205232
162.41459294041283
162.98619573448545
164.09219969273371
164.2170819372942
164.2170819372942
164.2170819372942
164.2170819372942
164.2170819372942
164.2170819372942
164.2170819372942
164.2170819372942
166.4309165990502
166.4309165990502
168.08108162431606
168.08108162431606
171.12641526076564
171.95711674717043
173.07585042402653
173.07585042402653
173.91449048311068
174.754828259479
176.4404998859389
178.1326752732356
178.98114425827097
178.98114425827097
180.6827329879643
181.5358091396846
182.39037803568476
182.7327283219949
7.810249675906654
8.94427190999916
185.82316863082494
186.68489494332422
188.41244651030885
188.41244651030885
188.78095772614355
190.52099621826463
189.7893569197177
190.4691576082595
190.9063906735445
191.5861425051405
6.96419413859206
192.02343606966312
7.280109889280518
194.01610757872658
194.25756098540927
7.158910531638177
7.615773105863909
8.077747210701755
7.433034373659253
7.158910531638177
8.73212459828649
7.826237921249264
196.72569735548024
196.04208731800423
196.8000254065024
197.2308292331602
197.73972792537162
197.13764227057194
198.51007531105316
198.34124634074476
199.55011901775453
200.33971149025845
200.8706051168264
200.8706051168264
201.1373908551068
201.40506448448608
201.67362246957336
201.40506448448608
201.5223312687703
201.67362246957336
201.5223312687703
200.83139694778802
200.83139694778802
200.71497203746412
200.2929105085849
200.2929105085849
200.2929105085849
198.91266927976207
198.22272826293155
197.53290865068533
196.84321171937833
196.15363876308794
194.7748700423132
195.62272362892813
194.40743298546997
194.40743298546997
8.0156097709407
8.06225774829855
8.06225774829855
191.2236910008799
7.762087348130012
7.433034373659253
189.34756401918668
190.21172413918129
189.52836199366047
189.52836199366047
189.27823435355688
189.02909828912584
189.46305708501592
189.02909828912584
189.02909828912584
189.02909828912584
188.96891278726244
189.40432941197517
189.40432941197517
189.15932438026945
188.91532494744834
188.91532494744834
189.7893569197177
189.35218509433685
188.91532494744834
188.47877864629749
188.04254837669055
187.60663634317416
186.98261951315155
186.11421224613665
184.63274357491414
183.33848477611022
182.04738394165406
179.474928611213
178.0294919388358
175.64168070250295
171.1286066091815
171.1286066091815
169.4609099468075
166.97305171793442
165.19836560934857
162.8649747490233
160.82987906480562
159.21133753599332
157.60155456086085
155.60205654167942
153.22206107476822
152.6106156202772
151.7316710512344
151.42407338332964
149.9341522135634
149.14841601572576
149.14841601572576
148.99077152629286
148.21352839737673
148.21352839737673
147.82591112521513
147.43897042505418
147.43897042505418
7.566372975210778
147.75655653811103
148.39474384222643
148.0751498395325
149.03690818049066
149.098960425618
149.41971088179764
151.15058716392736
151.15058716392736
9.7082439194738
152.883125295109
152.44835190975337
152.06988525017042
151.69212240587842
150.93872929106035
150.5199322349037
149.44062366036886
147.21582795338279
147.21582795338279
145.74807031312628
143.96961484980085
143.22447416555593
141.42312399321406
139.65403681956352
138.59473294465414
136.84754290815746
134.78223176665387
131.4201278343618
131.4201278343618
129.12977967920492
127.59800155174845
125.25174649480941
123.50101214160149
121.7148306493502
119.97708114469197
118.43141475132347
116.38835852438164
112.8716084761797
113.37107214805724
111.89280584559492
111.15079846766734
110.0147717354356
109.13867325563382
108.50115206761632
108.13533187631135
106.88545270522083
106.12492638395562
105.34229919647663
104.70195795685962
104.83916253003932
103.72318930692403
103.72318930692403
103.11401456640121
102.34378339694112
102.54023600518968
101.7853132824181
101.16941237350349
100.90713552569015
100.77946219344496
100.16985574512923
100.77946219344496
100.16985574512923
100.16985574512923
100.65411069598697
100.04623930963122
100.04623930963122
100.16985574512923
99.68575625434157
100.16985574512923
99.68575625434157
99.81232388838565
99.94123273204109
100.42410069301094
100.55471147589256
100.68763578513501
100.96038827183659
102.20078277586722
104.04326023342406
104.04326023342406
105.46207849269803
106.75322009194852
108.38011810290668
110.39587854625734
113.6540804370877
115.95257651298655
119.01260437449471
123.20917173652293
130.85297092538633
130.85297092538633
134.91664093061314
138.7984149765407
142.6402818281007
146.3770815394268
150.40777905414333
153.4055083756773
157.09869509324386
160.37767924496225
166.01280071127044
166.43316977093238
168.65645555388622
170.85447023709975
173.2065241265467
175.84083712266613
177.6436038814795
179.46099854843112
181.8309654596818
182.5267103741258
186.46179233290664
186.17263493865042
187.44932648585325
189.02380802428036
190.4205871222962
191.20211818910374
192.20041623263984
194.60023124343917
195.7000255493085
196.90733861387696
199.61963831246663
199.92561116575334
200.53989628001705
201.1572767761584
201.386444429609
201.23245265115665
200.06811340141138
200.3160003594321
198.7775138188422
197.6290717480604
197.03426098016558
196.37846114072693
195.9062275681914
195.48913013259843
195.78368164890557
195.71471584937092
195.31640996086324
195.60738738605963
195.22423005354636
195.19349374402827
195.5230165479246
195.1730001818899
196.22499840744044
195.86985475054604
195.5153446663458
195.87368378626059
195.87368378626059
195.5230165479246
194.82363819619016
195.18196638009363
194.4659353203023
194.12689149110693
194.48650338776724
194.13976923855657
193.7937047481161
195.60738738605963
195.28952864913163
196.02295783912658
197.4968354176846
198.2738005889835
201.26723528681958
201.5967509658824
203.5350092735891
204.73458427925655
207.49096365866154
208.33866659840174
211.07167029234407
212.5147053735341
214.80281655509083
216.63159972635572
218.83783950679097
220.5090701082384
221.04807169482388
223.00504478598685
224.4147945212169
225.83456334228381
227.00055066012504
228.7034105561174
229.12987583464536
229.89399731180455
230.75148970266693
230.32259984638938
230.0657514711827
229.38014299411358
228.95086809182445
228.52188079043984
227.8360155901608
227.15028065137847
225.8638970707802
225.26706372659098
222.8727215250893
222.8727215250893
221.17018334305374
219.47266344581504
218.7835688528734
217.936343917209
217.09041895026138
216.82366107046528
216.82366107046528
216.2926258567314
217.72976369803004
217.72976369803004
217.63501556505102
218.66069605669875
219.4384879641673
221.34418899081132
222.1463481581455
224.51336263126967
225.7792063056295
228.4146448895079
233.2493301169373
233.01931250435015
235.4617803381262
237.69413118543756
240.37990764620906
243.08691861143
245.5570198548598
247.81444671366518
249.8649635303037
252.13339723249675
255.77187101008587
255.77187101008587
257.6441344179991
259.4735053912056
260.9070715791352
262.3518629627013
264.5396945639728
266.28790809948543
267.77462538485605
269.8448628378906
272.71230261944544
272.24299807341237
273.61012408169404
274.2161556145079
275.6088714101925
276.23042917100935
278.12452247150014
277.806137441202
278.1227247097943
278.1227247097943
278.5973797436006
279.07212329431974
277.806137441202
277.3319310861986
276.8578154938018
275.7571395267945
274.3378391691529
273.7192905149361
272.94046969989625
271.0544225796731
269.6780487915173
268.56749617181896
267.7988984293998
266.563782236072
265.3323387753555
264.2820463065927
263.3476789341421
260.7283068636775
260.26236762159834
258.30263258433894
255.98144464003636
255.43002955799852
254.04182726472428
252.65490298033006
250.53941805632104
249.6177077052027
248.0413272017387
246.396530008034
244.36141266574802
243.4430118117996
240.69171153157725
240.69171153157725
240.23374034469015
238.86083814639855
238.65927595633067
237.28674636397204
237.08490040489716
237.08490040489716
236.6273441510934
236.88393782610083
236.88393782610083
236.88393782610083
236.42599264886252
236.68386087775397
236.88393782610083
237.40261161158273
237.40261161158273
238.05986642019272
238.05986642019272
238.9780324632371
239.96510162938276
239.96510162938276
239.96510162938276
241.34726018747344
241.1539964421075
242.07695057563825
242.53865671269807
