1.5811388300841898
1.5811388300841898
1.5811388300841898
1.0
1.118033988749895
2.0615528128088303
3.1622776601683795
1.5811388300841898
1.118033988749895
2.692582403567252
2.23606797749979
1.5811388300841898
1.5
2.0615528128088303
2.5495097567963922
2.0615528128088303
1.5
1.5811388300841898
1.5811388300841898
1.118033988749895
1.5811388300841898
0.7071067811865476
2.5495097567963922
1.8027756377319946
1.5
2.23606797749979
1.5
0.5
1.8027756377319946
1.5
2.0
1.8027756377319946
1.0
1.5
2.0
2.0
1.118033988749895
2.0615528128088303
2.0
1.0
2.5
1.5
2.0615528128088303
1.5811388300841898
1.8027756377319946
1.8027756377319946
2.0615528128088303
1.118033988749895
2.0
1.4142135623730951
1.8027756377319946
1.0
1.4142135623730951
1.5811388300841898
1.118033988749895
1.5811388300841898
1.5811388300841898
1.5811388300841898
2.0
1.4142135623730951
1.5811388300841898
2.5495097567963922
2.5
1.8027756377319946
2.5
2.23606797749979
2.23606797749979
2.23606797749979
2.0615528128088303
3.0413812651491097
3.1622776601683795
2.5
1.118033988749895
2.23606797749979
2.5
2.23606797749979
1.4142135623730951
2.0
1.4142135623730951
0.7071067811865476
1.5811388300841898
1.8027756377319946
1.5811388300841898
1.118033988749895
2.23606797749979
1.5
1.5811388300841898
2.5495097567963922
1.5811388300841898
2.5
2.23606797749979
1.4142135623730951
1.8027756377319946
1.4142135623730951
2.5
1.5
1.118033988749895
4.123105625617661
2.692582403567252
4.6097722286464435
2.23606797749979
1.4142135623730951
1.118033988749895
1.8027756377319946
1.8027756377319946
1.5811388300841898
1.5811388300841898
1.5
1.8027756377319946
1.5811388300841898
1.8027756377319946
2.23606797749979
1.118033988749895
1.8027756377319946
2.0
2.0
2.23606797749979
1.5
1.0
0.7071067811865476
0.7071067811865476
1.118033988749895
1.0
2.5
1.5
1.0
0.7071067811865476
1.0
1.5
1.4142135623730951
2.5495097567963922
1.5
2.9154759474226504
2.5
4.242640687119285
3.605551275463989
3.2015621187164243
4.031128874149275
2.9154759474226504
5.70087712549569
3.3541019662496847
2.9154759474226504
2.692582403567252
5.0990195135927845
6.082762530298219
2.0615528128088303
4.47213595499958
4.6097722286464435
4.031128874149275
3.640054944640259
2.23606797749979
4.6097722286464435
5.0990195135927845
6.082762530298219
5.0990195135927845
7.280109889280518
6.082762530298219
5.852349955359813
6.576473218982953
7.158910531638177
6.708203932499369
7.158910531638177
6.324555320336759
6.324555320336759
5.5901699437494745
5.5901699437494745
8.246211251235321
6.324555320336759
7.158910531638177
7.615773105863909
6.708203932499369
7.158910531638177
4.031128874149275
4.272001872658765
4.031128874149275
5.385164807134504
3.5
3.640054944640259
3.640054944640259
3.0413812651491097
2.23606797749979
2.0
3.640054944640259
2.692582403567252
2.23606797749979
1.5811388300841898
1.0
1.8027756377319946
0.7071067811865476
3.1622776601683795
2.0
3.5355339059327378
3.3541019662496847
4.242640687119285
4.123105625617661
2.5495097567963922
5.315072906367325
4.6097722286464435
3.905124837953327
3.2015621187164243
2.5
3.605551275463989
4.031128874149275
4.924428900898052
3.5355339059327378
4.031128874149275
5.70087712549569
2.9154759474226504
5.220153254455275
2.0615528128088303
6.18465843842649
7.280109889280518
2.5
6.96419413859206
4.272001872658765
4.924428900898052
4.0
3.5355339059327378
4.123105625617661
8.860022573334675
4.272001872658765
3.5355339059327378
7.566372975210778
4.47213595499958
4.716990566028302
5.5901699437494745
5.0990195135927845
4.031128874149275
246.62927644543743
5.0
4.924428900898052
5.0
2.23606797749979
2.5495097567963922
1.4142135623730951
1.8027756377319946
2.23606797749979
3.0413812651491097
3.640054944640259
4.031128874149275
1.5811388300841898
243.6000821017924
243.10594398327655
240.52546642715402
5.70087712549569
5.70087712549569
2.692582403567252
1.8027756377319946
3.2015621187164243
1.8027756377319946
2.692582403567252
5.5901699437494745
4.743416490252569
5.385164807134504
2.0615528128088303
4.123105625617661
5.220153254455275
3.0413812651491097
5.1478150704935
5.0
5.408326913195984
5.830951894845301
5.315072906367325
6.96419413859206
5.315072906367325
10.688779163215974
5.408326913195984
7.5
8.514693182963201
228.61539755668252
228.7935750846164
229.34035841953332
228.47319317591726
229.0922303352953
229.34035841953332
229.9614098060803
230.20860105565126
229.27985083735553
230.83164860997724
231.8949115440009
232.38384195119934
232.13896700037242
233.69210512980536
233.2557609149236
232.81967270830015
231.8949115440009
233.2557609149236
232.38384195119934
232.62953380858588
232.3316594870359
232.57525663750218
232.81967270830015
232.81967270830015
231.75957369653577
231.4584195919431
232.81967270830015
231.94827009486403
231.75957369653577
231.75957369653577
231.38820194642597
231.82159088402443
231.13902742721748
8.514693182963201
9.617692030835672
8.139410298049853
7.762087348130012
7.648529270389178
8.558621384311845
7.0
6.576473218982953
7.433034373659253
6.18465843842649
5.5901699437494745
5.5901699437494745
5.852349955359813
6.041522986797286
6.041522986797286
4.924428900898052
4.924428900898052
5.385164807134504
4.924428900898052
5.220153254455275
5.70087712549569
4.6097722286464435
4.272001872658765
5.1478150704935
3.1622776601683795
4.031128874149275
3.0
4.272001872658765
4.6097722286464435
4.0
3.8078865529319543
2.1213203435596424
1.118033988749895
2.0
1.5811388300841898
2.5
1.0
2.0615528128088303
1.5811388300841898
2.0615528128088303
1.5
1.5811388300841898
1.118033988749895
1.8027756377319946
1.5811388300841898
2.0
1.5811388300841898
1.118033988749895
1.5
1.5811388300841898
1.5811388300841898
0.7071067811865476
0.7071067811865476
0.7071067811865476
0.7071067811865476
0.7071067811865476
2.1213203435596424
1.5811388300841898
1.5811388300841898
2.5495097567963922
2.5495097567963922
1.5811388300841898
2.5495097567963922
1.5811388300841898
2.5495097567963922
2.5495097567963922
2.5495097567963922
2.5495097567963922
2.5495097567963922
2.5495097567963922
2.5495097567963922
3.0413812651491097
4.031128874149275
3.5355339059327378
4.527692569068709
4.527692569068709
4.527692569068709
3.5355339059327378
4.743416490252569
4.527692569068709
4.527692569068709
5.522680508593631
5.522680508593631
6.670832032063167
4.527692569068709
4.527692569068709
4.527692569068709
4.527692569068709
4.527692569068709
5.522680508593631
5.522680508593631
5.522680508593631
5.70087712549569
5.70087712549569
6.96419413859206
4.743416490252569
4.743416490252569
4.527692569068709
4.527692569068709
5.522680508593631
4.743416490252569
5.70087712549569
5.70087712549569
5.70087712549569
5.70087712549569
5.70087712549569
5.522680508593631
5.522680508593631
5.522680508593631
5.522680508593631
5.522680508593631
5.522680508593631
5.522680508593631
5.522680508593631
5.522680508593631
5.522680508593631
5.522680508593631
5.522680508593631
5.522680508593631
5.522680508593631
6.519202405202649
5.522680508593631
5.522680508593631
5.522680508593631
6.519202405202649
6.519202405202649
6.519202405202649
6.519202405202649
6.519202405202649
7.516648189186454
6.519202405202649
6.519202405202649
4.527692569068709
4.527692569068709
6.519202405202649
6.519202405202649
4.743416490252569
4.743416490252569
6.5
5.5
4.5
3.5
5.5
4.5
3.5
3.640054944640259
0.5
0.5
0.5
1.8027756377319946
5.5901699437494745
4.031128874149275
3.2015621187164243
3.2015621187164243
2.5
0.5
1.118033988749895
2.0615528128088303
3.2015621187164243
3.2015621187164243
3.2015621187164243
3.2015621187164243
3.2015621187164243
4.031128874149275
4.6097722286464435
4.6097722286464435
4.6097722286464435
4.6097722286464435
5.315072906367325
5.5901699437494745
4.6097722286464435
5.5901699437494745
4.924428900898052
5.852349955359813
6.800735254367722
4.6097722286464435
5.0990195135927845
4.47213595499958
5.385164807134504
4.123105625617661
5.0990195135927845
5.0
6.0
5.0
5.0990195135927845
6.082762530298219
7.0710678118654755
9.055385138137417
7.0
6.082762530298219
7.0710678118654755
7.280109889280518
8.246211251235321
10.0
5.0990195135927845
5.0
8.06225774829855
7.0
6.0
8.0
4.123105625617661
4.123105625617661
4.123105625617661
6.0
4.242640687119285
5.0
3.605551275463989
5.0
3.0
3.605551275463989
3.605551275463989
3.1622776601683795
2.8284271247461903
3.1622776601683795
2.8284271247461903
2.8284271247461903
2.8284271247461903
3.605551275463989
3.605551275463989
3.1622776601683795
3.1622776601683795
4.123105625617661
4.272001872658765
5.024937810560445
3.3541019662496847
4.716990566028302
5.315072906367325
3.905124837953327
4.6097722286464435
4.6097722286464435
5.5901699437494745
5.220153254455275
5.315072906367325
5.315072906367325
5.5901699437494745
6.103277807866851
5.70087712549569
6.519202405202649
4.949747468305833
5.70087712549569
6.363961030678928
6.519202405202649
7.106335201775948
7.106335201775948
6.363961030678928
6.363961030678928
5.70087712549569
4.949747468305833
6.519202405202649
4.949747468305833
5.1478150704935
4.743416490252569
4.949747468305833
4.527692569068709
3.8078865529319543
5.70087712549569
4.527692569068709
4.527692569068709
4.743416490252569
4.743416490252569
5.1478150704935
5.70087712549569
6.041522986797286
6.041522986797286
5.1478150704935
5.1478150704935
4.949747468305833
5.1478150704935
6.519202405202649
6.363961030678928
5.70087712549569
3.5355339059327378
6.041522986797286
3.3541019662496847
6.18465843842649
4.272001872658765
7.158910531638177
4.272001872658765
4.031128874149275
6.18465843842649
6.020797289396148
3.3541019662496847
5.5901699437494745
7.0178344238090995
5.5901699437494745
2.0615528128088303
2.0615528128088303
4.031128874149275
4.6097722286464435
6.020797289396148
3.905124837953327
5.5901699437494745
3.5
240.70002077274526
240.70002077274526
238.9110713215275
234.93935387669728
3.8078865529319543
3.5355339059327378
3.5355339059327378
4.301162633521313
5.1478150704935
4.301162633521313
4.949747468305833
4.949747468305833
4.743416490252569
9.17877987534291
6.020797289396148
233.10619897377248
2.5
4.716990566028302
3.5
4.716990566028302
6.020797289396148
4.6097722286464435
4.031128874149275
3.640054944640259
3.640054944640259
3.2015621187164243
3.3541019662496847
3.0413812651491097
3.0413812651491097
3.3541019662496847
4.031128874149275
3.2015621187164243
3.2015621187164243
4.031128874149275
1.5
4.6097722286464435
1.118033988749895
214.27669028618115
214.27669028618115
214.27669028618115
4.6097722286464435
8.74642784226795
8.860022573334675
10.124228365658293
6.519202405202649
4.301162633521313
3.5355339059327378
2.9154759474226504
2.5495097567963922
16.507574019219177
214.07066590264066
9.192388155425117
214.07066590264066
214.07066590264066
214.07066590264066
212.44352190641163
212.44352190641163
12.020815280171307
1.5811388300841898
5.70087712549569
5.70087712549569
2.5495097567963922
5.408326913195984
5.315072906367325
6.020797289396148
9.604686356149273
6.020797289396148
6.800735254367722
7.158910531638177
1.118033988749895
2.5
3.905124837953327
5.408326913195984
1.8027756377319946
3.640054944640259
4.6097722286464435
3.640054944640259
5.408326913195984
3.905124837953327
2.0615528128088303
10.259142264341596
6.946221994724902
3.2015621187164243
4.716990566028302
1.5
214.40149253211834
216.0092590608097
217.6235281397671
220.05681084665386
221.68671588527806
221.68671588527806
221.68671588527806
218.66183937761065
6.103277807866851
8.73212459828649
4.272001872658765
213.21585306913744
213.82703290276467
215.84485168750263
215.67800073257357
4.272001872658765
5.220153254455275
5.024937810560445
5.024937810560445
5.024937810560445
5.024937810560445
3.640054944640259
3.3541019662496847
4.0
5.385164807134504
4.123105625617661
4.0
4.47213595499958
2.23606797749979
3.605551275463989
4.47213595499958
5.385164807134504
6.800735254367722
9.394147114027968
6.264982043070834
4.6097722286464435
6.020797289396148
3.905124837953327
2.0615528128088303
2.0615528128088303
20.524375751773793
3.0413812651491097
3.2015621187164243
3.905124837953327
9.604686356149273
9.013878188659973
3.640054944640259
7.433034373659253
2.692582403567252
6.726812023536855
2.0615528128088303
3.905124837953327
4.031128874149275
3.640054944640259
5.5901699437494745
4.924428900898052
4.6097722286464435
19.474342094150447
5.315072906367325
8.200609733428363
8.200609733428363
4.0
3.605551275463989
4.0
3.1622776601683795
4.242640687119285
3.605551275463989
5.830951894845301
4.0
4.47213595499958
2.23606797749979
4.123105625617661
6.708203932499369
3.605551275463989
8.54400374531753
204.04533809915873
207.78955700419596
210.14399824881986
210.14399824881986
212.5147053735341
20.524375751773793
3.3541019662496847
6.103277807866851
6.103277807866851
222.31171808971294
226.4563975691568
233.15767197328077
236.2255278330435
13.82931668593933
244.65536985727496
248.25843389500386
251.67488949038997
256.47855660853986
261.29341744483344
265.2531809422839
268.72151011781693
272.94046969989625
275.94292888204257
278.0944084299431
280.26505311936415
284.6901824791294
286.0078670246677
286.4445845185417
288.68061937026533
289.57296144495257
292.9270386973521
292.9270386973521
292.9270386973521
292.9270386973521
292.9270386973521
292.9270386973521
292.9270386973521
292.9270386973521
292.9270386973521
291.5977537636393
288.93122018916546
283.5723011861349
280.9150227381939
276.91198962847386
276.4439364500513
273.3244409122609
273.3244409122609
274.7421518442338
273.90509305231984
270.0259246813165
264.31988196123274
261.72504656604804
256.90854403853524
250.9123352886422
246.661711661944
243.05760634055457
239.67686580060246
237.15395843207003
233.8076132207846
230.4821034267086
226.35591443565153
223.0807028857494
221.45202640752692
218.4330561064419
216.0092590608097
213.60009363293827
210.41150158677164
208.0384579831335
4.031128874149275
206.93235609734887
206.65188119153427
207.17142660125697
206.30317496345035
204.13720875920686
202.63267258761604
199.80990966416056
196.98730923589977
194.74342094150447
194.0
192.52012881774206
192.52012881774206
192.52012881774206
191.17531221368517
191.17531221368517
191.91925385432282
192.5876423865249
194.67151820438448
197.3854097951518
200.14244927051334
201.5365971728212
201.52667317256046
201.52667317256046
201.52667317256046
197.31446981911895
192.46298345396187
189.9315666233499
187.4459922217597
184.91078930121952
183.04371062672436
183.2184488527288
184.8053029542172
188.70678313192667
192.73362446651595
196.62464240272632
201.3665811399697
204.00122548651515
204.86886049373146
204.86886049373146
204.52994890724437
201.76843162397827
200.80400892412482
198.82215671297806
194.69527472437537
192.12040495480952
189.138177002952
187.30523217465122
186.5006702400825
187.30323008426737
188.914001598611
193.50064599375372
199.53069939234913
203.8068938971398
208.653420772342
209.28509263681443
210.06011044460584
208.1808108351968
205.71643104040086
204.90790614322327
202.5617189895465
200.8363761871838
199.2899897134826
197.75300250565098
196.64434901618708
195.25688208101656
194.16294703161054
192.86847850283883
192.86847850283883
192.6058150731696
192.6058150731696
196.65706191235543
198.8617610301186
202.27209397245088
206.20196410315785
209.22296719050706
210.45248869994387
212.31874622840067
211.69376466962837
210.0148804251737
206.5006053259893
205.52980319165394
203.46129853119487
201.77338773981072
200.53490967908803
200.60471081208436
200.07561070755227
201.45284808113288
203.30334478310976
207.47831211960445
211.70085025809414
220.1601689679584
222.43763170830604
225.10997312424877
225.10997312424877
223.76885395425342
216.9850225245973
211.9015101409143
204.83713042317302
203.03017017182447
198.74921383492313
196.5025445127874
195.40023029669132
196.5025445127874
196.8660712261003
200.4120754844877
205.4391637444039
211.2279574298819
215.67220497783205
217.44941940598508
219.24415613648634
212.84031572989173
204.39789627097437
196.9428851215499
190.32734958486654
183.91981948664477
179.90136186254955
177.5176047607673
179.36694232773218
184.01154855062765
189.95328373050043
199.10361624038876
204.89814542840548
205.03963031570262
205.03963031570262
197.04377686189432
188.45224859364242
180.99792816493783
176.08591652940333
172.00654057331658
168.77573877782316
165.43956600523347
165.43956600523347
164.91285577540643
166.2024368052406
172.08500806287572
177.96418178948258
186.68824280066488
191.88147383215505
197.3689438589567
198.2738005889835
194.42865015218308
187.0628236716211
179.6399176129849
172.60504048260003
165.89906569959942
162.1866209032052
157.70383635156122
157.90028499024314
157.51984002023363
164.08077279193927
169.82490983362834
180.7242374447877
189.70569311436068
201.11315223028055
205.75835341487354
205.75835341487354
199.72105547487976
192.51623308178455
184.8871277293257
174.40541849380713
170.87202813801912
166.27762928307584
163.8329942349831
162.42613705927997
167.92036803199306
173.15094570922793
179.62739212046696
189.69449122207
198.07321878537743
206.11283317639393
208.50059951952176
202.51543151078636
195.84751721683887
188.01662160564422
179.9590231135966
171.11764958647603
167.03667262011658
164.66708839352205
162.6729848499744
162.6729848499744
167.10026929960347
173.17187993435886
182.4678053794696
188.84517468021258
196.4853684120016
196.4853684120016
192.8017116106597
184.82018288055013
176.77810950454244
171.44824291896373
164.71338743405164
159.89527822922102
157.9952530932496
156.67242897204346
156.67242897204346
158.50946343988426
162.00694429560727
170.5615724599184
182.79565093294752
194.33540593520266
204.92498627546618
205.84035075757134
205.84035075757134
200.4476240817037
189.29672474715457
183.53541892506743
176.76325975722443
172.49420280113765
170.63191377933964
170.63191377933964
172.49420280113765
182.40956663508632
187.739846596294
197.04377686189432
204.29512965315644
204.29512965315644
199.01884332896722
194.53662894169827
188.79751057680818
181.86396014603883
179.57310489045958
176.398696140306
178.19441629860347
179.95624468186705
187.88360758725068
197.06915030009137
208.4448368273966
210.76349304374324
209.21579768267978
200.84633429565002
194.19384645245586
188.51856672487196
181.8804552446469
178.03440678700284
175.7171021841642
175.96164354767774
177.5873024740226
179.99513882324712
189.3257774313894
194.60023124343917
199.67035333268683
203.10403737986107
203.10403737986107
201.0006218895852
198.90952717253137
195.19861679837794
191.82935124740428
192.07875988770857
193.01942907386294
193.01942907386294
198.3393556508642
204.74984737479048
208.55814536958272
216.80982450064388
223.7375694871114
227.97039281450563
227.97039281450563
226.21781539038875
223.10647682216668
216.2140143468966
216.13074746550987
211.31138161490497
210.54334470602484
208.65401985104432
208.35366567449682
209.89342533771753
215.4675149529506
220.70172178757466
225.4955653665943
236.341384442082
242.207039534362
246.305196859506
246.305196859506
243.600595237368
239.3579954795745
231.45679942486026
227.87386862034006
223.63027523123966
223.20674272969444
221.38484591317447
220.51077071199947
223.6811346537745
224.7848971795036
227.89526103014956
233.89367242403117
238.59641656990576
244.85965367940878
249.75437934098372
249.7884104597329
249.22128721279006
244.7616187231977
239.67738733555987
234.61724148067208
231.68782876966154
32.22188697143605
226.52372944131042
223.94474764995047
223.35285984289524
223.35285984289524
224.44709844415453
226.98568236785331
231.9423419731723
236.78524024947163
238.99006255491042
240.78880787943612
240.78880787943612
235.26846367501108
232.46989052348263
229.85484550037225
226.08239648411373
225.63521445022715
223.8894816645034
223.8894816645034
226.9636534778201
230.5699460033766
235.3561131562127
239.9385337956369
245.31714167583152
245.64710460333131
245.64710460333131
243.94364103210398
245.05611602243272
241.05238019982295
240.5665188674434
239.35329536064467
241.06067700892237
240.15463768164045
239.71910645586846
241.95505781032972
243.73397383212708
246.97216442344268
249.81593223811808
253.3081127796739
255.36836139193124
255.03921267130667
254.50442039383128
251.54373377208188
247.68629352469225
245.1025295667101
7.0178344238090995
6.020797289396148
6.020797289396148
8.381527307120106
6.18465843842649
8.381527307120106
9.17877987534291
254.3953615929347
254.02558926218438
6.324555320336759
6.082762530298219
7.0178344238090995
5.024937810560445
4.031128874149275
4.527692569068709
3.5355339059327378
2.9154759474226504
3.5355339059327378
5.1478150704935
5.70087712549569
6.041522986797286
6.519202405202649
6.96419413859206
6.96419413859206
5.70087712549569
264.92498938378765
271.1517103025537
275.55988459861135
281.3365422407832
284.9034924320866
288.4874347350331
290.26367323521555
292.4995726492605
292.4995726492605
289.836160614924
288.9498226336192
286.29530209208815
283.6476687723698
282.766688278517
8.381527307120106
9.340770846134703
5.024937810560445
8.381527307120106
6.96419413859206
6.670832032063167
6.96419413859206
6.519202405202649
6.264982043070834
4.031128874149275
1.8027756377319946
1.118033988749895
3.2015621187164243
1.8027756377319946
2.23606797749979
0.0
1.0
1.4142135623730951
1.4142135623730951
2.23606797749979
2.23606797749979
3.1622776601683795
2.0
2.23606797749979
2.23606797749979
2.23606797749979
2.0
1.0
1.0
1.0
1.4142135623730951
1.4142135623730951
1.0
2.0
1.0
3.1622776601683795
1.4142135623730951
2.23606797749979
3.605551275463989
3.1622776601683795
3.605551275463989
2.8284271247461903
2.23606797749979
3.605551275463989
2.8284271247461903
3.1622776601683795
3.605551275463989
5.385164807134504
4.0
5.0990195135927845
3.605551275463989
5.0990195135927845
6.18465843842649
6.519202405202649
5.522680508593631
6.519202405202649
6.670832032063167
4.6097722286464435
5.5901699437494745
7.566372975210778
5.5
7.5
6.5
5.5
6.576473218982953
5.852349955359813
5.852349955359813
6.264982043070834
5.852349955359813
6.576473218982953
6.576473218982953
6.576473218982953
7.5
6.5
6.576473218982953
5.5901699437494745
7.566372975210778
6.576473218982953
6.576473218982953
5.5901699437494745
5.5901699437494745
5.5901699437494745
5.5901699437494745
5.5901699437494745
5.852349955359813
4.6097722286464435
5.5901699437494745
4.6097722286464435
4.6097722286464435
4.5
6.5
288.520796477481
288.520796477481
288.520796477481
288.520796477481
6.5
6.5
279.3966714189702
276.8076949797458
273.71609379062824
2.692582403567252
268.0531663681666
4.6097722286464435
266.012217764523
264.31136941115494
263.4625210537544
261.76802707741064
261.76802707741064
261.76802707741064
261.76802707741064
4.5
3.5
4.5
5.0
5.0
5.0
5.0
4.0
3.0
2.23606797749979
3.605551275463989
3.0
5.0
6.082762530298219
5.385164807134504
5.0990195135927845
4.123105625617661
6.324555320336759
5.0990195135927845
5.0990195135927845
6.082762530298219
7.0710678118654755
6.082762530298219
280.1236334192458
8.0
7.0710678118654755
283.45943272362626
285.68032833921205
286.51745147547297
6.082762530298219
8.0
9.055385138137417
9.055385138137417
5.385164807134504
5.385164807134504
4.47213595499958
6.708203932499369
