1.5
1.5
2.0
2.692582403567252
1.8027756377319946
2.9154759474226504
3.3541019662496847
2.0615528128088303
2.692582403567252
2.692582403567252
2.5495097567963922
2.5495097567963922
1.118033988749895
1.4142135623730951
1.8027756377319946
1.8027756377319946
1.4142135623730951
2.1213203435596424
1.8027756377319946
1.118033988749895
2.0615528128088303
2.0
1.5811388300841898
1.8027756377319946
1.118033988749895
2.5495097567963922
2.0
1.5
1.8027756377319946
0.7071067811865476
1.5811388300841898
1.8027756377319946
1.4142135623730951
1.118033988749895
2.9154759474226504
2.23606797749979
0.7071067811865476
2.5
2.1213203435596424
2.1213203435596424
2.5
1.5811388300841898
1.8027756377319946
2.1213203435596424
1.8027756377319946
2.5
1.8027756377319946
1.5811388300841898
1.5
1.118033988749895
2.0
2.1213203435596424
1.5811388300841898
1.5811388300841898
1.118033988749895
2.23606797749979
1.4142135623730951
1.5
2.5495097567963922
0.7071067811865476
1.5811388300841898
1.5811388300841898
1.5811388300841898
0.7071067811865476
0.7071067811865476
1.5
2.1213203435596424
2.0615528128088303
1.118033988749895
0.7071067811865476
1.118033988749895
1.5811388300841898
0.5
1.5811388300841898
1.0
1.5
1.5
2.23606797749979
2.0615528128088303
1.5
1.8027756377319946
1.5
1.4142135623730951
1.5811388300841898
1.5811388300841898
1.8027756377319946
1.5811388300841898
1.8027756377319946
2.23606797749979
1.8027756377319946
2.5
0.7071067811865476
2.1213203435596424
1.4142135623730951
1.8027756377319946
1.5811388300841898
1.4142135623730951
1.4142135623730951
1.4142135623730951
1.4142135623730951
1.118033988749895
1.118033988749895
1.118033988749895
1.5811388300841898
1.118033988749895
1.118033988749895
1.118033988749895
1.5811388300841898
1.5811388300841898
2.1213203435596424
0.7071067811865476
2.1213203435596424
1.118033988749895
1.118033988749895
1.5
1.4142135623730951
1.4142135623730951
0.7071067811865476
2.1213203435596424
1.5811388300841898
2.1213203435596424
2.1213203435596424
1.5811388300841898
2.0615528128088303
1.118033988749895
1.118033988749895
1.4142135623730951
2.1213203435596424
1.5811388300841898
0.5
1.118033988749895
1.118033988749895
1.8027756377319946
1.5811388300841898
1.5
1.4142135623730951
2.23606797749979
2.5495097567963922
1.8027756377319946
1.5811388300841898
2.0615528128088303
2.5495097567963922
1.5811388300841898
1.5811388300841898
2.1213203435596424
1.5811388300841898
2.5
2.1213203435596424
1.8027756377319946
1.118033988749895
2.5
1.8027756377319946
2.1213203435596424
3.3541019662496847
1.118033988749895
1.5811388300841898
1.8027756377319946
1.4142135623730951
1.4142135623730951
1.118033988749895
0.7071067811865476
1.4142135623730951
1.5811388300841898
0.7071067811865476
1.4142135623730951
1.4142135623730951
0.0
1.0
1.118033988749895
0.5
0.7071067811865476
1.5811388300841898
2.23606797749979
2.23606797749979
1.118033988749895
2.23606797749979
1.8027756377319946
1.4142135623730951
1.8027756377319946
1.4142135623730951
1.0
1.8027756377319946
1.4142135623730951
1.118033988749895
1.4142135623730951
0.7071067811865476
1.4142135623730951
2.5
1.118033988749895
1.4142135623730951
0.7071067811865476
7.5
2.0
6.020797289396148
14.0
2.5
3.8078865529319543
3.905124837953327
3.1622776601683795
2.5
3.605551275463989
5.1478150704935
5.1478150704935
1.4142135623730951
6.519202405202649
1.118033988749895
4.123105625617661
20.024984394500787
20.74246851269154
223.93804946904402
221.53385745750018
218.65269264292172
217.81930584775998
215.0
215.31024127987968
215.75564882523935
215.5411793602327
217.0587478080531
217.72976369803004
218.82927135097808
22.7705950734714
22.005681084665387
224.80769559781533
226.33824246026123
228.83236222178016
12.747548783981962
11.180339887498949
10.770329614269007
10.965856099730654
10.51189802081432
12.349089035228468
9.394147114027968
9.394147114027968
9.656603957913983
13.124404748406688
5.70087712549569
24.186773244895647
10.062305898749054
10.062305898749054
11.629703349613008
11.180339887498949
11.661903789690601
13.416407864998739
225.06221362103412
222.76669409945464
41.246211947280685
218.0166278062295
216.2417628489002
213.61764908359046
211.453304537905
209.113007725488
206.54539452623968
204.57883565999686
205.03963031570262
204.08331631958552
203.33715843396652
200.92598139613503
199.34705917068354
197.33284065253812
197.04377686189432
196.6882050352791
196.2205391899635
196.3981924560407
196.29060089571277
197.30306637252247
198.42504882196704
198.92963580120485
200.98818373227815
202.20039564748632
204.37710243566914
43.00290687848904
208.10153771656758
211.4172414917951
213.5158073773462
1.5811388300841898
218.8355546980426
221.4870199357064
224.06751214756682
4.47213595499958
228.60008748904713
230.80782049142096
232.5537572261519
235.27908959361434
237.61839154408904
239.18873301223869
241.86411474214194
244.23042398521935
245.83988691829484
247.57322149214764
249.63273022582595
9.5524865872714
9.219544457292887
6.18465843842649
9.055385138137417
9.5524865872714
10.111874208078342
256.3049940988275
2.8284271247461903
1.0
1.8027756377319946
0.5
1.118033988749895
1.118033988749895
8.139410298049853
1.118033988749895
257.7251442913555
257.10017502911194
2.0615528128088303
1.8027756377319946
2.0
1.118033988749895
1.118033988749895
0.7071067811865476
2.1213203435596424
1.4142135623730951
2.23606797749979
2.0615528128088303
3.0
3.8078865529319543
233.40201370168168
230.6176489343346
229.0087334579186
226.9636534778201
224.95555116511352
222.5140445005663
220.56518310921152
217.53907694940696
215.3555200128383
213.37877120276048
211.3462798347773
211.53959440256097
208.46162716432968
207.42769824688312
205.57784413695947
204.57883565999686
202.73751502866952
203.01847206596744
202.0600158368795
201.2958022413781
202.146605215126
201.92139559739576
203.79524037621684
203.67866849525504
205.47140920332444
207.18228688765842
40.20572098594925
212.32168989530956
3.1622776601683795
5.1478150704935
218.9617546513546
3.605551275463989
2.23606797749979
2.1213203435596424
235.27908959361434
2.23606797749979
246.0741758088402
48.56439024635232
254.7508586835381
259.18719104153274
263.35764655692077
267.6611664025994
272.9981684920249
277.68327281274975
282.85155117128136
286.0004370626031
290.0
293.8043566729398
297.40544715926103
301.11210536941223
303.3158419865339
305.30722231876535
305.90276232816205
304.90080354108613
306.01470552899906
305.26095393941233
303.4456293967669
301.03529693376487
297.8141198801695
295.0804974917861
290.871535217869
288.1397230511614
284.06381325329
281.83195347582574
277.53963680887097
274.4157429886267
271.02951868754076
267.36538669019967
263.4089026589648
259.5308266853863
255.11027027542423
250.60127693210185
246.22347572885897
243.14861710484803
238.52253562294695
234.65986022326018
230.70869077691893
225.69448376068033
220.55384830013736
217.99655960588
212.9096052318918
207.70953276149845
203.39247773700973
199.21094347449892
195.86028183376027
193.37851483554215
191.13673116384513
191.9713520294109
191.09421759959145
190.23998002523024
191.02355875650522
191.1674658512792
30.008332176247315
193.51033564127783
196.93717272267315
197.32840647002652
8.0156097709407
1.5
2.5495097567963922
0.5
1.0
3.3541019662496847
1.118033988749895
0.7071067811865476
1.118033988749895
1.118033988749895
1.4142135623730951
2.0615528128088303
2.23606797749979
2.0615528128088303
1.8027756377319946
189.7893569197177
188.35339126227592
185.47573965346518
181.48622537261608
179.60233851484227
176.13914953808538
174.5
172.62459268597854
171.57068514172227
168.21563542073014
167.8220784044817
167.00673639108095
166.11592337882604
165.9435144861046
168.12197952677099
166.75805827605453
169.1463863048809
169.02218789259592
170.77543734389909
172.9486918134971
176.68121009320714
176.85658031297564
179.76929659983654
42.08622102303793
185.0168911207839
189.00066137450418
193.21490625725542
196.8660712261003
201.78763589476932
204.68512403201166
207.60118015078817
211.06456358185758
213.84573879317773
4.6097722286464435
2.5
3.0
1.118033988749895
1.8027756377319946
1.0
0.7071067811865476
1.0
1.5
0.7071067811865476
0.5
1.4142135623730951
2.0615528128088303
2.5
2.1213203435596424
1.5811388300841898
1.118033988749895
1.0
1.4142135623730951
2.23606797749979
1.118033988749895
1.4142135623730951
2.0
1.5
2.23606797749979
2.5
2.0615528128088303
2.23606797749979
3.2015621187164243
2.0615528128088303
2.23606797749979
7.826237921249264
225.9917033875359
224.61355702628458
3.905124837953327
222.54718600782172
221.6985566033302
219.63207871347026
217.40572669550357
215.44488854461133
212.3734917545031
210.83880098312076
207.77150911518163
205.54804791094466
205.70002430724213
202.46789869013804
200.38587774591304
199.008165661613
197.51708786836647
196.634813804677
34.44198019858905
196.6367208839692
199.12307751739877
202.12496134817195
206.74743045561655
214.00525694477693
218.1564805363343
225.2137873221797
233.0134116311763
241.29857024027308
247.14570601165622
251.80250197327268
256.52728899670694
262.4790467827861
266.83937115800586
269.72439637526304
272.46880555395694
272.40089941114366
275.8554875292496
277.90510970473355
278.48922779885044
279.4610885257552
278.92516917625056
279.8660393831306
280.0361583795921
2.5
279.7413984379144
278.61442891566116
30.53686296920494
276.55198426335687
275.6088714101925
275.79929296501103
276.0547952852839
277.0798621336455
5.220153254455275
4.527692569068709
273.85123698825976
33.06433123473088
272.80029325497435
2.1213203435596424
2.1213203435596424
1.8027756377319946
1.5811388300841898
1.118033988749895
1.5
1.4142135623730951
1.118033988749895
0.7071067811865476
1.0
0.5
0.5
0.0
1.0
1.118033988749895
2.9154759474226504
0.5
2.0
1.5811388300841898
1.5811388300841898
2.0
1.5811388300841898
1.0
1.118033988749895
2.5
274.02782705411505
276.41499597525456
278.25213386423474
280.56416378432937
282.511061730333
283.5004409167647
285.52801964080516
287.20593656817056
290.48623031049164
293.40160190428406
293.0230366370535
295.9041229858077
294.2724078128971
293.7567020512043
291.8154382482188
289.6087878500927
289.22828354087363
288.1722575127592
287.4495607928459
285.3283196600015
7.762087348130012
282.4893803313675
9.0
281.7840485194291
53.52102390649865
277.1894658893083
275.09725552974896
2.9154759474226504
2.9154759474226504
268.29554599359267
267.0327695246409
264.71919084191836
3.8078865529319543
3.1622776601683795
2.23606797749979
3.2015621187164243
2.8284271247461903
1.118033988749895
1.5811388300841898
1.118033988749895
2.0615528128088303
2.692582403567252
1.5811388300841898
0.0
0.5
1.8027756377319946
1.118033988749895
2.0615528128088303
1.5811388300841898
1.5811388300841898
1.5811388300841898
2.23606797749979
1.4142135623730951
1.118033988749895
1.118033988749895
2.0
1.0
1.0
1.118033988749895
1.4142135623730951
1.8027756377319946
1.5
1.118033988749895
1.8027756377319946
1.0
2.8284271247461903
308.00365257574464
103.39366518312426
98.41239759298622
313.2989786130813
1.4142135623730951
4.272001872658765
314.6049109597624
315.48573660309904
316.19021173970583
316.3151118742195
316.4462829612634
316.58371720604964
317.35823606769685
317.89385020789564
318.82989194866906
319.30275601691886
319.5563330619501
319.82377960370616
319.8030644005776
320.0
320.00976547599294
320.00976547599294
319.82026202228025
318.93612213106246
318.0565987367657
318.0565987367657
316.3688511848156
314.6823795511913
312.76548722645214
309.3420436992036
306.3274391888523
303.3158419865339
300.30734256757694
295.9028556807115
292.80027322391624
288.6091647886463
285.1324253745968
280.5285190493116
276.89889851713025
271.5188759552455
268.42969284339614
263.841808665723
258.3219889982268
253.53895164254348
249.15858403835898
59.841457201508724
242.24213093514513
33.015148038438355
234.40616459470513
231.29310409089157
11.510864433221338
14.577379737113251
16.194134740701646
15.402921800749363
16.62077013859466
2.8284271247461903
218.88924139847532
218.57321427841975
218.09688214185914
218.2595931454102
218.82641522448793
219.52790255455
221.812984290821
223.4306380065187
224.31283957901294
43.729280808172454
228.1238698602143
231.72073709532344
234.00854685246006
237.20929577063373
241.50828143150702
244.70901086801032
3.8078865529319543
4.123105625617661
3.640054944640259
2.0615528128088303
2.23606797749979
2.5495097567963922
3.2015621187164243
2.1213203435596424
7.433034373659253
1.8027756377319946
2.5495097567963922
2.5
18.741664813991314
3.5355339059327378
2.9154759474226504
3.905124837953327
4.031128874149275
3.1622776601683795
6.324555320336759
252.80921660414202
250.4246393628231
247.15683280055197
5.5901699437494745
5.5901699437494745
239.38462774372127
32.7566787083184
231.8949115440009
5.220153254455275
225.7792063056295
221.77691493931465
214.89823172841605
213.24926729065214
208.91206283984656
204.0
199.97062284245655
195.97257461185737
193.09712582014265
189.02909828912584
186.07794065928394
182.22307757251824
179.6232167621992
177.92273604011376
175.07141400011596
173.60011520733505
170.23806859806652
169.3937720224684
168.625324313995
168.43990026119107
171.12568480505783
172.90532091292044
176.86718180600946
179.96110690924303
183.3609827635094
186.87562708924887
192.1730990539519
197.10022831037006
201.6035713969373
205.6428943581567
211.11608181282637
215.667568261897
219.66565503054863
222.85084698066552
227.42746096283096
231.3114783144148
235.0542490575314
238.79907872519107
244.4841508155488
248.23023586984726
254.19775766123507
257.95203042426317
4.924428900898052
266.9082239272518
270.97324591184275
274.23530042647684
277.9141054354744
281.90113515202455
285.1056821601422
287.1489160696937
289.2339018856538
290.269271539376
292.7597137585703
293.8881589993037
294.39981317928857
295.3116997343654
297.2574641619618
295.78708558691335
297.7599704459953
295.93453667998944
293.45272191615464
291.35888522576414
288.93122018916546
4.924428900898052
286.9150571162134
285.55603653223653
3.5355339059327378
5.315072906367325
8.139410298049853
6.946221994724902
14.916433890176299
17.356554957709783
19.1637678967368
19.1637678967368
258.3374730851101
254.12841242175185
249.1289826575784
245.62216919488355
242.55154091450336
239.80512921953942
238.80117252643464
234.56608876817637
235.3720459187964
32.63816784073518
241.955574434647
242.90378753737045
35.67211796347394
249.99249988749662
248.59052677043024
66.51691514193965
243.9518395093589
241.16073478076817
235.7382022498687
230.3356246871074
225.9917033875359
224.2598938731578
221.12044229333478
219.47949790356273
218.908656749796
219.36727194365162
220.2708559932521
220.6581065811995
223.19330187082227
225.88713996153035
226.76088727997163
228.1720841820927
227.84259917759013
226.67267148908797
224.37134398135606
220.34575103686478
214.62117789258357
209.65745872732504
205.7984450864486
203.38202968797415
201.99071760850794
200.55485533888228
201.55644370746373
202.95935553701386
206.82903567922952
211.09535759935602
216.08620964790882
223.92241960107523
227.5065933110511
232.84866329871855
235.61939648509414
238.33275058203813
238.64880054171653
235.89669349102797
233.77339455121918
229.6981715208025
227.91061844503866
224.06751214756682
222.0191433187688
220.11928584292653
219.54783077953653
219.4288039433292
219.12781658201223
220.63204662967706
221.5203150954783
225.01388846024594
228.7055967832882
231.99676721885587
236.30330086564598
237.7819379179167
240.9834019180574
240.44593987006726
238.5005241084388
238.02573390287026
233.97702878701577
230.34430750509117
227.21410607618535
224.45545215030978
222.0748747607437
221.3306350237129
223.57325421436258
227.40712389896672
232.02639936007282
237.95903008711394
242.582975494984
245.69595031257637
251.24689052802225
249.96999819978396
251.50447312125485
247.0475662701416
244.33429967976252
241.50828143150702
233.94924663268313
230.34864879134847
223.96539911334517
220.08009905486685
214.94650497274898
212.86732957408
209.9577338418378
211.57150091635688
214.2008403344861
218.12496418337815
222.16266563038894
226.1774745636709
229.19205919926634
234.39336594707623
236.45559836891152
239.2263572435111
241.4440929076543
244.48977483731298
249.10891192408192
250.6671099286861
255.80070367377803
258.83633825257226
53.26584271369411
267.17456840051227
273.63890439774826
275.7013783063117
282.05894773965247
288.9169430822637
292.2541702012137
292.0312483279829
295.16097302997224
293.3888205095757
294.53904664746915
292.8980197952864
289.74644087546613
287.3538759091306
284.55667273848985
282.3672254352477
277.9338950182219
274.640219195951
269.3106941805319
266.74519677025114
263.0826866215259
261.9742353743971
258.8793155120741
258.8010819142764
259.22432370439316
259.01833911906704
260.7230331213566
261.5205536855564
264.9834900517389
266.9569253643741
270.0948907328682
272.52981488270234
275.3479616775835
277.6711184116922
73.40980860893181
282.6888749137468
283.6428211677496
282.08553667283263
283.33416666544116
285.0201747245272
284.6106990258799
284.98596456667826
285.0350855596553
284.821435288849
281.71616922001476
279.3675893871728
275.3493235873297
275.5562555994692
270.033794181395
267.0215347120902
262.6180686853058
257.3062377790325
250.9760944791356
247.0713459711587
242.00258263084714
236.93722797399315
35.92352989337211
230.8684690467713
229.8967159400064
229.25368045028196
226.29902783706342
227.634026454746
226.82867984450291
227.87386862034006
228.4841351166422
230.96807138650138
231.6554553642111
234.48294181027327
237.65521244020718
239.10667075596197
242.96553253496677
243.3690613040203
245.51272879425213
248.39182756282463
251.64707429254963
255.9907224881402
260.3924922112771
264.4929110581227
269.0074348414928
272.8552729928451
277.99325531386546
281.9312859545744
286.3014145965751
291.1125212009954
295.38534154558175
298.8988123094503
303.43244717729186
305.2249170693638
306.88800888923635
308.14972010371844
308.4234102658227
307.18479780093287
305.6550343115585
303.83959583964696
301.7569386111942
298.30563186101597
295.0088981708857
290.7455932598119
285.56304032559956
281.51598533653464
276.1000724375131
271.7176843711134
267.2138656582027
262.5476147292144
257.93652319902276
254.04182726472428
249.56211651610906
245.46792051101096
242.1967175665269
238.2991817023298
234.8456940205632
232.57740646933013
229.63013739489858
228.5475880424031
227.15908522443033
226.23715433146697
225.0
224.8288237748888
224.1428116179504
224.24595871497885
224.79379439833298
226.33824246026123
227.90403682251878
229.59584055465814
230.70869077691893
233.46627165395861
235.26846367501108
237.1840003035618
240.3398635266318
243.65600751879688
246.14883708845753
250.19992006393608
252.73306075778848
257.4359143553984
262.0042938579442
266.00046992439695
270.83574357901875
274.6315713824614
277.39547581025903
280.2222332364083
283.8630831932888
287.1728573525012
290.8693864950383
293.5523803344132
295.6010825419961
299.4599305416336
302.6945655276949
307.0439707924583
310.474234035612
314.6243792206828
317.04416096184457
320.4192565998492
323.74835906920055
326.6607567492612
329.4043867346032
332.5093983634147
335.95907488859416
337.9363845459675
337.8579583197649
339.7675676105652
341.1407334224396
341.29056535450843
342.1498209849013
342.18160383048064
341.95650308189784
341.32096331752024
47.055817918722866
339.32174996601674
3.0
335.3673359169017
332.02409551115414
328.9407241434237
325.6938746737494
322.1897732703507
318.7949968239778
315.41440994349006
312.04847379854306
309.2604080706096
303.70092196106356
301.34905010635094
297.0963648380774
292.71487833726525
289.93188855315657
285.0
281.0160137785746
277.45855546369444
273.4616060802686
269.2675249635574
264.9834900517389
260.4385724119989
257.81485604984056
253.73460544435005
250.09448214624808
247.14621178565534
245.36605307173198
243.62932910468723
241.61384480198979
239.57514478760103
238.71426434128313
238.1931988953505
237.06222811742913
237.7104330903463
237.61839154408904
237.77825804728235
238.73520896591688
240.50467770918718
242.70249277665033
244.5046011836996
246.81369491987272
248.21160327430303
249.8259394058191
251.6272044116057
254.71650908411885
257.10941250759373
259.40123361310367
261.9055173149279
264.6530747979324
268.2284474100389
271.7650639799016
274.58423115685287
276.85962146907593
279.16034818720226
281.4857900498709
283.4664883191662
284.42925306655786
286.483856438718
287.82373077979514
289.21445330411825
290.28477397204284
290.66303514551004
290.7447334002802
290.5309794152768
1.5
290.4961273407961
1.0
1.5811388300841898
4.031128874149275
288.6108972301635
286.7167591892738
284.7002809974026
283.2423873646033
280.4643471102878
278.6081477631263
275.7013783063117
4.527692569068709
268.6656844481632
265.3083112154612
260.7896662063127
257.87787807409927
253.75233989068948
249.64775184247102
244.89028155482202
240.61587645041215
235.9157688667716
230.32585612562042
225.8677710520029
221.20691670922045
215.92243977873167
211.16936330822233
206.57020598334117
202.7856010667424
199.98499943745782
197.5
197.40377402673943
196.75682961462863
198.43449800878878
197.64425111801253
200.29103824185444
202.77697107906508
204.74862636901864
207.82023481846036
211.41251145568467
214.72074888095935
219.25156783932013
223.13336819041655
226.7581310559778
231.62469643800938
235.22967499871268
239.3762728425689
243.52617929085162
246.7032630509779
249.47645179455316
252.39502768477828
255.17298054457098
258.6745058949567
262.198874902239
264.34920086885074
266.9204001195862
268.5074486862515
271.00046125422
274.6142749385035
276.14172086086523
279.0877998050076
280.7227279719261
283.7692724732542
285.878470682911
287.5991133505109
287.45477905228853
288.1583765917625
288.0212665759249
287.1867859077085
286.4825474614466
285.3944638566067
283.8626428398073
281.9561136063554
279.3537184288049
278.1712601977422
274.46538943917864
271.8611778095578
268.5707541784846
265.25930709402076
261.99475185583395
258.80204790534407
255.31353273964936
251.92459189209774
249.96999819978396
247.08551151372677
245.57687187518292
242.85232138071072
241.06275116657903
238.91525694270763
237.900189155032
236.22446951998856
235.45965684167638
235.5764207215994
235.11965039102964
235.11965039102964
235.65334710120288
235.81613600430316
235.81613600430316
236.68122020980033
236.97098978566976
238.2503934939038
238.7242132671087
238.9110713215275
239.30002089427407
239.6001878129481
239.3120347997568
239.35016189674909
239.88538930080756
240.66834025272206
241.09386139012332
241.99380157351138
241.77055238386663
242.33035303073365
243.28224349508125
244.214045460125
245.5381844031596
246.88155054600577
247.16441896033498
248.55029672080457
249.60869375885127
251.0268909897902
253.16891594348624
254.60655922422737
256.7771407271294
258.554152935125
260.0370165957147
263.5967564292095
266.0836334688776
267.5565360816289
268.96932910649866
271.1208217750898
272.23197828322816
273.60966722687266
274.6525077256714
274.98954525581513
275.97554239461147
276.6559234861961
276.951710592298
277.96582523756405
57.13580313603722
280.0285699709942
280.3680616618091
281.79292042207163
282.5690181176981
284.4547415670901
285.65057325340695
286.217574582694
287.92099610830746
288.91607778038247
290.65615424415154
291.9678920703439
294.4762299405505
296.44561052577586
298.6088578726358
299.8020180052162
302.72512284248893
303.82766496815265
307.06880336497875
309.9193443462347
311.3908315927108
312.33835819508306
315.09363687640536
316.18507238641104
316.73529957994896
317.42794457955335
316.87615877500156
316.87615877500156
316.87260847223763
315.6263613832026
315.21143697524684
313.42184033663
312.1834396632851
310.40940707394805
308.76852171165376
307.42031487850636
305.4995908344232
304.6850833237492
303.4654016523136
301.3042482276013
299.30001670564604
297.41721537261424
295.8804657289832
293.68775936357986
291.22242358719564
288.91607778038247
285.8058781760795
282.73397390479977
280.0361583795921
277.41665415039523
275.2180953353177
273.00183149568795
271.5520207989622
269.40861159213154
268.70895035335167
267.3321903549963
266.31043914950084
264.2522469157074
262.8635577633385
260.8625116800036
259.8557292037257
257.8565492672234
255.5
252.88782097997523
251.21305698549986
249.22379501163206
247.56261834129967
247.70193782043773
246.68299495506375
245.7402083502006
245.11476903687384
244.4918199040614
243.08691861143
243.16917979053184
242.63810500413985
241.81191037663964
241.41509894784957
240.53326173317487
240.13850170266326
241.210488992498
241.3716014778872
241.86411474214194
244.1679749680535
245.34873140083687
247.2700952400027
250.63918289046507
252.97084812286178
257.0880199464767
261.27619485900357
264.840046065545
266.37238971034515
269.03624291161964
272.10384047271367
274.14640249326635
278.0328218034698
280.25434876197727
283.77676085261106
287.9084055737171
291.201390793382
295.33582579836127
298.8180884752461
301.6508743564321
305.3686296920494
309.10718205826277
313.55780966195056
317.4562962046902
319.9789055547256
321.66519861495743
324.20132633905126
326.7453136618795
328.44558148953683
328.1832567331856
329.96439201829037
328.5916919217526
325.8473569019703
323.02360594854366
319.5262117573455
315.49524560601543
311.0325545662383
305.785872793365
301.6662062611588
297.7255447555685
293.0379668234135
286.9991289185387
283.7503303962834
277.7683387285167
272.3986049890858
265.8589851782332
261.3048985380871
257.20857295199164
251.2060906904926
247.24481794367298
243.34440614076175
238.34061760430177
234.2616059024611
230.241720806634
228.04440357088353
225.9540882568846
223.2157028526443
220.90722034374522
219.42709495410998
217.59882812184443
214.42772675192916
211.94161932003823
210.80856244469769
210.0
209.6115454835444
209.42600125103854
209.5381826780026
210.75696904254437
212.44352190641163
214.83016547961788
217.6235281397671
219.5051252249022
222.5
225.50498885833989
227.70265698932897
229.804264538324
232.4010542144764
234.50479739229218
235.52600705654567
235.98410963452602
235.65334710120288
234.36776655504485
234.0939982143925
232.62093628906234
232.04525420701884
230.5802463351967
229.12442034842118
228.36210281042693
228.61539755668252
229.80970388562795
230.92477130009246
231.86634080866503
233.49571730547865
235.48354507268655
239.29584200315725
242.4396832203837
246.42696686848214
251.8491612056709
256.2157294156625
261.22212769977966
265.40016955533395
269.217848591062
274.0894014733149
277.8506793225455
282.1316182209998
286.4061801009189
289.66359798911566
294.0344367586899
296.72419854133904
299.8207798002
302.3048957592318
304.5
306.413119823548
308.80495462346454
310.5382424114621
312.8597928785353
314.7685657749198
316.7495067083767
318.5003924644364
320.7374315542232
321.428841269728
322.9992260052646
323.2526101982782
321.7347509983962
321.63061110534863
319.8628612390004
317.6822311681911
314.66053136674134
311.90583514900777
307.3507768007102
303.32202359868296
299.5567558910999
294.6794869005985
291.5617430322435
286.09875917242283
282.75873107651336
278.34600769545807
273.9972627600502
269.60897611170145
266.4136820810823
262.60712100017395
261.389556027015
259.9927883615236
258.93676834316136
259.04825805243314
31.016124838541646
32.190837205639745
32.190837205639745
267.9934700697015
271.1812124760858
275.0872588834314
278.6323742855449
283.2759255566911
287.51739077836663
291.03650973718055
294.5356514923109
298.0624934472635
301.2308085173228
303.349633261687
303.35622624235026
303.73713964545067
303.0697114526623
301.390112644725
299.4077487307234
297.429823655934
294.1164735270706
290.85133659655065
287.6360547636544
285.25164329062153
281.67046348525787
277.70217860146505
274.60881267723363
270.8578963220382
267.9720134640929
266.0112779564054
261.95848907794533
257.93652319902276
254.21693491976492
250.76134072061427
246.77165558467203
242.21065211918324
236.3810483097154
229.2842122781244
223.42448388661435
218.8355546980426
213.42094555127431
206.93960471596537
201.05036682383846
197.30306637252247
192.12040495480952
188.11233346062133
182.98087331740442
178.69876888216103
175.75906804486647
172.89664542726098
170.53152201279386
169.42549985170473
165.54833131143303
163.21764610482532
163.50076452420643
164.14170707044568
165.66985241739064
169.0044378115557
172.5065216158508
175.18062107436427
179.17658887254217
183.20616801843764
189.0667871414755
195.04486663329544
201.51550808808736
210.99407574621617
215.10288236097628
226.39622346673542
233.21234958723778
241.0186714758838
247.14621178565534
255.5621255194126
263.4236132164313
270.6367491675881
278.2970535237483
287.44086348325635
295.27825859686993
305.05901068481813
313.1237774427231
319.8100999030518
327.3262898088084
330.72685104176225
330.85419749490865
333.513492980419
332.58457570969824
329.2996355904452
328.6677653801784
324.5369778623077
320.3513695928269
315.0436477696384
311.0245167185378
305.4054681894219
300.2540590899647
293.66732879229176
288.22430501260646
283.2229687013396
276.4823683347638
272.6412477964404
268.88287412923864
265.20793728695224
263.0304164920856
261.19724347703215
261.59892966141894
262.68802789621
264.0075756488817
268.4031482676759
272.43393694618885
276.2630087434798
282.07490140031956
288.76028120224566
293.9391943923097
301.6226947694752
306.1119076416336
312.5
317.01932117774777
323.3736229193717
327.27855108454634
329.57738089862903
331.65117216738435
336.2357803684789
337.0715799351823
338.71079108879894
341.54428702585557
343.05174536795465
343.2382554436495
344.14531814336806
342.7553792429814
341.6741869091079
341.2187714648771
339.4528685988675
338.51181663274326
336.8356424133289
334.7065879244088
333.10433800837836
330.44250634565765
328.80731439552864
326.2594826208121
323.97723685469015
321.8734223262306
319.6474620578114
317.1632071978085
312.5
310.16124838541646
307.4020169094536
302.1526931867396
297.33020364571104
293.2000170532055
289.596702329291
285.66982689811675
280.10444480586165
274.8062954155163
269.9337881777678
264.61292485439935
260.1562030780739
255.02646921447194
251.71908946283753
248.0226804145137
244.75957591072918
242.40668307618913
240.10674709387072
238.56340876169588
237.32361871503645
236.94408623133012
237.76721809366404
238.19372367885768
241.59108013335262
243.28172968803062
244.6630335788388
248.19850926224356
249.65776575143823
251.12248007695368
252.63115405666025
254.13579047430528
255.6188568944005
259.22673473235744
260.3924922112771
1.0
1.118033988749895
2.0615528128088303
2.0615528128088303
3.0413812651491097
3.0413812651491097
2.23606797749979
285.4159245732445
289.9366310075359
294.3114846552883
298.52679946698254
302.5892430341832
307.4382051730071
310.3626910567699
313.31174571024303
316.55844642024636
319.4761336938958
319.5563330619501
319.74442919306665
318.56121860640854
316.4399627101482
313.7072680063374
307.51625973271723
302.8254447697551
296.81517818332674
289.3635256904367
283.2335608645275
276.4276578057992
269.4833018945701
261.84585159975325
254.65515898956377
248.5608577391058
241.6821259423212
235.59976655336482
229.63503652535255
223.9386076584384
218.2939531915623
214.97906874856446
210.4002138782183
207.8250466137323
205.11703976023054
204.27677303110113
204.60021994123076
204.2473990042468
205.54804791094466
15.628499608087784
208.3122656014283
211.26109438322996
213.8018942853407
216.87842216320183
218.41760460182692
221.85862615638817
224.18965185752887
227.63677207340646
230.24334952393303
233.8076132207846
237.14605204388286
241.22292594195935
245.3431270690092
249.50450897729283
252.90956881857988
255.75085532603796
259.01447835980133
263.4359504699387
266.98735925133235
272.7645504826461
277.51126103277323
282.99204935828146
288.9017999251649
295.222373813368
300.8791285549731
304.48357919598885
307.79944769281184
309.3969941676874
314.9543617732576
318.72597948708227
319.97656164163027
320.559666832869
323.35777399035885
324.530430006186
325.8730581069874
325.7399269355846
325.52457664514367
325.8055401616123
325.902209259158
326.5003828481676
325.70884237306177
325.11574861885725
325.2233847680698
323.9355645803653
322.6503525490093
319.85817169489354
318.6930341253163
317.99567607123214
317.41652445958135
315.7340653144668
314.46223938654384
313.2351353216941
311.55416864487626
309.05541574287287
305.21017348705794
302.5929609227551
299.5705259200244
296.438863848855
292.2143904738437
289.40110573389313
286.40006983239374
283.21193477676746
279.0362879626949
275.5766680980086
272.7585928985556
269.2675249635574
265.80679073341975
261.9985686983805
259.31158863421433
255.9907224881402
253.67745268352093
249.3275957450358
247.1360961090063
245.01887682380718
243.2950883186917
242.32055216180075
241.6945386226176
240.41890524665484
239.83796613547239
239.32874879545918
238.08874395905406
238.73102018799315
238.94769302087852
239.96770616064154
242.51288625555551
245.7000203500195
250.308809273665
253.65330670030698
257.7794600040895
262.198874902239
267.19702468403347
270.6829325982708
274.86769544637286
278.53635310314525
281.62430647939465
283.600070521853
285.40847920130193
286.36078642160487
287.98784696580515
289.6204412675321
290.260658719021
292.0072773065767
292.1583474761589
292.0359566902678
289.9448223369405
289.7175348507577
288.5103984261226
287.3904138971932
285.21307824151404
283.7309464968529
280.41977462368806
277.5211703636319
274.5655659400865
271.23099011727993
267.6345456027678
263.73187141488984
259.5693548938318
255.58413487538698
250.18643048734677
244.1172873845685
238.86868777635968
233.39772920917633
227.6883835420683
222.4662895811408
218.08255317654368
213.08038389302757
208.4922060893404
202.9002217840089
44.263416045307665
194.0135304559968
191.52153925864317
187.56665481902692
183.4182379154265
181.0338366162525
178.23860412379804
176.4404998859389
175.3860028622581
173.90802166662698
174.59095051004218
49.502525188115406
178.07091284092414
181.30705998388478
187.0327511426809
190.26297590440447
197.23399808349473
204.06922844956316
212.48588188395013
222.81045756427142
231.2017517234677
238.35372873106056
249.1811589988296
259.5693548938318
267.90903306906245
274.3000182282167
279.4051717488422
284.2169066047972
287.456518451052
289.3134113725114
288.86199126918723
289.0609797257319
286.3084001561952
284.2731960632237
280.215095953091
275.48366557747124
271.1812124760858
267.651359047549
262.05199865675513
256.81997585857687
250.90884799065975
245.773269498536
238.42661344740858
233.48715168077237
227.94133017072616
222.90412737318258
220.94456318271332
217.27632176562636
213.2164393286784
210.06903627141244
208.61567534583781
208.59650045003153
206.84353990395735
205.48296766398911
204.8420122924006
204.00122548651515
204.24005483743878
205.24375751773792
203.73082731879336
211.00059241622995
211.80002360717526
213.78143043772533
218.98915498261553
224.24595871497885
228.68591998634284
236.76253926666692
241.6795398870165
248.68453912537467
256.0488234692751
263.52466677713494
271.5865423764587
275.7303936819443
287.3264693689045
293.4045841496005
296.88802603001693
300.0370810416606
303.1290979104447
304.11346566701053
304.6001477346982
303.0152636419492
301.89816163733093
298.52973051272465
293.9089995219609
290.10558422753604
285.720580287805
281.1689883326396
276.85962146907593
272.6031914706796
266.98548649692555
263.044673012019
259.1953896194915
254.7508586835381
250.13796193301008
246.2813431829541
241.44616377155384
238.12286744451907
236.0005296604226
232.73267926958604
230.40941821028062
227.71967416101754
226.18244847909838
225.2093470529143
224.5155896591593
225.2093470529143
225.7681332695117
227.0247783833298
229.3926764306132
231.80271784429104
233.13783476733244
236.8000211148639
240.44593987006726
242.92848741965196
245.95985444783463
250.66361921906417
254.54125402378295
258.2334215395056
260.9568929919269
263.3994115407246
267.3321903549963
271.00276751354403
274.4253085996261
277.2381647609146
280.40149785619906
283.6212262860451
286.9782221702546
287.6321435444933
289.5017271105649
291.0068727710739
290.9248184669022
291.37475868715876
290.5047331800293
290.0491337687462
288.4948006463895
287.2303082893586
284.99210515380946
283.1894242375587
281.1054072763454
277.08662905308154
272.6554602424092
268.50931082552796
264.9396157617807
260.8050037863538
255.34143807850694
251.1145157094667
246.80002025931844
242.02530859395677
237.30623674905806
232.9645895839108
227.99396921848611
223.76885395425342
221.827072288303
218.87267988490478
215.67220497783205
212.57057651518943
211.3202545900416
208.4190490334317
207.42227459942677
206.15588761905394
203.60009823180343
204.13353472665875
204.31654362777383
205.80573364218986
206.90335908341362
18.172781845386247
17.18284027743958
214.83132918641078
218.8566882688304
221.07973674672223
224.38861379312453
3.8078865529319543
232.15135149294306
235.36832837066248
239.18037126821255
243.02520445418824
245.7000203500195
249.21928095554725
252.29992072927809
255.75867531718254
259.23203891494586
262.8402556687236
266.8192271932441
270.88097016955624
274.7130320898519
278.97177276563303
283.33416666544116
286.9986933768166
291.5325882298581
294.3204036420173
297.94336710187054
303.21815578886435
307.59144981614816
310.9220159461211
315.6010139400696
317.320421656092
319.2745683577068
321.95846005346715
323.0267016826937
323.9567872417554
324.2225316044522
322.5713099455685
321.48133693886496
319.01920004915064
316.52646018934973
314.76737442117474
311.05666686312964
307.98254820687487
304.22072578968056
301.1984395709911
295.85680658048074
291.4090767289173
285.8255586892117
281.51376520518494
275.2716839778476
270.0282392639703
264.0009469679986
257.4359143553984
252.60096991104368
247.42069436488129
243.08691861143
238.73102018799315
233.96153530014288
231.2017517234677
228.52789764052878
226.29184695874486
224.86996242273
223.90008932557396
222.28472732061462
221.82200071228283
221.38202275704322
222.020832355885
222.94001435363728
224.26992665089986
226.54469757643855
229.7460554612418
231.93803051677403
233.64930986416374
236.4571842850202
239.0240573666174
241.2990882701383
242.95369929268415
243.91033188448577
244.48977483731298
246.32955567694268
246.56439321199645
248.14965242772354
249.75287786129712
251.05875806272923
253.5
255.34486483969087
257.2979790048884
259.0757611201789
259.9153708421262
260.8107551463321
262.0019083899963
261.96421511343874
264.7498819640908
264.61292485439935
265.84958153060916
266.6927070618917
266.56940934773445
267.2475444227692
266.7705006180406
266.66083326952986
267.1464953915735
266.11698555334647
264.6393772664983
262.58808046063325
260.93102536877444
258.2000193648327
253.29923016069355
249.98049923944066
248.08919766890295
244.92702994973828
239.54383732419416
235.13878880354895
230.80782049142096
225.1588328269624
220.73173763643504
216.5848563496534
212.42940003681224
209.35376758014172
202.5561650505854
200.5617112013158
198.0536543464927
196.20206420932476
195.29528924170188
196.10520135886247
193.93297811357408
195.1665955024066
196.2759536978486
198.64604199429698
199.93061296359795
201.1572767761584
204.31654362777383
206.5006053259893
208.58391596669193
214.55302374937528
216.37987429518486
221.16283593768642
224.42203545997884
227.97477930683473
231.36551169091732
236.07467039053554
240.15047366182728
245.21674086407722
248.76947159971218
251.24689052802225
255.1416273366618
258.51353929726776
260.8495735093312
263.51328239768105
266.26537514292016
268.6135700220672
270.50415893290807
273.16158221829073
275.5707713092954
277.96807370631615
279.73246146988373
281.56571169089466
282.7600572923977
284.3835438276976
285.35460395795263
286.7320177447925
286.03015575285065
287.8350221915325
287.8975512226528
288.35438266133565
288.44280195560435
286.72722228626986
285.3883319268677
283.30990099182907
281.19210515233175
278.701004662703
275.0931660365266
270.784508419518
266.8192271932441
261.767072031606
256.3674121256444
251.7339865810733
246.78431878869452
242.9490687366387
237.087536576683
233.02574965011914
228.81051112219473
225.6795294217001
222.24760966093652
220.4002041741341
218.32200988448233
216.40067005441549
214.81910995067454
213.1537004135748
212.4246925383205
212.23159519732212
210.87022075200662
210.43110511518967
210.09640644237587
211.12318678913502
211.3202545900416
212.42645786248002
213.80598681982693
215.18828964420902
215.67568244936655
217.95010896992
220.18458165820786
221.55134844996994
222.83457990177376
224.61522655421203
226.3647499059869
229.43898971186218
231.880357080974
234.58154232590422
237.55894005488406
241.75400720567177
245.7814069452773
248.85035664029095
252.29397535414913
254.7474239320194
257.85364065686565
261.22212769977966
263.7048539560848
267.9967350547391
271.37888643002424
274.8513234459678
279.1164631475542
284.51098397074236
289.3112510774512
294.17766740526037
299.10616844190963
304.0962018835487
307.001628660175
310.9923632502895
314.7479150050084
319.2338484559556
322.0341596787521
325.21377584598105
328.2777025629368
332.05421244128195
334.8029271078734
337.53703500504946
339.8591620068525
342.1333804234834
343.6367995427731
345.3349822997954
346.51695485214
347.21499103581345
346.0845272473186
345.40773008142133
343.0284244782056
341.52964732216145
338.9896753589997
336.7005346001102
333.6858552591044
330.5771468205266
326.98356227798365
322.95278292654484
318.92201241055784
314.6966793596653
310.5261663692772
305.2494881240589
299.7336317465893
294.47750338523315
289.49006891428934
283.6688209867274
278.67768120177834
271.6656952947869
266.86560287905223
259.7161912549928
254.12841242175185
248.97037976434063
244.40335513245313
240.5659992600783
236.8902699563661
235.55254190944322
231.6139028642279
230.3394234602492
230.36330002845506
230.20425712831639
232.091038172524
233.67338316547736
236.44502532301246
240.21656895393374
243.97233449717203
2.1213203435596424
2.0
257.65917410408656
263.51328239768105
268.358435678851
274.2006564543564
278.6956224988114
283.6022743209229
286.9233347080715
290.78944272445653
296.63319099520874
302.68217654827316
308.6907837950463
313.51953687130884
319.69516730785904
326.9044202821369
330.3763006028126
340.0488935432668
346.5551904098393
353.036117132511
359.0421284473453
365.895135250525
371.98017420287334
377.39402485995987
385.4779500827512
391.1805848965411
397.1561405794955
402.4984472019737
407.1919080728398
413.4782340099658
418.4333877691884
417.08062769685193
420.7142735871936
419.4430831471655
420.31803435018105
421.0489876487058
418.536139419286
416.788315575185
414.3090633814327
410.47076631594604
407.99417888004234
402.35370011968325
398.0593548706022
390.4282904708623
383.71245744697944
377.2485917800092
369.9706069406055
362.0528276370729
354.67908029654075
347.5633035865553
339.0612039145735
333.36953970031516
325.3402065530788
318.4167866177912
310.4484659327535
302.3214349000084
296.8097033454264
291.8938163099726
284.7542800380707
281.5217575961048
276.91605226133066
274.22299320078906
270.9141930575067
266.5792565073284
263.45065951710956
261.8444194555232
261.0541131643016
260.3737698002623
260.1922366251537
260.66453537065604
263.0019011338131
265.16127168197096
267.6868506296116
272.0813297527046
277.35897317375543
280.7476625014
287.20767747398395
291.34043660295424
296.2452531265269
302.03476621077914
307.4707303142854
309.4648606869607
315.41242841714404
320.70001559089457
325.61672254354505
329.53338222401686
333.66450215748154
341.1997215708125
343.6367995427731
347.2614288975958
352.49432619547224
357.4720268776286
360.76030823803217
362.7730006491663
364.2011806680478
364.1184560002418
364.2011806680478
365.06472028943034
363.88494060623066
361.624805565105
356.0063201686172
352.97344092721767
349.2448997480135
343.939311507132
339.73114370042674
334.33590892992635
327.84447532328494
320.7900403690863
315.237212270379
308.91786934394065
303.00536298884214
296.66479400158016
292.09929818470977
286.9233347080715
281.74900177285457
276.63152387246106
271.21439858532585
267.28636328851496
263.10454196003536
260.4035330021465
256.819489135852
254.29756192303535
252.49009881577535
250.50349298961882
248.42755483238972
247.00202428320299
245.60588348001764
245.2310135362165
242.7843693486053
241.63246884473122
240.90350765399828
240.33830323109132
239.63148791425553
240.604447174195
241.43425606156222
242.12806528777287
243.3813879490377
244.35680878584088
245.20399670478457
246.0574119997201
246.7964748532685
247.25897354797863
248.0246963509884
249.00050200752608
250.10647732515847
251.8476722147735
252.85766747322495
254.17759539345712
256.1449784789856
257.93652319902276
259.23203891494586
260.10959228755866
262.4237984634778
264.4281565945654
267.1296501701
269.86339136681727
273.6832110305636
276.4823683347638
279.6663190303759
282.5070795573095
285.74201651139794
288.62432329933665
291.1550274338398
294.0633435163247
295.90876972472444
297.429823655934
299.6706525504291
299.0551788550066
299.4799659409624
299.85746614016466
298.82478143554295
298.1195230104865
297.08752918963125
294.92032822442064
293.0823263180501
290.917943757342
289.0847626562147
286.506980717748
283.2701890421934
279.2941997249495
277.78453880660817
274.9022553563357
271.9839149655729
269.4828380435385
266.6027006614899
262.6923105079401
260.5748452940153
257.4344576780661
255.36346645516858
253.60648651010487
251.21803279223408
248.45220868408475
247.0394705305207
243.94927751481455
242.57627666365067
242.24367896810023
240.5
239.08837278295238
237.34573937612615
236.64002197430594
235.60401100151074
235.27430798963155
234.81109428644976
233.8632078801623
234.8536778506992
234.47921016584817
234.8536778506992
234.81109428644976
235.43842082378993
235.40231519677116
236.78101697560132
237.7940285204824
237.76564091558728
239.10667075596197
239.4310965601586
241.53519412292695
241.85636233103318
243.26117651610582
244.6630335788388
247.1360961090063
248.1954874690513
249.6177077052027
251.7548410656685
253.55324884528693
255.7073522603525
257.8473385552001
260.0370165957147
261.8444194555232
263.31824851308727
265.87638104953965
268.07135244184525
268.81824714851484
270.3631816649597
271.4940146669904
273.00732590903124
274.09168174171214
274.41756503547657
276.2611988680278
275.8278448597966
276.96615316677236
276.96615316677236
277.6711184116922
277.61709241327344
277.61709241327344
276.85962146907593
276.85962146907593
275.17630711963557
275.12269989951756
274.14640249326635
272.7934200086212
271.38395309966285
269.9745358362525
269.2122768374429
268.5651690000027
267.27747753972835
266.89417378429226
264.78104161740885
264.0151510803878
262.92822214437155
261.51911975991356
260.43233286210835
259.6690201005888
258.90731932488893
258.472919277823
257.2877766237642
256.5345980564805
255.78311124857325
254.95097567963924
253.79962568924327
251.95336870143254
249.77790134437433
247.97429302248247
246.51825490214716
245.10456952084758
242.64068084309358
240.52026941611388
238.76400482484792
236.2794955132586
233.7953164629266
230.96807138650138
229.21169254643183
226.00055309666834
223.1552150410113
219.95113093594222
216.74235857349157
214.60952914537603
212.84383946922213
211.80238431141422
211.82835032166963
211.86375338882297
212.95656834199784
214.39449619801343
217.64477939982848
220.13291439491732
223.36125447355457
226.186317004367
228.64164100180878
233.18715659315373
236.69231081722955
239.7936613007108
242.22768215049246
244.6752950340512
247.84117898363863
251.0268909897902
255.28121748377808
258.82523060938246
261.31637912691195
264.15762339936356
266.29354104070944
268.8131321196939
270.61273066875475
272.6907589193297
273.3976042323707
274.1245155034478
275.8813150613865
275.4455481578891
274.7221323446657
275.0727176584403
274.7130320898519
273.29882912299496
270.8228203087768
270.46857488440315
269.4076836320746
268.7015072529367
266.2259378798392
265.1659857523208
263.75082938258225
263.3994115407246
261.27619485900357
260.21625621778514
259.15487647350955
257.0393938679439
256.68852720758673
254.56236956785267
253.50394474248324
251.37869838154546
250.3197954617253
248.54828504739277
247.13407292398998
246.0741758088402
245.01479547162046
244.3179281182615
242.90378753737045
243.26117651610582
241.84705910967782
241.13274352522097
239.7185850116757
239.3579954795745
239.3579954795745
237.94379588465844
237.94169453880923
237.23669614964714
237.2472339143283
237.2662007113529
237.29359451953187
235.9157688667716
234.88827131212832
234.60019181577837
233.5551326774901
233.28362565769592
233.28362565769592
231.53617427952807
231.9078480776362
231.57396226691807
231.24067548768318
230.83002404366724
231.57396226691807
231.53617427952807
233.69210512980536
234.6960800695231
236.78101697560132
238.53092042752024
240.312816969882
244.1526162055201
245.5656734969283
249.43786801526346
254.0442874775971
258.2837586841263
261.4770544426413
264.6705499295303
267.49672895196306
271.3968496501019
274.95863325234944
278.12317415131014
281.0097863064559
282.8254762216445
285.0162276081837
286.46683926765417
288.00390622350943
287.6291014483757
287.5865087238968
286.83967647450726
286.09439001839934
285.2805636562014
284.14300976796875
282.2853166567471
280.4179915768601
278.25213386423474
275.4201336140842
271.94898418637274
269.93008354016416
267.6602323842674
265.0962089506374
261.1369372570644
258.3258601069587
255.81291992391627
252.90956881857988
250.6057660948766
246.96811535094972
244.38085031360376
242.404620418011
240.21656895393374
237.12285845105697
235.8145457769728
233.76163072668706
231.2055362658948
228.84492565927695
227.42746096283096
226.2614637979698
224.22366066051103
223.5447382516529
222.23073594802318
221.65288177689007
220.7826985975124
220.47959089221843
220.63374628555806
221.0712554811231
222.65331796315095
222.46179447266894
225.06998911449745
226.61200321253946
229.71286424577968
231.22499864850255
233.80173224336897
236.06408028329935
238.94769302087852
243.02108961981057
246.2341365448747
249.83394485137524
253.5690241334694
255.6252139363408
258.4535741675862
261.42541957506734
263.6877888716123
265.3323387753555
267.36678926149375
267.5985799663369
269.02090996798
270.024535922201
269.79343950511475
269.2582403567252
269.4327374318125
268.4255017691128
267.15257812718187
265.4976459405996
262.7646285176146
259.5963212374166
256.08787554275193
251.9250880718314
248.14965242772354
245.48930730278255
242.9120211105247
240.4204650190994
237.63943275475137
235.67456375264598
233.15767197328077
231.24878378058554
229.83091611008297
228.40424689571776
227.02698077541356
226.30178965266714
225.60640505092047
223.6604569431083
225.0027777606312
224.80936368398892
225.48835890129672
227.14973035423134
228.3993213650163
229.78522580879738
230.4783070052364
232.0053878684717
232.43278598338918
233.7268705134264
234.64707541326825
235.60135823038033
236.7662349238168
238.73102018799315
238.8985140179821
238.56340876169588
239.7759370745947
241.47929517869642
240.86355058414298
242.90944814889355
243.34440614076175
247.53585598858197
249.40579383807426
251.44581921360316
254.6119596562581
257.43202986419544
258.7107458147033
260.9717417652724
264.2465704602427
265.89894697046094
266.092089322475
267.6812470084522
267.5070092539633
267.15164233071823
265.8707392700445
262.93059920823214
260.03461308064357
257.0957992655656
253.21779163400032
249.34413969451938
246.41834347304587
241.9798545333888
238.26980505301128
234.7365544605271
228.80231642184046
225.628566453807
222.50393254951697
218.40329667841556
214.91451789025328
212.7016690108472
209.78858405547237
207.18349355100662
206.34255499048177
205.0
203.74125748114935
203.3236336484276
203.85534086699815
204.3196025837952
205.6270896550355
207.1382388647736
207.79436950985942
210.41981845824313
212.8778992756176
214.7091055358389
217.21245360245808
218.57378616842414
220.14540649307222
221.44130147738926
221.41589825484527
221.39613817770174
221.3735530726288
220.47675614449702
219.37467948694535
218.0624910432787
215.41181490345417
211.41487648696815
208.1465829649865
204.79562983618573
200.19240744843447
196.657697535591
191.7602670002313
188.66372200293304
185.24713223151392
181.8350901228913
179.21076976565888
177.35627984370893
177.78146697561024
180.0069443104904
182.53561296360775
187.74250983727686
191.85020198060778
197.35374331387789
204.0502389118915
211.20665235735356
218.5040045399626
226.01991062736045
233.97649454592656
242.17452384592397
247.99697578801238
255.98681606676544
261.9775753762142
267.91509849204095
273.061348418263
277.3950251897103
283.90931650793004
287.7646607907232
292.2451881554254
298.2591155354686
300.73327052389794
304.08551428833306
309.0574380273026
310.28575539331484
312.04366681604034
315.86864358463947
316.72740645545656
319.7330918125304
322.80024783137947
323.3484962080387
325.52496064050143
324.7845439672276
324.2298567374695
326.0034509019805
323.6309626719916
325.50652835235115
323.88462451928774
321.2553501500014
316.2265801604919
312.32395041046726
305.81407750461716
296.9718000080142
290.02758489495443
279.0989967735463
272.94046969989625
259.6059513955718
249.96249718707804
240.36482687781088
229.49074055394914
222.31171808971294
218.61667365505312
207.73119650163284
203.86085941151137
198.4571742215433
193.08676806037226
191.01374296107596
190.14205216100936
189.6740625388722
195.420060382756
194.03736753522503
200.41082805078173
204.4321403302328
206.91604577702523
211.5543665349406
218.3970008951588
227.0297337354735
230.20968702467758
237.27726397613404
241.35295730527108
250.49650696167402
254.58299236201935
260.53886466322064
265.40016955533395
272.5114676486111
275.7761773612797
278.9914873253304
286.3922135813053
288.88622327830035
292.74946626766035
297.06733243492124
300.2120084207159
305.11678092166613
305.4079239312562
309.6453616639526
309.4285054742048
311.0217034227676
313.4984050996113
315.2542624612711
317.3168763239674
316.392951881043
315.88961679675384
314.701445818096
313.60205675345946
312.211867167153
311.9495151462813
311.35911741909854
308.2535482358638
306.23724463232753
304.94302746578745
302.8254447697551
301.0822146856237
299.33968998447233
298.2591155354686
296.4730173219816
294.2724078128971
291.70618779861354
289.82451587124234
286.86800100394606
283.59301824974466
279.6609554442665
276.88309807570414
273.4890308586434
269.89812893015767
267.21573681203733
262.9187136740175
260.5043185822454
257.8410362994999
255.48042977887758
252.12100269513448
250.0004999995
246.87294302940532
243.66626766953198
240.98236449997748
239.95676693938015
237.47052448672446
235.68676246238354
234.12923781535702
232.79282634995434
232.3327355324686
232.3284313208351
232.36232482913402
232.44461705963423
234.42749412131676
235.89669349102797
238.6063704095094
241.98811954308832
245.40273022116116
249.7003203842558
255.19061503119585
261.0043103092361
268.48649872945197
275.2971122260457
281.1125219551772
289.9448223369405
295.78708558691335
304.74661605996545
313.63434123195117
322.28287264451393
329.7764394252567
335.20180488774224
342.13228435796583
347.8138870143054
353.2580501559731
358.1989670560204
362.23093462596484
364.77116114078973
366.7642294444757
367.55747849826156
368.4755758527287
367.4374096359814
366.2352386103773
364.35044943021546
360.14719213121737
356.28955920711456
352.60175836203655
347.80741797724784
341.9082479262529
335.4374010154503
327.1887834263271
321.6061255635533
313.688141312355
308.1963659746818
301.55016166468886
293.70137895488335
288.5524215805509
280.10444480586165
274.9659069775742
268.5302590025936
261.4770544426413
257.0744055716166
252.44603383693712
246.2194143441983
242.24367896810023
238.67813054404462
234.82599941233084
232.3881451365366
230.50488064247142
228.80559433720146
229.9402096198053
231.63818769797004
233.25951213187426
235.0542490575314
238.24777018893587
241.3047865252573
244.07375934335914
246.84408034222736
250.8635087054313
253.78386473532947
256.587217140683
260.8050037863538
263.53842224616886
267.0042134499005
269.3106941805319
273.07736998880006
275.7399136867929
278.22652641328074
281.41872716647697
285.7608265665537
288.3821249661636
292.8275943281302
297.34870102288994
301.94784317825486
305.55195957479964
308.8466447931724
312.92810675936414
315.9905061864992
320.189397076168
323.74140915242833
326.1180767758819
327.1849629796577
329.6922807710244
330.037876614185
330.3127306054067
330.2018322178119
330.2018322178119
328.9000608087508
326.7005509637227
324.5015408283911
321.5062207796297
318.3304101087422
315.9608361806887
312.3475628206502
307.82624969290714
304.2798876035023
298.9853675349347
296.1865965907303
291.3352879415743
287.5973748141662
282.88601944953024
279.30807363912703
275.4455481578891
270.9335711941213
267.5892374517331
263.21521612551203
260.0504758695896
256.9187614791882
253.73312751787063
251.2016122559726
248.65437860612872
247.57473619091266
246.42696686848214
245.9273266637931
244.22940035957996
243.52823244954578
243.73140954747709
243.6062396573618
243.3074187113907
243.25963495820673
243.65600751879688
3.2015621187164243
245.25293066546627
246.37014835405688
246.17321137768016
245.83937845674765
245.46486510293076
247.58079489330348
248.93021110343358
249.79841872998315
251.22151579830896
251.99454359172145
251.9727167770352
253.6518283001327
254.94509212769717
255.97753807707426
257.325183376987
259.000482625033
259.31110658820614
260.9736576744864
263.5436396500587
265.04527915056326
266.5731606895188
268.5074486862515
269.7559081836763
270.64737205448716
272.72146963523056
14.142135623730951
276.1340254296815
278.18429143285573
279.227953471711
280.9786468755233
282.42255575644094
283.43650082514074
284.821435288849
286.574597618142
286.5492976784274
286.574597618142
287.25598340156466
286.9150571162134
286.2625543098503
285.92394093534733
284.5742433882589
283.16161463023195
282.11921239079055
280.407738837572
277.9950539128349
275.2566983744446
272.62841011163897
269.8615385711717
267.27747753972835
265.4321947315359
262.5280937347468
260.0480724789169
256.90562469513975
255.2038400965001
253.83311446696626
251.6272044116057
249.9164860508406
248.08970151943026
245.89530292382568
243.90571949013415
242.92848741965196
240.38354768993656
238.7912268070165
236.67752322516813
234.3437645852776
232.56181973832247
229.95923551795002
227.64061588389714
225.1943604977709
224.04575425568768
222.1018910320216
220.096001781041
220.096001781041
219.4521587954878
218.6343980255623
219.805027240052
220.05681084665386
221.44186596034635
222.8284093198172
224.6536222721548
226.53531733484738
228.08989455914087
230.2482356067034
231.88898205822545
234.3698999445108
237.9663841806233
239.38462774372127
242.00464871568067
243.73448668581966
247.31457700669404
251.9250880718314
253.76613249210385
256.03515383634334
256.3284026400508
258.14143410154054
261.5057360747561
261.6395421185414
260.86394921491166
262.92822214437155
261.51911975991356
263.1928950408806
260.48656395292255
257.99321696509776
255.32381400879942
252.3534228022279
250.14445826362015
243.9610624669437
241.48343628497588
237.0590643700426
233.20591759215716
230.36058690670154
227.51373584906912
223.32263655975405
221.47516790827814
219.6047586005367
217.62180497367444
216.250433525577
215.85295921066268
214.2953569259026
215.9681689508896
216.17816726024856
217.27632176562636
217.24870540465827
218.8332698654389
219.4766502386985
220.014204086918
221.44976857066254
224.57181479428803
226.15260334561705
225.9540882568846
228.63289352147035
231.3401175758325
230.46312069396265
230.54554864494781
231.50161986474308
232.85886283326215
232.3284313208351
230.20968702467758
228.86950430321642
228.59407253907526
227.38183744529817
226.63186007267382
225.287039130084
225.72660454629622
225.94302379139745
224.88719394398606
225.7526301064951
223.90008932557396
223.32263655975405
221.20239600872318
219.6963813994213
216.7008306398478
215.09125970155085
212.13203435596427
210.50059382339043
207.22511913375752
205.28334077562164
200.50561089405952
200.05311794620948
195.57607215607945
194.28973210131306
193.0317331425069
191.0791720727301
191.82087998964033
192.05272713502404
193.7937047481161
195.82198548681913
199.68099559046675
204.10414008539857
209.65268898824073
217.16871321624578
223.9698640442504
230.60409796879154
236.66960092077733
246.969633760914
253.16002844051033
260.47312721277024
267.60511953249323
273.06501057440516
278.86197302608326
284.4314504410509
289.43436216178617
293.48126004908727
297.18092132571365
302.2188776367221
304.2782443751114
307.405269961333
308.81871704933945
310.0084676262892
311.2715855968868
311.843310013218
312.8837643598658
314.0800057310239
313.8459016778776
314.45389169161194
313.6594490845127
313.26107322806644
313.25149640504515
312.89495042266185
313.9585959963511
313.9681512510465
313.6355368895559
313.6594490845127
314.39664438412825
314.39664438412825
314.43322025511236
313.7072680063374
313.7072680063374
313.019568078419
313.019568078419
312.01442274356486
311.72624207788476
310.77483810630486
309.84391231715364
310.0149189958445
310.96985384438796
311.1980880403991
311.9054343867705
311.88018532763505
313.12936623702353
314.304390678845
314.304390678845
313.29219588109754
312.11576378004366
310.31919051196303
307.34996339677673
304.38462510448846
300.57694522368143
295.4462726114513
291.29066239754405
287.48956502801974
283.39460121886583
280.407738837572
276.37157958082446
273.7818474625372
270.55175105698356
267.66817143620193
266.2259378798392
263.4089026589648
262.4137953690697
262.13212317455486
261.16757072806723
261.6395421185414
261.4287665885298
262.2746651889961
263.51707724547947
265.8688586502752
266.77003205007867
268.7052288289158
269.8708024221961
272.4454073754961
275.3343422096125
16.77050983124842
279.5514263959317
281.66025633731147
284.39760899135564
288.47530223573733
290.7718177540595
293.46422269162554
295.3510622970569
297.6919548795365
300.33398076141833
301.5932691556627
303.9263891142064
306.63863096485414
307.27227339934205
309.7135773581778
311.49036903249515
311.8733717392365
312.62117650600703
312.9828270049333
312.3127438962426
310.17293563430064
308.0344948216027
305.5364135418232
302.7086057580788
299.13625657883733
296.29883563726673
292.7498932536099
289.20667350529794
285.3230625098504
281.4720234765793
277.3157045679166
274.95863325234944
271.6012702473978
267.26204369494747
264.3373791199421
261.84394207237256
258.08186685623616
254.9200855170106
251.80001985702862
248.65437860612872
245.52392958732148
243.81345327934633
241.98811954308832
239.94634816975233
239.08680432010462
238.5843666295007
237.91647694096346
238.70955154748208
238.83885781003056
240.15463768164045
241.73642671306283
244.03534580056225
246.17321137768016
248.25239173067396
250.99850597164917
252.97480111663296
255.20824829930555
258.66822379256405
260.3483243656467
262.5280937347468
264.3217736017977
266.6819266467077
268.9093713502748
271.82531155137116
275.18720900506986
277.2115618079448
281.2054409146452
285.30028040645175
289.6247572290739
292.37732470217315
295.7672226599831
297.8808486626826
301.24823650936116
304.42609940673617
307.386157788538
309.43335308269536
312.37997695114836
315.67586223846763
319.84410265002543
324.82341356497074
328.50608822364313
333.5734551789156
337.5740659470155
344.1921701607984
347.82898096622137
352.0798915019147
355.1087861486956
356.2035934686791
357.5786626743827
356.99334727694855
354.94119231219133
352.45779889229294
350.5887904654112
347.0594329506115
341.4805997417716
338.3858744096745
331.51545966968115
326.1046611135756
319.3407271238669
313.5474445757771
306.82446121520366
299.2824752637548
292.60553651631403
287.9600666759195
278.8301454290766
273.00412084801945
265.8895447361554
259.3458116106755
252.16760299451633
246.9028148887736
242.89349517844235
238.37994882120435
235.14357316329102
231.573422481942
229.97228093837745
229.83309161215232
230.1010647519911
230.75203141034316
231.0676307923721
232.83577903750103
234.22478519576018
234.65986022326018
235.07977369395266
236.341384442082
237.1840003035618
236.88235476708687
236.46247059522997
235.47823678633233
232.97424750388186
232.42041648702036
231.0330062999657
228.39986865145084
226.462469296791
222.44325119005072
219.272661314629
215.5411793602327
210.70654949478907
206.69300907384363
202.96920948754763
198.4363877921587
194.83326204732086
191.81762171396036
186.5006702400825
182.00274723201295
178.83232370016333
176.32356620712955
173.87639287723908
172.19901277301216
171.57869914415366
171.47667479864427
59.80175582706581
175.3974059101217
180.32332073251092
184.20979887074412
190.95680139759358
198.1747965812
205.2327946503677
214.88717970134934
225.73269590380565
236.96254978371582
246.26002517664128
257.5815404876677
267.38408703585935
275.0877132843268
285.9200062954672
296.44561052577586
303.1113656727507
308.4615048916153
311.46508632589945
312.84061437096045
310.72174046886386
306.8061277093403
300.5748658820295
293.7281906797507
287.005661965056
274.57694732078295
264.0075756488817
254.46610776290032
243.01851781294363
235.72494564640374
226.04037250013548
218.61667365505312
212.4864701575138
209.5053698595814
210.36694131921013
210.64959055265214
212.04952251773642
215.59800555663776
223.21514285549716
225.50221728399922
233.5433578588781
240.34402426521862
247.55049989850556
254.60950492862594
260.30847085717363
268.0041977283192
274.79173932270965
281.23388842740843
284.1918366174511
288.1058833137567
293.11303280475266
296.29883563726673
299.00877913532906
302.35120307351184
304.79911417194114
306.5330324777413
307.90014615131315
303.81614506144996
302.17751405423934
301.3577608093078
297.8128607028246
293.9906461097019
288.3210016630769
285.4058513765967
276.0307953834137
271.4042188323535
266.5370518333239
261.5836386320826
258.80494585691366
256.41421567456047
255.82806726393412
255.92674733212237
258.8537231719876
262.6451979382071
265.62238234004303
269.8133614185925
275.81606189632976
283.2759255566911
291.3829095880539
299.2265028368978
305.0286871754852
312.80025575437116
320.6968973969034
327.988566873908
332.988363160036
335.0731263470707
339.3806859560514
343.7397271192261
347.71863625638474
349.50321886929737
351.4758170913043
353.70361886754847
353.231510485687
355.9792831050706
355.0394344294729
352.8809997718778
351.0188741364202
350.6540317749106
345.6750641860069
342.7407912694373
340.6923098633135
332.79310389489746
326.0199380406051
318.21572871245695
311.2699792784392
301.6836091006603
293.3018922543801
284.39760899135564
276.5004520791964
265.84958153060916
253.6631624812716
246.13207836444238
238.64041987894674
229.5566378913927
222.61176967986216
215.8338481332342
209.74389144859498
201.40506448448608
192.39347702040212
190.01644665659865
188.3354719642585
183.05531950751936
182.35816406182641
181.05593058499906
183.91438225435226
183.61440575292562
188.83061192507955
192.12040495480952
198.13757846506553
202.18061232472317
214.81736428883025
220.65187513365936
230.05434140654683
239.15267090291925
247.6327926588076
256.0703028466987
263.522769414713
272.78242245423365
282.02349192930717
292.1151314122567
301.64590167943607
312.9896164411848
322.14476559460036
331.3249915113558
342.84252945047524
348.50573883366684
355.7769666518618
360.72461795669005
365.41825351232796
368.2584011261658
372.84044844946743
373.72851108792867
375.76355597636126
374.34275737617793
373.76496625553335
372.5778442151385
366.0498599917776
364.52194721305875
360.57072815191196
354.42241746255274
346.4870127436236
341.4703501037828
333.0345327439784
320.1972048597551
311.0036173423068
300.50166388890426
292.15920317525513
279.6198311994341
273.1199370240115
262.31517302664747
252.5
244.41460676481674
233.88565582352416
228.60992979308662
220.9100495676917
215.41819793137256
206.72324494357184
200.70189336426301
197.03426098016558
193.44831351035344
190.2169813660179
188.47082002262314
187.17705521778038
183.9109839025391
184.94593804677083
184.71667493759193
186.74180035546408
185.78549458986296
183.22117781522965
187.26585380148725
184.77080397075724
186.27130750601393
185.23296142965484
185.34832073693033
187.05680955260624
185.26737435393204
186.8381652660933
185.80096878111266
188.1893992763673
189.805163259591
194.97756281172457
197.06090429103384
197.22132237666392
203.48525745124633
207.15453169071634
211.92923347193044
215.53306010911643
221.24251399764918
229.13587671946968
231.89006015782564
239.5600133578223
243.42812080776534
246.78583832951193
253.57937613299706
261.3321641130307
264.2465704602427
270.06341847795676
278.7947273532984
282.7971888120531
288.37692348729985
296.5004215848605
298.2000167672698
305.11678092166613
313.76942170963696
319.95312156626943
324.0374206785383
331.602171283603
334.5239154380446
338.6805279315597
344.70277051396033
341.75173737671037
342.64340063687206
341.82232226699296
339.3600595238043
335.30769451356167
331.68132295925255
327.04319286601884
323.0592051002416
319.6142205847543
314.1854547874551
306.5656536535037
299.6414524060381
296.1215966457023
288.18917398125836
281.8731984421364
272.7022185461644
267.88430338487547
260.2325882744127
68.2367203197809
60.4648658313239
237.84448700779257
98.04335775563789
228.65038814749474
222.65724780478178
211.8973808238318
208.7690111103657
206.13648391296482
204.37343271570305
202.72210042321484
203.2953516438583
203.91481064405303
206.1437605167811
209.7266077539996
212.98943635776868
217.98279748640718
223.11488072291368
229.3016572116303
236.85069136483432
242.2978538906195
249.62471832733232
258.4767881261294
267.05664193200664
273.18537662180967
282.4402591699703
288.8433831681107
296.40006747637557
303.4654016523136
310.616322816429
315.6251732672792
319.79055645844204
324.6390303090496
328.69172487301836
334.01384701835343
337.2395291183998
339.3081195609678
342.96246150271315
343.685903115039
347.05078879034403
348.66172717979816
349.1650755731449
349.12247134780654
350.6212343826312
351.12853771802713
351.8255959989267
350.8397069888185
348.45695573485114
348.3051822755441
345.6172015395067
345.080063173751
342.5
341.67235767618075
337.87053733641824
335.8351530140941
331.0536210344179
34.785054261852174
324.92499134415624
321.02959365142647
315.7328776038378
311.49036903249515
36.5
305.1266130641508
302.66235312638406
301.2681529800321
301.2947062263126
41.743262929483606
301.0485841189093
300.73327052389794
42.15744299646268
42.29952718411874
298.1358750637031
295.0614342810663
292.32900985020285
287.4391239897589
283.5850842339914
280.4910872024279
276.96615316677236
273.1748524297213
