2.0615528128088303
3.2015621187164243
3.2015621187164243
2.692582403567252
2.5
2.692582403567252
3.2015621187164243
3.640054944640259
3.640054944640259
3.640054944640259
3.640054944640259
3.5
2.692582403567252
2.5
3.640054944640259
3.640054944640259
5.70087712549569
5.70087712549569
5.70087712549569
6.041522986797286
3.8078865529319543
3.5355339059327378
3.640054944640259
5.5
6.103277807866851
5.315072906367325
4.6097722286464435
8.902246907382429
5.220153254455275
6.103277807866851
8.200609733428363
4.6097722286464435
2.692582403567252
7.566372975210778
7.0710678118654755
9.055385138137417
2.692582403567252
8.558621384311845
5.5901699437494745
1.118033988749895
13.536986370680884
3.905124837953327
8.558621384311845
8.558621384311845
17.528548142958105
7.566372975210778
6.264982043070834
3.640054944640259
10.920164833920778
5.408326913195984
20.71834935510066
4.6097722286464435
13.82931668593933
14.534441853748634
9.013878188659973
10.735455276791944
10.735455276791944
13.82931668593933
11.629703349613008
14.396180048887969
11.629703349613008
15.700318468107582
22.5055548698538
6.96419413859206
5.1478150704935
5.1478150704935
6.96419413859206
6.96419413859206
6.041522986797286
6.96419413859206
4.743416490252569
7.106335201775948
15.700318468107582
5.70087712549569
7.106335201775948
7.905694150420948
7.905694150420948
11.597413504743201
8.139410298049853
11.10180165558726
9.013878188659973
10.111874208078342
9.656603957913983
9.656603957913983
10.547511554864494
11.715374513859981
9.7082439194738
10.259142264341596
11.335784048754634
12.90348790056394
12.103718436910205
11.597413504743201
9.924716620639604
10.977249200050075
16.98528775146303
33.68233958619858
11.335784048754634
11.335784048754634
12.103718436910205
12.103718436910205
10.977249200050075
4.527692569068709
271.2033370001188
274.5004553730285
280.6145042580657
272.61052804321406
273.1483113621609
273.1483113621609
273.1483113621609
273.1483113621609
275.1022537166862
275.1022537166862
278.2467430177755
278.2467430177755
280.61940417583384
280.61940417583384
287.00391983385873
287.00391983385873
291.0347917345966
293.0614270080592
11.884864324004713
5.1478150704935
6.96419413859206
2.9154759474226504
4.743416490252569
6.670832032063167
8.514693182963201
6.041522986797286
6.041522986797286
8.631338250816034
5.70087712549569
7.648529270389178
7.905694150420948
7.648529270389178
7.905694150420948
8.276472678623424
8.276472678623424
9.924716620639604
10.606601717798213
9.300537618869138
7.7781745930520225
7.7781745930520225
6.519202405202649
11.335784048754634
10.51189802081432
8.0156097709407
5.024937810560445
8.0156097709407
6.5
8.139410298049853
10.307764064044152
13.200378782444085
12.816005617976296
11.884864324004713
12.816005617976296
19.981241202688086
11.10180165558726
3.3541019662496847
25.144581921360317
15.20690632574555
15.660459763365825
15.435349040433131
13.647344063956181
13.46291201783626
15.402921800749363
13.46291201783626
11.412712210513327
8.5
14.115594213493104
13.0862523283024
11.01135777277262
10.307764064044152
9.013878188659973
10.594810050208546
10.111874208078342
9.12414379544733
10.012492197250394
10.012492197250394
11.01135777277262
9.013878188659973
11.01135777277262
10.012492197250394
6.020797289396148
13.238202294873727
10.012492197250394
12.010412149464313
10.012492197250394
11.10180165558726
13.0862523283024
13.0862523283024
14.080127840328723
12.010412149464313
13.238202294873727
15.20690632574555
11.280514172678478
12.257650672131263
10.307764064044152
9.340770846134703
10.307764064044152
11.280514172678478
11.884864324004713
7.5
7.632168761236874
3.2015621187164243
6.800735254367722
16.710774967068403
12.776932339180638
476.41368578159046
2.0615528128088303
476.8406442408197
479.8770675912738
7.5
480.77541534483646
2.0615528128088303
7.433034373659253
8.73212459828649
13.756816492197604
11.412712210513327
5.220153254455275
7.158910531638177
6.5
12.093386622447824
14.705441169852742
2.5
3.2015621187164243
6.264982043070834
6.18465843842649
7.158910531638177
7.433034373659253
7.826237921249264
6.5
6.103277807866851
5.5901699437494745
9.12414379544733
10.012492197250394
5.024937810560445
5.220153254455275
6.5
6.18465843842649
7.0178344238090995
7.158910531638177
10.307764064044152
10.594810050208546
5.220153254455275
8.0156097709407
7.0178344238090995
6.18465843842649
6.020797289396148
7.158910531638177
7.5
3.3541019662496847
5.5901699437494745
8.139410298049853
7.826237921249264
7.433034373659253
9.013878188659973
6.18465843842649
7.0178344238090995
10.594810050208546
8.381527307120106
5.220153254455275
8.0156097709407
10.594810050208546
6.4031242374328485
4.5
7.566372975210778
7.433034373659253
7.5
9.5524865872714
12.971121771072847
8.845903006477066
9.86154146165801
5.315072906367325
8.200609733428363
6.264982043070834
4.031128874149275
9.962429422585638
2.23606797749979
7.0710678118654755
2.692582403567252
7.762087348130012
8.73212459828649
12.854960132182441
8.558621384311845
3.905124837953327
8.139410298049853
6.96419413859206
11.853269591129697
7.3824115301167
11.510864433221338
7.905694150420948
11.510864433221338
13.509256086106296
9.300537618869138
10.700467279516348
9.617692030835672
10.51189802081432
8.514693182963201
16.98528775146303
8.860022573334675
10.606601717798213
28.53944638566067
6.96419413859206
15.443445211480501
18.560711193270585
15.700318468107582
24.748737341529164
10.700467279516348
12.90348790056394
15.116216457830975
17.334935823359714
11.853269591129697
12.349089035228468
15.700318468107582
13.509256086106296
8.860022573334675
8.74642784226795
12.349089035228468
13.509256086106296
10.124228365658293
13.209844813622906
14.983324063771697
15.443445211480501
9.617692030835672
11.423659658795863
8.276472678623424
10.124228365658293
12.349089035228468
14.577379737113251
16.446884203398525
16.80773631397161
19.45507645834372
17.67766952966369
17.67766952966369
16.507574019219177
17.10263137648707
14.159802258506296
12.90348790056394
13.729530217745982
13.729530217745982
10.124228365658293
6.519202405202649
7.3824115301167
4.949747468305833
8.73212459828649
6.18465843842649
6.020797289396148
7.158910531638177
5.5901699437494745
6.18465843842649
19.525624189766635
4.716990566028302
37.16517186829626
304.1652511382587
304.1652511382587
304.1652511382587
308.6786354770929
308.6786354770929
308.6786354770929
308.6786354770929
308.6786354770929
308.6786354770929
26.100766272276374
19.525624189766635
1.118033988749895
11.236102527122116
12.619429464123963
14.0089257261219
12.379418403139947
13.0862523283024
13.901438774457844
15.008331019803634
18.9010581714358
18.9010581714358
20.180436070610565
18.580904176062045
18.580904176062045
15.20690632574555
14.773286702694158
15.787653403846944
9.962429422585638
16.00781059358212
15.435349040433131
83.36815938954152
12.776932339180638
8.381527307120106
14.430869689661812
9.340770846134703
14.115594213493104
14.534441853748634
13.756816492197604
13.238202294873727
10.965856099730654
10.594810050208546
11.884864324004713
10.594810050208546
10.307764064044152
10.594810050208546
10.307764064044152
9.12414379544733
9.340770846134703
8.139410298049853
9.340770846134703
8.139410298049853
8.0156097709407
5.220153254455275
3.0413812651491097
4.272001872658765
5.5901699437494745
5.220153254455275
5.5901699437494745
6.103277807866851
5.5901699437494745
6.946221994724902
5.5901699437494745
6.103277807866851
7.5
8.139410298049853
7.5
8.139410298049853
6.726812023536855
8.139410298049853
4.924428900898052
7.433034373659253
6.726812023536855
8.139410298049853
8.200609733428363
5.852349955359813
4.5
7.433034373659253
4.6097722286464435
3.640054944640259
4.6097722286464435
5.315072906367325
6.020797289396148
3.3541019662496847
3.2015621187164243
3.3541019662496847
3.0413812651491097
3.3541019662496847
3.0413812651491097
3.3541019662496847
3.905124837953327
3.0413812651491097
3.0413812651491097
3.0413812651491097
5.220153254455275
3.905124837953327
0.5
1.5
0.5
1.5
0.5
1.8027756377319946
1.118033988749895
0.5
0.5
1.118033988749895
1.118033988749895
1.118033988749895
1.5
2.0615528128088303
1.8027756377319946
1.118033988749895
2.5
3.2015621187164243
2.5
3.2015621187164243
3.3541019662496847
3.905124837953327
3.3541019662496847
4.716990566028302
5.315072906367325
4.924428900898052
4.6097722286464435
6.020797289396148
2.5
1.5
2.5
1.5
2.692582403567252
2.5
2.692582403567252
2.5
2.5
2.5
1.118033988749895
3.3541019662496847
3.640054944640259
3.905124837953327
1.8027756377319946
5.5901699437494745
3.2015621187164243
5.315072906367325
2.692582403567252
3.640054944640259
2.692582403567252
4.6097722286464435
3.2015621187164243
1.5
3.2015621187164243
3.3541019662496847
5.5901699437494745
3.640054944640259
4.924428900898052
4.6097722286464435
4.5
5.852349955359813
6.020797289396148
6.5
7.762087348130012
9.013878188659973
2.692582403567252
6.800735254367722
3.2015621187164243
5.315072906367325
4.031128874149275
3.905124837953327
6.946221994724902
3.2015621187164243
5.315072906367325
6.726812023536855
3.2015621187164243
3.5
1.8027756377319946
3.905124837953327
8.139410298049853
1.8027756377319946
3.3541019662496847
2.692582403567252
5.408326913195984
2.692582403567252
4.716990566028302
4.47213595499958
5.0
6.324555320336759
3.605551275463989
4.0
4.47213595499958
6.0
4.47213595499958
14.866068747318506
4.242640687119285
12.165525060596439
10.594810050208546
32.65348373451139
17.356554957709783
14.080127840328723
17.066048165876012
17.18284027743958
14.0089257261219
20.05617112013158
16.3783393541592
24.005207768315607
17.18284027743958
23.005434140654682
18.553975315279473
21.0535032714273
18.062391868188442
20.81465829649865
21.242645786248
49.1248409666637
42.14558102577303
46.45696933722647
387.7463732905828
51.24451190127583
370.32992047632337
362.29304437154184
354.37727071582907
342.8385188394093
338.35964593905106
331.91753493902667
27.80287754891569
322.39920905610177
316.3700365078842
29.5296461204668
315.51743216500734
314.02706889693445
305.9758977435968
26.248809496813376
25.298221281347036
12.041594578792296
13.152946437965905
13.0
14.866068747318506
10.0
10.0
16.278820596099706
16.278820596099706
305.5180027428826
302.78086135025114
300.46505620454434
300.46505620454434
300.46505620454434
295.02415155373296
295.02415155373296
292.763556475187
292.763556475187
289.57296144495257
284.22966066193726
284.32463839773015
281.0026690264703
281.0026690264703
282.6384616431387
282.6384616431387
281.4293872359459
281.4293872359459
281.4293872359459
281.4293872359459
281.4293872359459
278.60096912968555
278.60096912968555
11.280514172678478
8.32165848854662
11.884864324004713
8.902246907382429
9.5524865872714
7.158910531638177
9.7082439194738
6.800735254367722
12.298373876248844
10.547511554864494
7.433034373659253
7.0178344238090995
10.594810050208546
10.111874208078342
10.062305898749054
7.158910531638177
9.656603957913983
8.0156097709407
5.220153254455275
8.32165848854662
8.139410298049853
11.10180165558726
16.3783393541592
14.150971698084906
15.305227865013967
17.755280904564703
14.603081866510234
14.115594213493104
15.239750654128171
7.433034373659253
8.902246907382429
7.433034373659253
13.313526955694348
10.547511554864494
12.5
8.73212459828649
10.111874208078342
8.5
3.5
6.103277807866851
6.020797289396148
10.965856099730654
8.5
10.735455276791944
9.7082439194738
6.800735254367722
9.013878188659973
11.629703349613008
10.5
12.539936203984453
312.7499000799201
312.7499000799201
312.7499000799201
312.7499000799201
310.2297535698341
310.2297535698341
310.2297535698341
310.2297535698341
310.2297535698341
310.2297535698341
308.16594555531276
308.16594555531276
308.16594555531276
308.16594555531276
323.8062692413475
323.8062692413475
333.017266819605
334.51046321453083
339.68110044569744
339.68110044569744
346.99603744135175
352.2389104003134
352.2389104003134
352.2389104003134
352.2389104003134
352.2389104003134
350.88067772392367
343.8913345811435
338.35077951735235
329.1295337705202
83.36965874945153
324.28883730403055
189.57913914774483
170.64949457880033
62.47599539022968
30.955613384328213
324.20132633905126
54.536684901082864
324.20132633905126
324.20132633905126
324.20132633905126
68.76227163205125
78.65907449239407
333.5183653114173
342.94970476733175
350.5032096857317
360.35052379592844
299.93207564380305
297.74527704062746
287.8285079695894
279.4069612590209
273.43966427714906
262.69040713356856
397.09255847975794
16.070158679988197
397.4021892239649
59.550398823181695
71.28990110808122
396.23225512317896
396.23225512317896
396.23225512317896
397.7700340649104
395.897082585866
11.10180165558726
394.61658606804656
388.7020066837834
382.0147248470928
381.54717925834547
11.045361017187261
378.8604624396692
378.8604624396692
36.0
33.015148038438355
26.1725046566048
9.219544457292887
393.8441950822685
21.37755832643195
9.486832980505138
13.038404810405298
426.61721718655474
435.6928390506321
452.3684891766888
458.0624957361168
464.89380507810597
474.4378252205446
479.8908730117713
484.9806697178765
495.02853453109145
499.7391819739573
505.07053962788206
115.89758409906567
514.2966070275012
518.6771635613043
518.6771635613043
525.1411714958178
525.1411714958178
532.5645500782041
532.5645500782041
541.1859661890726
541.1859661890726
547.9664679521914
547.9664679521914
547.9664679521914
167.44252745345193
549.7228847337539
549.7228847337539
8.06225774829855
7.280109889280518
549.7228847337539
544.0266537588025
539.9416635156061
539.9416635156061
535.2102390649865
533.4735232417819
528.2745498318086
528.2745498318086
5.315072906367325
30.03747659175118
24.12985702402731
524.9695229249028
524.9695229249028
15.660459763365825
524.1087673374678
524.1087673374678
522.8185631746447
17.507141400011598
522.8185631746447
522.8185631746447
124.70966281728133
522.8185631746447
517.1858950126153
517.1858950126153
511.9885252620414
511.9885252620414
12.98075498574717
505.79170613998804
505.79170613998804
505.79170613998804
497.9972389481693
497.9972389481693
497.9972389481693
497.9972389481693
492.1709560711603
57.98706752371601
492.1709560711603
492.1709560711603
4.949747468305833
54.77681991499689
57.623779813545724
53.53737012592232
49.36851223198852
485.09174390005853
60.656821545478294
61.14940719254766
485.09174390005853
174.2161014372667
485.09174390005853
60.79679267856159
57.142366069318484
485.09174390005853
485.09174390005853
485.09174390005853
485.09174390005853
485.09174390005853
476.77457985928737
475.1189324790162
469.6008943773425
469.6008943773425
469.6008943773425
460.1760532665732
453.60996461718076
453.60996461718076
442.67595371784086
436.21325060112514
436.21325060112514
428.20789343495295
428.20789343495295
423.0957338475537
423.0957338475537
414.9566242392089
414.9566242392089
410.62148019800424
42.07433897282285
56.68553607402862
12.257650672131263
410.62148019800424
410.62148019800424
410.62148019800424
119.26546021376012
410.62148019800424
402.9342378105886
402.9342378105886
400.2464865554725
400.2464865554725
394.8015324185052
394.8015324185052
389.6283485579559
389.6283485579559
378.40223308009166
378.40223308009166
368.0030570525196
9.300537618869138
3.5355339059327378
7.648529270389178
2.9154759474226504
6.96419413859206
3.8078865529319543
4.527692569068709
5.522680508593631
15.890248582070704
72.30836742729018
41.862871377868956
340.26497028051534
227.17834403833479
221.60550534677608
262.86498435508673
245.73359558676546
334.19193586919477
325.8300937605365
325.8300937605365
325.8300937605365
315.6905130028459
226.81545361813423
315.6905130028459
234.5767465031434
311.8372973202532
314.14367731978945
108.50115206761632
326.80001529987726
335.6668735517403
345.47973891387613
348.8541959042488
359.18031683264604
362.392742752942
15.402921800749363
15.532224567009067
17.356554957709783
17.327723451163457
20.155644370746373
14.603081866510234
18.7949461292125
13.901438774457844
24.60182920028509
30.20347662107791
331.3676206270009
331.3676206270009
322.2561093292104
322.2561093292104
322.2561093292104
322.2561093292104
327.59502438223933
327.59502438223933
325.0484579258914
325.0484579258914
159.69502183850315
328.5441370653264
328.5441370653264
328.5441370653264
330.33051630147645
330.33051630147645
326.80422273893583
326.80422273893583
326.80422273893583
326.80422273893583
326.80422273893583
326.80422273893583
326.80422273893583
326.80422273893583
326.80422273893583
326.80422273893583
326.80422273893583
333.5573413972476
344.9818835823122
344.9818835823122
364.48113805792474
375.42043098371727
387.41773320280527
396.1647384611609
415.37753911351535
436.67665382981033
451.93638932929485
468.79046492009627
32.26840560052511
25.811818998280614
21.360009363293827
25.004999500099974
17.88854381999832
542.8823537378978
550.1256674615355
557.3062443576242
77.0211010048545
72.8920434615466
573.0676225368172
580.8291487175898
584.7619173646656
111.24859549675223
122.25894650290424
122.01741678957148
597.7863330655863
589.5765429526517
592.282449512055
588.0038265181613
588.6786050129562
584.9158059071408
585.3071843058138
60.276446477873925
583.7109729994803
582.9633350391772
581.2267199639053
579.7001380023986
578.581887030695
575.6083738098326
575.8784593992034
577.2486465986733
578.9665361659514
576.4325632717153
580.2717036009941
580.2717036009941
580.2717036009941
583.5177803632037
583.5177803632037
589.6942004123832
594.0885876702228
594.0885876702228
594.0885876702228
591.0763487063241
7.905694150420948
11.335784048754634
9.617692030835672
10.793516572461451
11.423659658795863
11.423659658795863
13.82931668593933
16.00781059358212
572.3691990315342
572.3691990315342
572.3691990315342
572.3691990315342
572.3691990315342
570.8417031016568
570.8417031016568
568.4120424480818
153.50732881527188
568.4120424480818
567.6162876450957
567.6162876450957
567.6162876450957
567.6162876450957
565.0055309463793
563.4014998205099
560.8085680515233
560.8085680515233
556.5271781323892
550.3458003837223
548.1409490267991
548.1409490267991
543.3088440288819
543.3088440288819
534.3243397038918
534.3243397038918
530.3041580074589
530.3041580074589
525.700009511128
525.700009511128
520.3042379223909
520.3042379223909
513.1106118567419
513.1106118567419
510.90165394134317
510.90165394134317
510.90165394134317
510.90165394134317
507.92765232855754
507.92765232855754
507.92765232855754
507.92765232855754
504.86483339602887
504.86483339602887
504.86483339602887
505.83841293440736
505.83841293440736
505.83841293440736
501.31876086976837
501.31876086976837
501.31876086976837
496.0408249327872
496.0408249327872
491.33135458669847
491.33135458669847
491.33135458669847
491.33135458669847
483.5643700687634
483.5643700687634
480.5335576211093
480.5335576211093
480.5335576211093
475.296223422825
475.296223422825
475.296223422825
470.3812283669492
470.3812283669492
463.17221419251825
463.17221419251825
463.17221419251825
459.03431244298065
459.03431244298065
452.5864558291598
452.5864558291598
452.5864558291598
442.55225680138614
201.6339505142921
438.3634336940069
438.3634336940069
431.6972318651117
431.6972318651117
427.55409014532887
427.55409014532887
420.9637751636119
420.9637751636119
415.9669458021875
415.9669458021875
410.9701935663948
410.9701935663948
403.03163647535166
403.03163647535166
396.17483514226393
396.17483514226393
387.3015620934158
387.3015620934158
384.90063652844225
384.90063652844225
384.90063652844225
377.40495492242815
377.40495492242815
373.48962502323946
373.48962502323946
373.48962502323946
364.74991432487
364.74991432487
358.34689896802513
358.34689896802513
358.34689896802513
358.34689896802513
352.29604028430407
352.29604028430407
352.29604028430407
346.8176754434526
346.8176754434526
346.8176754434526
346.8176754434526
346.8176754434526
346.8176754434526
346.8176754434526
351.3979225891923
351.3979225891923
356.9404712273463
356.9404712273463
360.05902293929535
360.05902293929535
363.98145557157164
363.98145557157164
370.3113554834634
370.3113554834634
370.3113554834634
370.3113554834634
370.3113554834634
370.3113554834634
370.3113554834634
373.1038729362106
373.1038729362106
373.1038729362106
369.3091523371713
369.3091523371713
360.7758999711594
353.4589792323856
347.31433889201867
347.31433889201867
338.6594897533509
338.6594897533509
329.6460222723763
329.6460222723763
325.5188166604198
