3.5355339059327378
2.5495097567963922
2.0615528128088303
4.6097722286464435
4.123105625617661
2.0615528128088303
3.640054944640259
3.8078865529319543
3.0
4.5
1.4142135623730951
1.5
2.5495097567963922
5.024937810560445
5.024937810560445
3.8078865529319543
4.527692569068709
4.031128874149275
7.433034373659253
7.0710678118654755
5.385164807134504
6.670832032063167
10.606601717798213
6.5
6.103277807866851
12.36931687685298
9.17877987534291
10.793516572461451
40.44749683231337
9.0
6.726812023536855
9.5524865872714
10.124228365658293
9.192388155425117
6.103277807866851
9.300537618869138
12.529964086141668
12.093386622447824
10.0
9.604686356149273
4.6097722286464435
10.295630140987
8.54400374531753
12.816005617976296
11.412712210513327
9.192388155425117
15.508062419270823
10.700467279516348
15.008331019803634
13.509256086106296
15.041608956491324
15.041608956491324
16.28649747490233
29.605742686174924
6.5
9.219544457292887
11.926860441876563
13.729530217745982
7.0710678118654755
5.70087712549569
8.276472678623424
5.5901699437494745
3.640054944640259
9.617692030835672
4.301162633521313
5.852349955359813
8.558621384311845
7.0
7.516648189186454
9.82344135219425
4.743416490252569
6.082762530298219
5.408326913195984
3.2015621187164243
4.242640687119285
4.123105625617661
5.220153254455275
3.8078865529319543
4.527692569068709
2.23606797749979
3.5
1.5811388300841898
6.324555320336759
4.272001872658765
48.708315511830214
244.7779606092019
248.3646512690564
8.276472678623424
246.44725602043127
10.062305898749054
24.438698819699873
20.396078054371138
22.726636354727024
23.021728866442675
19.5
19.144189719076646
25.16445906432324
23.37733945512192
20.402205763103165
239.94374340665772
113.8913956363693
241.12496759979047
15.231546211727817
15.572411502397436
15.305227865013967
15.239750654128171
230.96807138650138
9.617692030835672
7.106335201775948
7.0710678118654755
6.800735254367722
6.264982043070834
26.076809620810597
2.1213203435596424
231.59933074169277
103.59174677550331
104.15613280071415
104.30723848324239
229.81405527077754
232.28699920572396
229.80970388562795
102.13349107907749
229.8107917396396
228.76243135619976
228.39986865145084
229.45860193071866
228.04440357088353
232.64780248263682
229.15606036061973
232.28484668613234
101.53324578678651
228.0487886396242
227.6982652547006
231.59933074169277
10.63014581273465
14.142135623730951
13.0
3.605551275463989
7.0710678118654755
4.6097722286464435
1.8027756377319946
4.031128874149275
5.1478150704935
5.5901699437494745
5.522680508593631
4.5
3.1622776601683795
6.020797289396148
4.301162633521313
5.70087712549569
10.920164833920778
10.062305898749054
6.519202405202649
6.726812023536855
8.139410298049853
5.522680508593631
4.527692569068709
3.8078865529319543
1.5811388300841898
5.024937810560445
4.924428900898052
5.5
6.020797289396148
5.315072906367325
7.158910531638177
6.800735254367722
7.3824115301167
7.826237921249264
8.246211251235321
5.0990195135927845
5.0990195135927845
5.70087712549569
11.40175425099138
7.0710678118654755
12.103718436910205
15.953056133543816
10.63014581273465
14.089002803605371
14.212670403551895
11.926860441876563
13.729530217745982
11.313708498984761
14.300349646075091
12.041594578792296
14.603081866510234
13.45362404707371
16.00781059358212
13.200378782444085
12.103718436910205
18.027756377319946
16.560495161679196
51.47086554547145
14.0089257261219
15.620499351813308
16.650825805346713
15.620499351813308
17.414074767267998
13.647344063956181
13.601470508735444
16.91892431568863
13.509256086106296
14.577379737113251
12.971121771072847
11.543396380615196
13.313526955694348
15.402921800749363
16.15549442140351
10.307764064044152
12.010412149464313
9.82344135219425
11.510864433221338
7.762087348130012
11.067971810589327
11.045361017187261
11.40175425099138
13.038404810405298
10.793516572461451
5.5901699437494745
9.013878188659973
7.648529270389178
7.516648189186454
10.44030650891055
9.82344135219425
9.12414379544733
11.704699910719626
11.510864433221338
11.543396380615196
7.0710678118654755
10.259142264341596
9.219544457292887
11.236102527122116
7.0710678118654755
11.335784048754634
10.259142264341596
9.013878188659973
10.124228365658293
10.307764064044152
9.924716620639604
6.726812023536855
10.404326023342406
12.349089035228468
11.236102527122116
13.038404810405298
11.510864433221338
11.01135777277262
8.74642784226795
7.5
9.604686356149273
10.51189802081432
9.394147114027968
9.300537618869138
10.259142264341596
8.514693182963201
10.816653826391969
12.093386622447824
12.093386622447824
11.236102527122116
10.404326023342406
10.977249200050075
11.236102527122116
11.236102527122116
10.404326023342406
10.124228365658293
10.735455276791944
9.013878188659973
9.192388155425117
11.661903789690601
7.3824115301167
9.192388155425117
10.062305898749054
7.211102550927978
6.800735254367722
6.103277807866851
6.4031242374328485
4.031128874149275
4.031128874149275
6.041522986797286
5.656854249492381
9.7082439194738
9.617692030835672
8.139410298049853
10.977249200050075
7.905694150420948
10.0
10.307764064044152
10.124228365658293
7.810249675906654
5.0
11.180339887498949
8.139410298049853
9.899494936611665
10.259142264341596
8.602325267042627
5.70087712549569
6.4031242374328485
5.830951894845301
6.041522986797286
6.519202405202649
7.0710678118654755
5.830951894845301
6.4031242374328485
7.632168761236874
7.762087348130012
6.946221994724902
7.433034373659253
8.06225774829855
8.139410298049853
4.743416490252569
6.020797289396148
9.013878188659973
9.604686356149273
8.200609733428363
7.632168761236874
4.242640687119285
6.946221994724902
4.924428900898052
36.77295201639379
5.70087712549569
6.264982043070834
5.5901699437494745
4.924428900898052
5.024937810560445
3.905124837953327
6.4031242374328485
5.0
4.716990566028302
3.0
4.6097722286464435
2.692582403567252
4.031128874149275
6.726812023536855
3.905124837953327
5.220153254455275
3.0413812651491097
6.020797289396148
6.708203932499369
9.617692030835672
7.5
6.103277807866851
6.020797289396148
8.74642784226795
9.433981132056603
6.800735254367722
6.5
8.74642784226795
10.977249200050075
10.295630140987
11.672617529928752
8.631338250816034
10.594810050208546
5.830951894845301
46.17358552246078
208.52158161686765
210.10116610813944
208.61747290195996
209.88866096099616
212.15206810210452
211.52127552565486
211.04798032674938
209.20862792915594
209.00059808526865
207.11168484660638
208.91266117686595
205.23705805726217
208.30086413646967
205.31074009900212
207.60118015078817
204.9011957017333
205.45376608862637
202.95442838233416
207.0295872574739
206.94262489878687
207.6445279799109
93.60555539069249
100.84889687051614
208.80433424620284
112.40217969416786
207.99639419951492
209.405109775287
207.42227459942677
210.62347922299642
218.64640404086228
215.6861145275699
217.47701027924768
220.73740054644117
217.21533095064905
217.31141249368383
216.7146741685943
217.85889929034343
217.5367784996367
215.14471873601732
218.6235348721633
14.422205101855956
14.603081866510234
13.865424623862047
13.0
8.74642784226795
8.845903006477066
9.300537618869138
6.020797289396148
5.0
7.648529270389178
6.800735254367722
8.860022573334675
7.0178344238090995
12.509996003196804
8.06225774829855
8.558621384311845
9.394147114027968
5.852349955359813
6.5
2.5495097567963922
5.0990195135927845
6.96419413859206
6.041522986797286
8.514693182963201
10.793516572461451
6.946221994724902
9.7082439194738
11.067971810589327
9.300537618869138
9.7082439194738
8.06225774829855
4.924428900898052
4.242640687119285
7.106335201775948
8.139410298049853
8.276472678623424
5.315072906367325
5.315072906367325
7.0710678118654755
6.800735254367722
4.716990566028302
6.4031242374328485
8.602325267042627
7.810249675906654
8.276472678623424
11.10180165558726
5.0990195135927845
8.845903006477066
9.7082439194738
9.486832980505138
5.522680508593631
9.433981132056603
10.63014581273465
10.965856099730654
7.905694150420948
9.300537618869138
10.816653826391969
10.111874208078342
7.158910531638177
8.94427190999916
9.17877987534291
9.486832980505138
7.3824115301167
10.977249200050075
14.089002803605371
10.920164833920778
11.180339887498949
11.236102527122116
10.594810050208546
12.98075498574717
8.558621384311845
9.656603957913983
6.324555320336759
8.631338250816034
13.647344063956181
7.516648189186454
9.962429422585638
12.539936203984453
9.192388155425117
15.231546211727817
10.547511554864494
6.670832032063167
7.905694150420948
17.4928556845359
17.902513789968157
14.159802258506296
14.534441853748634
12.747548783981962
16.401219466856727
12.971121771072847
10.965856099730654
11.926860441876563
14.230249470757707
11.40175425099138
12.658988901172163
13.038404810405298
15.628499608087784
18.027756377319946
16.347782724271816
11.423659658795863
16.101242188104617
14.7648230602334
10.735455276791944
13.756816492197604
12.5
15.0
13.901438774457844
13.285330255586423
9.848857801796104
10.0
14.422205101855956
17.613914953808536
13.209844813622906
18.76832437912346
16.64331697709324
18.848076824970764
16.15549442140351
11.236102527122116
20.155644370746373
15.402921800749363
18.66815470259447
14.089002803605371
15.0
13.656500283747663
11.423659658795863
11.543396380615196
11.853269591129697
19.557607215607945
12.776932339180638
11.629703349613008
15.008331019803634
17.7341478509682
12.619429464123963
13.601470508735444
17.219175357722563
14.983324063771697
12.093386622447824
244.4918199040614
243.00462958552868
242.64068084309358
12.747548783981962
242.64068084309358
241.6655747101767
241.7938171252524
241.61384480198979
245.85412341467855
244.95407732879238
240.9880702441513
246.95141222515818
14.983324063771697
16.977926846349646
18.33712082089225
17.08800749063506
15.041608956491324
12.649110640673518
17.08800749063506
10.307764064044152
14.089002803605371
17.240939649566666
13.865424623862047
12.5
10.965856099730654
16.560495161679196
16.401219466856727
15.231546211727817
13.92838827718412
12.539936203984453
15.20690632574555
15.337861650177967
11.853269591129697
13.865424623862047
13.509256086106296
13.313526955694348
14.983324063771697
15.0
15.264337522473747
18.384776310850235
12.349089035228468
11.40175425099138
11.926860441876563
12.349089035228468
9.617692030835672
11.180339887498949
11.236102527122116
7.905694150420948
14.080127840328723
14.577379737113251
6.670832032063167
12.093386622447824
8.276472678623424
23.942639787625758
16.80029761641144
11.335784048754634
5.024937810560445
7.211102550927978
9.656603957913983
8.276472678623424
6.041522986797286
7.5
4.5
7.632168761236874
6.800735254367722
8.276472678623424
8.246211251235321
5.315072906367325
8.5
7.905694150420948
6.041522986797286
6.363961030678928
6.946221994724902
5.70087712549569
10.44030650891055
10.062305898749054
6.4031242374328485
6.264982043070834
6.041522986797286
7.433034373659253
5.70087712549569
6.020797289396148
10.124228365658293
7.3824115301167
10.770329614269007
7.648529270389178
4.031128874149275
7.3824115301167
10.63014581273465
17.356554957709783
14.560219778561036
21.10094784600919
9.848857801796104
8.32165848854662
10.295630140987
12.379418403139947
240.30917585477255
240.36014644695155
239.7634250672942
236.73297193251304
11.01135777277262
238.29813259864207
236.64002197430594
239.2263572435111
234.94520637799783
242.20291080001496
239.70815588961506
235.9798720230181
237.8155798092295
236.64002197430594
238.00840321299583
16.101242188104617
237.91857850953969
239.00313805471257
237.01529486512047
238.35372873106056
237.06170082913013
238.57126817787594
236.4048434360007
234.19276248424075
238.0514650238473
237.8155798092295
237.43841306747314
232.79282634995434
234.6960800695231
237.59471795475588
235.7382022498687
239.50782868207042
238.80221942017207
241.4440929076543
239.46294076537188
239.55479540180363
241.3425988092446
239.1782807865296
43.93176527297759
239.08837278295238
239.46294076537188
239.4201328209472
239.08837278295238
9.5524865872714
9.219544457292887
8.139410298049853
9.300537618869138
10.977249200050075
12.041594578792296
20.155644370746373
5.315072906367325
5.852349955359813
8.276472678623424
9.486832980505138
9.055385138137417
6.041522986797286
4.716990566028302
5.830951894845301
8.54400374531753
8.48528137423857
12.206555615733702
13.647344063956181
13.46291201783626
10.012492197250394
8.276472678623424
9.656603957913983
12.539936203984453
9.17877987534291
216.07926786251383
217.3436219446064
215.7805598287297
213.97721841354982
210.95556404134024
210.54453210663058
211.45448682872635
84.34008536870235
209.5381826780026
210.17730610130104
211.22736565132843
210.46674321611954
214.56059750103233
212.03773249117714
213.9538501640015
213.08449028495716
209.8487550594475
210.46674321611954
208.91266117686595
204.77121379725227
207.96754554497198
208.91266117686595
205.20477577288497
93.83229721156783
204.9011957017333
202.91192670713076
206.30196315110527
204.5055011485021
203.50982777251815
206.20620747203515
201.90158493682014
205.1078984339706
203.74125748114935
207.4246851269154
207.9531197169208
207.16780637927312
204.60694025374605
207.87015177749788
205.38013535880242
206.848374419525
209.50238662125068
208.69894585263242
212.13969454112072
212.22688331123368
213.51170928077926
215.8633827215723
213.10326135467753
215.1278689523977
212.93426215618754
215.8077848456816
212.59174490087804
213.32193979991837
211.5005910157227
211.46749159149735
211.10720025617317
207.9326814139615
210.05356459722364
207.90021645010378
208.61567534583781
215.59278744893115
215.1278689523977
217.64477939982848
215.49535957880857
213.687856463581
214.7888498037084
215.0348808914498
216.264305885183
217.3407462948446
216.79137436715513
219.0279662508877
218.04701327924673
215.89465023478465
105.53909228338095
221.8022768142834
12.165525060596439
216.0700118017306
218.24584761227416
213.94917620780876
15.041608956491324
216.0700118017306
217.53907694940696
215.8077848456816
214.6421440444537
10.04987562112089
7.648529270389178
8.860022573334675
7.5
9.17877987534291
8.73212459828649
7.826237921249264
9.192388155425117
9.617692030835672
9.433981132056603
10.124228365658293
10.977249200050075
9.5524865872714
12.806248474865697
12.349089035228468
12.776932339180638
11.704699910719626
12.816005617976296
13.416407864998739
14.577379737113251
14.866068747318506
11.926860441876563
12.298373876248844
10.111874208078342
14.0089257261219
10.44030650891055
10.965856099730654
10.547511554864494
13.124404748406688
14.080127840328723
12.619429464123963
9.17877987534291
10.307764064044152
11.40175425099138
11.423659658795863
9.433981132056603
7.810249675906654
8.94427190999916
9.219544457292887
11.853269591129697
14.115594213493104
15.008331019803634
13.200378782444085
15.692354826475215
13.729530217745982
15.890248582070704
10.594810050208546
11.335784048754634
16.446884203398525
19.313207915827967
17.26267650163207
254.32754471350523
255.4530289505294
11.236102527122116
15.264337522473747
12.349089035228468
16.64331697709324
12.298373876248844
13.601470508735444
12.379418403139947
12.658988901172163
11.236102527122116
260.2095309553438
261.2417462811026
263.637061127604
265.62097055767265
265.91398985386235
264.12970298699844
266.36910481510427
265.54189876552437
262.797450520358
263.3082793988826
263.2608022475051
262.17932794177347
261.84967061273915
260.3483243656467
257.0627355335658
259.6425427390511
259.35689695861186
254.32754471350523
252.30140705116966
251.26728796244052
249.80842659926427
249.263916361755
248.855881987949
9.962429422585638
43.7978309965231
18.24828759089466
247.31811498553841
247.29183164835834
243.1712359634667
243.81396596585685
244.85914318236107
240.38146767169886
240.59197825364004
239.7602969634464
238.00052520950453
236.32604596192948
5.220153254455275
6.96419413859206
3.0413812651491097
10.920164833920778
9.219544457292887
5.70087712549569
9.12414379544733
13.009611831257688
8.06225774829855
5.0
8.077747210701755
7.433034373659253
5.5901699437494745
2.5495097567963922
6.103277807866851
6.082762530298219
8.06225774829855
