5.5901699437494745
5.5901699437494745
4.6097722286464435
4.6097722286464435
3.640054944640259
2.692582403567252
3.5
3.640054944640259
2.692582403567252
2.692582403567252
5.315072906367325
2.5
3.8078865529319543
0.5
4.6097722286464435
0.7071067811865476
2.0615528128088303
3.2015621187164243
2.9154759474226504
1.118033988749895
3.8078865529319543
1.118033988749895
3.1622776601683795
4.743416490252569
4.47213595499958
6.103277807866851
8.139410298049853
7.0710678118654755
6.264982043070834
7.211102550927978
8.74642784226795
7.905694150420948
9.013878188659973
10.295630140987
6.946221994724902
8.73212459828649
4.301162633521313
6.519202405202649
6.519202405202649
6.18465843842649
6.103277807866851
8.602325267042627
6.946221994724902
9.013878188659973
7.5
10.0
6.264982043070834
7.905694150420948
5.70087712549569
7.3824115301167
5.70087712549569
6.5
5.70087712549569
4.743416490252569
3.5355339059327378
3.0413812651491097
3.1622776601683795
1.118033988749895
2.5
1.8027756377319946
2.8284271247461903
2.5
3.2015621187164243
2.5495097567963922
4.716990566028302
5.315072906367325
3.2015621187164243
2.0
2.5
6.041522986797286
2.692582403567252
2.692582403567252
3.605551275463989
7.5
6.708203932499369
4.716990566028302
3.3541019662496847
14.212670403551895
9.394147114027968
7.632168761236874
5.830951894845301
5.408326913195984
5.1478150704935
3.8078865529319543
2.5495097567963922
0.5
3.905124837953327
4.272001872658765
4.743416490252569
4.123105625617661
7.566372975210778
6.18465843842649
6.363961030678928
5.5901699437494745
1.118033988749895
1.8027756377319946
1.5811388300841898
5.024937810560445
3.905124837953327
0.7071067811865476
1.5
2.0615528128088303
1.118033988749895
6.264982043070834
6.946221994724902
7.280109889280518
2.9154759474226504
6.041522986797286
6.4031242374328485
4.743416490252569
4.301162633521313
5.5901699437494745
5.656854249492381
4.949747468305833
12.5
5.1478150704935
3.3541019662496847
5.024937810560445
9.617692030835672
1.5811388300841898
3.5355339059327378
3.0413812651491097
2.5495097567963922
5.220153254455275
7.0178344238090995
6.5
6.946221994724902
7.826237921249264
6.5
7.648529270389178
21.10094784600919
1.4142135623730951
8.860022573334675
6.800735254367722
14.560219778561036
1.5811388300841898
11.335784048754634
10.816653826391969
11.629703349613008
7.5
3.3541019662496847
20.8806130178211
8.602325267042627
3.905124837953327
3.605551275463989
28.78367592924851
3.3541019662496847
4.716990566028302
12.083045973594572
9.656603957913983
5.1478150704935
5.70087712549569
12.349089035228468
7.615773105863909
8.94427190999916
9.013878188659973
22.090722034374522
30.602287496198713
6.946221994724902
24.38237068047322
27.54087870784082
23.04886114323222
23.0
22.192341021172147
29.567718883945037
28.146935890075138
5.70087712549569
29.068883707497267
29.004310024546353
29.21044333795706
6.5
27.95084971874737
22.005681084665387
25.079872407968907
5.5901699437494745
5.1478150704935
3.8078865529319543
5.315072906367325
4.031128874149275
4.031128874149275
8.5
7.615773105863909
5.830951894845301
6.18465843842649
5.385164807134504
8.06225774829855
9.924716620639604
4.6097722286464435
6.103277807866851
4.924428900898052
4.924428900898052
7.3824115301167
7.648529270389178
8.74642784226795
5.5901699437494745
8.845903006477066
7.566372975210778
6.670832032063167
6.576473218982953
7.158910531638177
6.020797289396148
5.0990195135927845
6.519202405202649
5.5901699437494745
4.6097722286464435
4.743416490252569
4.0
3.5355339059327378
4.031128874149275
1.8027756377319946
2.5495097567963922
6.324555320336759
8.0156097709407
9.5
12.589678312014172
14.317821063276353
3.5355339059327378
7.0710678118654755
6.5
6.041522986797286
2.692582403567252
2.0615528128088303
2.0615528128088303
5.1478150704935
6.264982043070834
6.020797289396148
5.220153254455275
8.54400374531753
3.5355339059327378
3.605551275463989
6.800735254367722
3.0413812651491097
2.5
0.7071067811865476
3.0
1.5811388300841898
2.0
3.605551275463989
2.692582403567252
2.5
8.514693182963201
1.118033988749895
2.1213203435596424
3.5355339059327378
2.23606797749979
1.118033988749895
3.640054944640259
2.692582403567252
7.566372975210778
7.762087348130012
11.597413504743201
13.009611831257688
4.743416490252569
4.031128874149275
3.3541019662496847
17.67766952966369
61.71102008555684
73.79871272590057
22.02271554554524
21.50581316760657
23.264780248263683
21.523243250030884
30.64718584144391
23.08679276123039
23.69071548096427
22.14158982548453
21.1482859825566
20.303940504246953
5.385164807134504
24.9098374141623
27.294688127912362
19.96246477767713
19.1637678967368
65.86349520030045
25.04495957273639
5.852349955359813
24.12985702402731
5.5901699437494745
6.020797289396148
7.280109889280518
5.830951894845301
6.264982043070834
6.103277807866851
5.5901699437494745
5.1478150704935
3.640054944640259
5.220153254455275
9.219544457292887
5.522680508593631
11.510864433221338
4.5
12.419742348374221
11.672617529928752
10.965856099730654
5.385164807134504
6.708203932499369
3.605551275463989
6.800735254367722
4.716990566028302
7.106335201775948
6.4031242374328485
4.6097722286464435
7.0178344238090995
7.0178344238090995
8.276472678623424
5.5901699437494745
3.0413812651491097
3.605551275463989
4.47213595499958
8.139410298049853
6.670832032063167
4.47213595499958
6.4031242374328485
6.324555320336759
7.158910531638177
6.96419413859206
7.762087348130012
3.1622776601683795
20.554804791094465
20.09975124224178
13.647344063956181
6.800735254367722
4.716990566028302
9.82344135219425
34.23448553724738
10.012492197250394
7.632168761236874
8.0156097709407
14.807092894960848
15.660459763365825
13.756816492197604
44.67941360403021
20.615528128088304
13.82931668593933
57.47390712314589
169.45869703263978
7.7781745930520225
8.48528137423857
6.18465843842649
11.510864433221338
5.70087712549569
35.0891721190455
14.317821063276353
9.656603957913983
8.73212459828649
7.0710678118654755
11.40175425099138
10.0
9.5524865872714
10.259142264341596
9.433981132056603
13.0862523283024
11.853269591129697
40.5
10.735455276791944
50.65816814690401
16.446884203398525
15.264337522473747
12.816005617976296
16.1245154965971
15.337861650177967
19.90602923739438
11.672617529928752
21.50581316760657
11.045361017187261
23.345235059857504
177.7364622130192
78.42512352556417
180.93990715151813
86.00145347608958
186.10816747257493
185.82787734890587
186.67150291354062
69.41361537911709
191.2341496699792
193.72983766059372
198.4905539314151
201.1889659002203
203.92400545301183
207.88458336298052
68.65857557508748
70.12310603502956
67.92827099227537
78.08969202141856
71.10731326663947
76.44115383744544
73.8596642288604
88.94099167425557
187.21177847560767
23.08679276123039
176.52549390952004
31.752952618614856
31.184932259025352
34.92849839314596
51.78802950489621
160.9114663409665
162.22977531883598
159.19956030090032
160.2474648785434
38.52920969861697
156.97929799817555
33.185087012090236
157.350722909048
157.33165606450598
158.74901574498028
156.69157603394
157.39837991542353
155.98477489806498
155.01774092019275
155.50321540083985
157.50634907837843
157.2895419282541
156.91478579152445
155.38741905315243
153.7172729396407
154.75545224643946
157.17028981331046
154.38264151127873
154.20765220960988
154.8967397978408
157.0350279396288
157.4460224966004
155.2586551532635
156.76814089603792
155.69360937430926
155.98477489806498
20.223748416156685
157.33483403239094
157.10665167331393
51.03920062069938
161.5773808427405
159.8827695531948
158.07039571026576
159.59401617855227
64.4864326816114
161.24515496597098
45.39823785126467
46.13296001775737
163.80552493734757
159.56581714139153
156.71391131613046
157.4746011266579
159.54074714630116
158.4929020492716
154.28058853919376
157.17028981331046
156.3729516252731
156.43049574811172
160.36598766571421
157.4746011266579
158.61904047118682
160.36598766571421
159.86244086714052
161.31955864060626
17.7341478509682
159.19956030090032
157.84327670192354
156.43049574811172
158.9190045274636
155.69360937430926
157.87653403846943
156.71391131613046
157.9129507038609
156.8733565650968
157.50634907837843
157.10665167331393
157.57934509319423
157.62058875667228
160.36598766571421
160.66891423047582
160.97903590219443
158.95360958468353
158.6584381619837
161.37533888422976
162.02623244400888
161.31955864060626
161.03803898458278
159.99531243133345
161.03803898458278
161.34590171429826
157.62058875667228
160.4033977196244
161.44348856488452
160.58409012103286
163.26741867255694
163.6001222493431
162.22977531883598
161.66786941133356
160.31219541881399
163.356205881503
164.7217350564278
164.01524319403975
163.83680905095778
166.6043216726385
164.86737093797547
163.40517127679894
163.40517127679894
163.07820209948355
165.19382555047267
165.75886099994776
165.0969412193939
163.31028748979656
162.27445886522005
164.76726009738707
160.77624202599088
164.2330660981521
161.37533888422976
162.0524606416083
162.85576440519384
163.7811039161722
165.1945822356169
163.09889637885354
164.12342916232282
165.88022787541618
165.8621415513498
42.99418565341132
45.304525160297175
45.39823785126467
45.224440295044005
51.696228102251325
35.79455265819088
38.96472763923803
31.976553910638962
33.59315406448165
29.025850547399983
29.706901555025897
32.810059433045836
37.33630940518894
35.05709628591621
35.014282800023196
31.064449134018133
30.83018001893599
35.531676008879735
35.174564673923115
3.1622776601683795
1.5
2.9154759474226504
1.0
3.3541019662496847
1.5811388300841898
3.640054944640259
4.031128874149275
4.123105625617661
4.5
4.47213595499958
25.079872407968907
2.692582403567252
3.3541019662496847
4.123105625617661
3.2015621187164243
5.5901699437494745
7.632168761236874
7.0710678118654755
4.031128874149275
4.6097722286464435
5.408326913195984
5.70087712549569
19.96246477767713
9.013878188659973
11.543396380615196
12.539936203984453
3.640054944640259
11.661903789690601
27.504545078950134
62.07455195166535
24.423349483639626
22.847319317591726
22.321514285549714
24.66779276708802
23.879907872519105
26.65520587052368
25.30316185775999
26.239283526803852
17.327723451163457
24.423349483639626
61.1657583947097
25.942243542145693
21.965882636488796
23.42007685726074
4.272001872658765
9.486832980505138
214.7102698987638
85.5058477532385
77.05841939723393
212.02888954102457
2.692582403567252
208.9174478113305
206.90698393239413
210.7160411549154
62.57994886543133
65.37583651472461
63.00991985394046
211.6039933460614
209.22296719050706
210.0148804251737
207.9116398857938
207.6445279799109
210.91289671331148
210.52315787105226
209.43077615288541
213.02171250837318
212.39644535631948
212.39644535631948
211.22618208924763
208.57252935130265
213.693706037403
213.26157647358795
212.98943635776868
25.5049014897137
211.96520940946888
211.39595549584197
210.69231120285335
210.69231120285335
211.96520940946888
211.22618208924763
208.72769341896154
205.71643104040086
206.90698393239413
207.6445279799109
204.5024449731592
206.0218435020908
206.81392603013947
204.70039081545497
205.0
204.40156555173445
204.30002447381156
204.9011957017333
206.11283317639393
201.0006218895852
205.1078984339706
205.41178155110774
205.71643104040086
205.20294832189913
205.90349681343443
213.26157647358795
210.5380013204267
207.80038498520642
206.3062044631717
205.71400049583403
10.793516572461451
11.180339887498949
13.038404810405298
13.583077707206124
14.916433890176299
13.341664064126334
19.90602923739438
19.6468827043885
17.066048165876012
17.67766952966369
11.10180165558726
22.5055548698538
11.672617529928752
201.08828906726518
66.2872536767062
55.509008277936296
78.5573039252239
202.8823550730817
15.890248582070704
199.68099559046675
53.26584271369411
54.389796837274545
47.185802949616104
55.01136246267674
59.07622195096772
59.00211860602973
44.44378471732578
56.568542494923804
65.0
207.2920644887305
207.81963333621778
54.45181356024793
52.66165587977651
52.392747589718944
52.50952294584288
51.29571132170798
51.480578862324386
51.29571132170798
51.87725898695882
50.71735403192876
52.61178575186362
51.62363799656123
49.924943665466465
50.35871324805669
52.29005641611032
50.855186559484764
50.855186559484764
52.53808142671371
51.58730463980455
51.62363799656123
52.28049349422785
59.30430001273095
60.05206074732157
52.69250421075089
68.3117852204142
60.63208721460939
47.762432936357
50.35871324805669
59.70971445250764
202.2504635346975
201.79197209007103
201.54714088768415
201.0198995124612
202.746763229404
202.49567896624362
202.8823550730817
199.54573410624442
199.99812499121086
200.38463014912097
201.08828906726518
201.40568512333508
200.50748115718775
201.8000247770054
201.65812654093563
199.6121238802894
200.95397483005902
200.99564671902723
199.04898894493286
199.75234666956982
200.84384481482124
199.59020517049427
197.56328100130347
200.84384481482124
48.00260409602796
47.71268175233918
47.095647357266465
46.219584593546486
197.0139588963178
25.283393759541063
20.5
25.59785147234041
13.509256086106296
20.112185361118765
14.0089257261219
17.029386365926403
199.13625988252366
19.50640920313116
21.523243250030884
19.00657780874821
20.155644370746373
18.439088914585774
15.628499608087784
200.91851582171316
69.80329505116502
58.0538543078752
199.90247622278218
13.536986370680884
16.507574019219177
15.572411502397436
200.7647877492465
16.77050983124842
16.688319268278637
18.66815470259447
14.713938969562161
11.76860229593982
13.0862523283024
13.82931668593933
10.44030650891055
15.787653403846944
16.1245154965971
15.787653403846944
15.20690632574555
15.787653403846944
9.656603957913983
14.807092894960848
9.055385138137417
12.854960132182441
8.381527307120106
9.513148795220223
11.01135777277262
4.123105625617661
4.272001872658765
9.12414379544733
8.5
13.647344063956181
12.010412149464313
10.547511554864494
9.82344135219425
10.793516572461451
11.280514172678478
12.589678312014172
11.597413504743201
13.46291201783626
10.5
13.509256086106296
18.527007313648905
9.962429422585638
13.238202294873727
12.509996003196804
12.539936203984453
12.257650672131263
10.198039027185569
11.280514172678478
12.165525060596439
11.597413504743201
13.536986370680884
14.577379737113251
13.583077707206124
13.341664064126334
13.536986370680884
13.647344063956181
13.009611831257688
14.0089257261219
15.20690632574555
12.041594578792296
13.536986370680884
14.035668847618199
13.46291201783626
13.583077707206124
14.080127840328723
12.539936203984453
10.51189802081432
