5.5901699437494745
4.716990566028302
4.716990566028302
4.716990566028302
5.5901699437494745
4.716990566028302
4.716990566028302
4.716990566028302
4.716990566028302
4.716990566028302
4.272001872658765
5.5901699437494745
4.716990566028302
4.716990566028302
4.716990566028302
5.220153254455275
7.5
6.946221994724902
2.5495097567963922
3.2015621187164243
4.924428900898052
3.1622776601683795
18.439088914585774
16.278820596099706
48.83646178829912
53.150729063673246
92.14797881668376
125.28467583866751
128.10249802404323
135.57746862956247
123.30145984537248
124.15816525706234
108.18156035110604
107.29515366501882
106.6782545788972
38.63935817272331
50.47771785649585
31.196954979612993
20.426698215815495
47.01595473879053
44.50280890011326
45.63167759353145
5.024937810560445
39.85285435197835
48.41745553000488
18.034688796871432
6.726812023536855
9.192388155425117
9.192388155425117
6.103277807866851
6.726812023536855
4.716990566028302
5.5901699437494745
3.905124837953327
6.020797289396148
5.408326913195984
6.4031242374328485
6.946221994724902
3.5355339059327378
6.363961030678928
8.631338250816034
0.7071067811865476
3.8078865529319543
2.9154759474226504
3.8078865529319543
5.70087712549569
37.31621631409058
2.1213203435596424
4.743416490252569
4.743416490252569
24.052026941611388
17.67766952966369
41.743262929483606
43.7978309965231
45.10543204537564
44.25494322671762
41.17341375208036
42.08622102303793
41.692325432865935
45.36794022214365
40.77070026379238
41.17341375208036
42.15447781671598
45.27692569068709
60.400745028517655
48.85949242470699
23.926972228010797
5.70087712549569
3.8078865529319543
2.9154759474226504
4.47213595499958
3.605551275463989
4.6097722286464435
6.103277807866851
18.034688796871432
16.278820596099706
11.180339887498949
2.23606797749979
7.7781745930520225
22.4610774452162
42.737571292716204
43.617656975128774
42.737571292716204
42.737571292716204
43.617656975128774
41.31888188225814
39.37321424522006
36.68787265568828
40.162171256046406
31.38470965295043
46.400431032480725
42.25221887664599
47.02393007820593
41.8867520822515
37.31621631409058
10.793516572461451
5.70087712549569
10.124228365658293
25.739075352467502
24.748737341529164
45.03887209955418
10.111874208078342
7.0710678118654755
4.242640687119285
5.0
27.16615541441225
3.605551275463989
27.202941017470888
49.03060268852505
28.284271247461902
31.084562084739105
34.34020966738555
26.73013280924732
31.894356867634123
24.82438317461282
45.41200281863816
28.98706608127149
32.65348373451139
34.077118422777474
35.654592972014136
32.42298567374695
32.42298567374695
6.020797289396148
4.716990566028302
5.1478150704935
4.6097722286464435
4.0
3.0
5.0990195135927845
3.1622776601683795
4.031128874149275
4.272001872658765
4.0
9.962429422585638
2.1213203435596424
3.5355339059327378
7.5
11.045361017187261
10.404326023342406
9.013878188659973
6.519202405202649
4.716990566028302
4.47213595499958
3.2015621187164243
4.242640687119285
2.0615528128088303
1.8027756377319946
31.531730050855124
72.54309064273454
94.33186100146652
9.604686356149273
12.539936203984453
3.640054944640259
6.363961030678928
6.726812023536855
6.264982043070834
7.106335201775948
8.845903006477066
5.656854249492381
6.800735254367722
6.708203932499369
1.8027756377319946
6.264982043070834
23.04886114323222
40.96950085124299
40.577087130546964
36.003472054789384
40.74616546375867
42.34678264047931
45.880278987817846
43.46262762420146
41.692325432865935
41.14608122288197
41.17341375208036
41.48795005781799
40.626346131543755
44.384682042344295
42.79310692155922
42.34678264047931
42.95346318982906
42.432299018554254
42.720018726587654
43.48850422812907
5.315072906367325
5.656854249492381
22.610838109190027
8.06225774829855
8.48528137423857
6.800735254367722
10.295630140987
6.5
5.70087712549569
10.04987562112089
3.5355339059327378
2.0615528128088303
2.23606797749979
3.1622776601683795
2.692582403567252
3.0
7.433034373659253
1.118033988749895
10.977249200050075
16.1245154965971
5.220153254455275
6.103277807866851
4.47213595499958
5.408326913195984
4.6097722286464435
14.807092894960848
3.605551275463989
4.716990566028302
3.605551275463989
2.8284271247461903
3.2015621187164243
4.242640687119285
8.381527307120106
11.661903789690601
6.082762530298219
6.670832032063167
15.532224567009067
41.140004861448425
52.65453446760307
39.85599076675927
11.236102527122116
76.02631123499285
114.69088891450794
80.68766944211488
105.25445358748483
30.64718584144391
44.11915683691156
85.74672005388894
112.92918134831227
135.24514778726814
155.03870484495155
150.60627476967883
152.46311029229332
143.34050369661745
142.4377056821683
141.77535046685654
94.6321826864413
92.54863586244802
92.66336924588917
91.58738996171907
95.79404991960618
96.31458871842833
98.23568598019764
92.28353049163215
89.55026521457097
48.43810483493342
43.73213921133976
28.231188426986208
26.100766272276374
27.060118255469618
27.35415873317986
42.746344872983
25.83118270617898
25.59785147234041
28.853076092507017
28.71410803072246
4.924428900898052
24.520399670478458
40.96950085124299
42.26700841081611
29.920728600754362
39.5790348543266
32.96209944769902
37.5
34.311076928595526
42.03867267171979
40.47838929601819
40.11545836706842
40.02811511925087
40.96644968751869
42.07730979993849
39.777506206397604
52.33784481615574
40.02811511925087
12.020815280171307
11.10180165558726
2.5
6.519202405202649
11.510864433221338
11.629703349613008
10.735455276791944
9.433981132056603
73.79871272590057
84.64632301523794
114.76933388322858
146.79662802666823
149.06793753185156
134.8332303254654
167.83920876839238
153.71158056568152
181.34221791960084
186.79534255435814
134.5594664079789
128.5
145.69317073905694
139.2300254973761
96.03254656625533
95.818839483684
94.76286192385707
47.73101716913227
13.152946437965905
13.793114224133722
6.708203932499369
5.0990195135927845
5.220153254455275
5.024937810560445
5.70087712549569
4.743416490252569
5.408326913195984
6.708203932499369
16.77050983124842
17.67766952966369
6.519202405202649
4.6097722286464435
4.47213595499958
6.96419413859206
6.020797289396148
3.640054944640259
7.211102550927978
27.518175811634027
42.32316150761897
36.003472054789384
24.62214450449026
40.11545836706842
39.73977856002723
38.70723446592381
25.0
40.00312487793922
40.311288741492746
38.23937760999779
40.02811511925087
34.677081768799404
39.274673773310965
43.617656975128774
39.423977475642914
32.0624390837628
39.131189606246316
36.03123644839294
43.01162633521314
40.326790102858425
39.56008088970496
43.26950427263987
49.489897959078476
62.83510165504628
45.37895988230669
47.2784306000104
45.7083143421413
46.76804464589043
6.800735254367722
4.6097722286464435
35.302266216207705
49.99249943741561
45.53295509847785
49.002550954006466
8.73212459828649
5.408326913195984
6.576473218982953
3.5
6.103277807866851
17.066048165876012
25.30316185775999
46.45696933722647
55.509008277936296
114.26832456984744
97.28951639308318
90.16789894413644
52.28049349422785
15.20690632574555
47.59464255564905
46.32763753959401
41.907636535600524
56.764865894318824
43.165379646193315
38.69431482789171
41.608292442733095
41.31888188225814
41.58425182686349
38.74596753211875
46.97073557013984
40.635575546557725
44.73533279187716
44.127655727446026
45.40099117860754
41.28256290493603
54.16871790987857
41.907636535600524
44.477522413012174
49.86231041578399
45.609757727924844
42.25221887664599
42.25221887664599
45.047197471096915
46.08958667638494
47.055817918722866
14.534441853748634
7.632168761236874
11.715374513859981
42.26405091800832
51.198144497628036
54.23329235810785
10.547511554864494
6.18465843842649
27.408940147331492
40.74616546375867
43.246387132337425
46.08958667638494
50.98284025042151
42.61748467472007
43.54595273960601
34.471002306286366
36.704904304465906
40.635575546557725
1.118033988749895
1.5
1.8027756377319946
1.118033988749895
1.118033988749895
0.5
2.5
2.692582403567252
2.692582403567252
3.640054944640259
1.118033988749895
1.5
1.5
1.118033988749895
7.0178344238090995
2.0615528128088303
29.124731758421397
32.26840560052511
36.62308015445998
50.21205034650547
29.34706118165838
1.8027756377319946
2.5
1.8027756377319946
3.640054944640259
3.3541019662496847
12.093386622447824
2.5
2.692582403567252
1.8027756377319946
1.8027756377319946
1.8027756377319946
1.8027756377319946
1.8027756377319946
3.640054944640259
10.307764064044152
1.118033988749895
18.200274723201296
46.810789354592174
37.97696670351649
