16.80029761641144
15.402921800749363
18.82153022471871
19.474342094150447
18.200274723201296
19.091883092036785
19.81161275615895
22.102036105300343
21.224985276791124
22.327113561766108
21.224985276791124
18.607794065928395
21.914607000811127
18.76832437912346
24.70323865407125
22.5
22.74313083108832
19.448650338776723
20.180436070610565
21.005951537600005
23.753947040439407
25.86986664055306
20.518284528683193
17.69180601295413
13.45362404707371
16.62077013859466
17.902513789968157
14.916433890176299
15.700318468107582
14.849242404917497
12.747548783981962
10.816653826391969
13.416407864998739
8.94427190999916
9.433981132056603
11.704699910719626
5.315072906367325
14.142135623730951
12.806248474865697
15.890248582070704
4.949747468305833
7.905694150420948
5.70087712549569
14.230249470757707
13.285330255586423
15.182226450688976
14.916433890176299
27.613402542968153
19.557607215607945
9.617692030835672
9.617692030835672
8.514693182963201
10.51189802081432
14.916433890176299
11.597413504743201
9.513148795220223
13.285330255586423
10.793516572461451
4.743416490252569
4.743416490252569
5.5901699437494745
4.6097722286464435
10.547511554864494
9.5524865872714
11.5
6.800735254367722
12.971121771072847
15.20690632574555
11.543396380615196
12.658988901172163
10.920164833920778
23.286262044390035
10.547511554864494
10.5
10.547511554864494
7.158910531638177
10.5
7.566372975210778
10.920164833920778
13.82931668593933
7.632168761236874
5.852349955359813
15.041608956491324
14.807092894960848
13.647344063956181
13.647344063956181
12.658988901172163
12.175795661885921
13.46291201783626
14.080127840328723
7.632168761236874
2.5
5.315072906367325
14.080127840328723
3.640054944640259
1.8027756377319946
17.414074767267998
10.259142264341596
9.013878188659973
15.239750654128171
18.7949461292125
9.394147114027968
15.692354826475215
9.17877987534291
13.46291201783626
12.5
17.392527130926087
13.946325680981353
16.32482771731451
12.349089035228468
10.606601717798213
11.510864433221338
10.124228365658293
10.977249200050075
10.124228365658293
16.446884203398525
8.74642784226795
9.300537618869138
8.74642784226795
7.905694150420948
9.192388155425117
10.965856099730654
9.604686356149273
6.020797289396148
6.103277807866851
4.924428900898052
5.70087712549569
6.96419413859206
7.7781745930520225
5.70087712549569
7.3824115301167
4.527692569068709
9.192388155425117
1.5811388300841898
8.860022573334675
2.9154759474226504
7.905694150420948
7.648529270389178
9.617692030835672
5.70087712549569
9.192388155425117
11.510864433221338
465.3291845564815
453.3787048373578
439.56370414309686
431.42351581711443
421.7478512097009
7.905694150420948
394.9648718557133
384.31269820290873
375.87531177240146
359.20920088438714
345.96856793645287
3.5355339059327378
4.743416490252569
4.949747468305833
4.527692569068709
3.8078865529319543
2.9154759474226504
4.743416490252569
9.192388155425117
6.5
1.8027756377319946
2.0615528128088303
1.118033988749895
5.5901699437494745
5.5901699437494745
8.139410298049853
10.547511554864494
2.0615528128088303
3.3541019662496847
6.726812023536855
10.111874208078342
14.080127840328723
16.3783393541592
7.3824115301167
5.522680508593631
6.670832032063167
11.853269591129697
8.631338250816034
7.648529270389178
4.301162633521313
15.508062419270823
3.8078865529319543
9.617692030835672
335.4374010154503
10.51189802081432
14.300349646075091
8.276472678623424
7.516648189186454
7.905694150420948
9.300537618869138
9.617692030835672
3.8078865529319543
5.315072906367325
5.5901699437494745
6.946221994724902
1.8027756377319946
415.2306587909905
424.69400749245335
25.773047937719745
444.3450236021554
448.5047379905813
459.6895691659753
463.6620536554614
27.225906780123964
469.42784323045856
468.53228277248945
463.1894860637491
454.1745259258824
445.2173626443605
439.03587552727396
432.52340977107815
428.6286271354259
419.86902719776793
412.9721540249415
406.7247226319049
397.44307768534605
389.4663014947506
380.71117661555456
372.61374102413345
365.8264615907384
361.86323383289437
357.39334073258834
350.90739519138094
349.6644820395689
347.6740571282246
348.6316107297214
348.7764326900543
347.60466049810094
348.99283660270163
345.86268951709724
344.8274931034357
341.6460156360674
340.77118422777477
339.7543230041378
336.1547262794322
336.1547262794322
332.7100840070827
329.98484813700156
329.98484813700156
332.0993827154757
334.79097956784915
340.3086834037592
344.81589290518497
349.09167850293994
352.0227265390688
352.6145204043645
358.6000557724441
361.8000138197897
364.4149420646744
367.8287645087045
367.8287645087045
367.8287645087045
371.06603185956
371.06603185956
371.06603185956
375.43741156150116
375.43741156150116
375.43741156150116
373.8224846100084
373.8224846100084
376.5003320051657
376.5003320051657
372.26771280894076
372.26771280894076
368.9610413038211
364.9208818360495
366.99216612892434
363.966001159449
362.7412989997141
360.4375812814197
354.65370433706175
355.360732214464
356.949926460281
358.7565330415601
359.23703873626397
361.00034626022176
366.76184370787536
368.7292367035736
369.66369851528566
5.0
7.280109889280518
15.532224567009067
12.5
11.715374513859981
10.547511554864494
12.020815280171307
10.700467279516348
6.519202405202649
9.924716620639604
9.924716620639604
11.335784048754634
10.700467279516348
10.977249200050075
8.602325267042627
8.06225774829855
6.4031242374328485
7.211102550927978
7.211102550927978
9.219544457292887
5.0
6.18465843842649
5.5901699437494745
17.240939649566666
397.29208398859396
400.4125997018575
9.17877987534291
406.301919759186
406.301919759186
406.4864696395195
411.0012165432117
408.70190848587924
408.70190848587924
406.09512432433854
413.402044020104
422.91872741698256
426.5219806762601
430.11626335213134
438.44383904897103
448.8128786030989
458.2630249103674
462.1309338272001
466.02253164412554
472.04713747675663
472.04713747675663
468.811795926681
464.96720314447987
468.40714127775635
464.6237725299901
463.8698632159671
462.2750804445336
462.2750804445336
460.3914095636451
459.18759782903544
457.8004477935774
457.7458355900139
455.41876333765606
454.53960223505277
452.1086705649428
448.20642565675024
41.68033109273485
437.0926675202868
426.4106002434742
421.08906421326117
415.7511274789282
410.2547988750406
408.6392051675904
406.8814323608292
154.79421823827917
415.0524063296104
420.0315464343125
421.9342365819584
427.352898668068
428.13140506157686
435.59212573231855
434.07430239533875
437.1252680868495
432.3175915921072
423.63014529185716
407.5049079459044
393.0651981541993
381.48427228393047
373.0191013875831
363.6289317422364
355.51933843322786
348.0703951789063
344.493831584834
337.8298388242223
331.79813139919884
324.5292744884504
322.41471740601423
320.56902532839945
311.00160771288625
307.19700519373555
300.50790339024365
291.22242358719564
285.878470682911
284.39760899135564
280.492869784599
274.1277074649697
272.5912691191704
270.7397274136177
272.2687091826749
10.606601717798213
280.7294070809113
290.67593639653074
300.9838035509552
312.37997695114836
325.41550362574924
337.9234380743662
347.4928056809234
353.52263011015293
362.71924404420565
368.84719058168247
371.00033692707075
376.83451275062373
382.51307167206716
388.80747163602706
397.60313127539627
407.8618025753331
421.8794259027098
429.40569395386456
442.209509169579
452.0489464648712
459.27252258326973
467.0302452732585
473.16725372747425
483.0023291869305
491.56510250423594
498.3705950394746
502.41840133498295
508.4419829243057
513.412358635824
509.3537572257615
509.3537572257615
509.3537572257615
509.3537572257615
507.9431562684943
502.90481206685627
498.3705950394746
495.6059422565472
487.03413638060323
481.2018807112042
477.6266847654138
469.1782710228597
464.7453603856632
458.55888389605974
452.96053912013133
453.05766741111444
450.0055555212624
447.88949529990094
445.92600283006595
441.61634933503086
438.17918709130856
430.9074726666967
425.8018905547508
421.0323621765909
411.386983265149
406.20961337713317
402.60681812408495
396.7697695137572
391.2930487499107
383.8880045013129
380.290678297536
379.3006722904667
377.5619154522871
371.2384678343558
372.5442926686705
374.2876567561372
374.2876567561372
376.52124774041636
379.7357633934418
384.6950090656233
387.3064032519989
387.3064032519989
387.3064032519989
393.42121193448634
396.9285200133646
394.32537326426257
396.97921859966425
396.09405448706246
393.97779125224815
393.97779125224815
393.97779125224815
389.6799969205502
384.57053969330514
382.4741821352129
374.6414952991726
371.74890719408984
367.5013605416992
364.11708281815066
361.58712643013166
357.6817719705604
355.14680063320293
355.14680063320293
355.14680063320293
358.62236405444656
358.62236405444656
362.6420411369868
369.5690057350589
372.90380797197554
377.0905063774478
379.6119729407912
382.9846602672227
385.0986886500654
387.76926128820475
389.2187688177434
389.2187688177434
389.2187688177434
389.2187688177434
387.8482306263624
387.8482306263624
381.5117953615589
377.69200415153085
370.40147137936697
367.42652326689756
361.8359434882057
362.40067604793455
361.0418950759039
357.7209107670392
357.88580580961855
357.3545158522556
357.3545158522556
356.36252608825185
356.36252608825185
356.36252608825185
356.36252608825185
356.36252608825185
354.48025332872913
354.48025332872913
354.48025332872913
350.70108354551746
350.70108354551746
349.81459374931745
349.81459374931745
346.1939485317443
346.1939485317443
346.1939485317443
346.1939485317443
346.1939485317443
348.280418628438
348.280418628438
353.93678814161154
353.93678814161154
359.57787751751357
359.57787751751357
361.0072713949125
361.0072713949125
364.6042374959457
364.6042374959457
364.6042374959457
364.6042374959457
362.44206433580524
362.44206433580524
362.44206433580524
362.44206433580524
362.44206433580524
358.8652253980594
358.8652253980594
358.8652253980594
358.8652253980594
358.8652253980594
355.3227406175968
355.3227406175968
355.3227406175968
355.3227406175968
355.3227406175968
355.3227406175968
355.3227406175968
355.3227406175968
353.26371169425255
353.26371169425255
349.087739687317
349.087739687317
349.087739687317
345.7256860576026
345.7256860576026
345.7256860576026
345.7256860576026
345.7256860576026
345.7256860576026
345.7256860576026
350.54279339333164
353.29343328174104
353.29343328174104
359.6404454451696
364.67828287409714
364.67828287409714
367.55033668873165
367.55033668873165
367.55033668873165
367.55033668873165
365.36454398312924
365.36454398312924
366.71003531400663
366.6486738009562
366.6486738009562
368.04924942186744
368.04924942186744
365.9771167709806
365.9771167709806
365.9771167709806
365.9771167709806
365.9771167709806
366.0344929101628
366.0344929101628
366.0344929101628
366.0344929101628
366.0344929101628
365.536933838429
365.536933838429
362.91355720060943
361.580212401066
361.580212401066
358.9320966422479
358.9320966422479
357.719513026617
357.719513026617
356.4172414460333
354.727007711564
354.727007711564
354.727007711564
360.6469880645061
369.3863153935186
378.25421345967845
384.4141646713867
389.2817103332752
397.7477215522422
404.1302389082015
411.26299371570013
411.26299371570013
411.26299371570013
408.38860170185944
402.7011919525444
392.8972511993435
384.4141646713867
377.4218462145508
377.4218462145508
377.4218462145508
377.4218462145508
383.0172972595363
389.2752881958987
400.58363671023807
409.09564896244007
422.5
438.052793621956
447.2451788448926
453.62567167213984
457.2048228092088
456.835309493476
454.029184084019
439.2590351944966
415.80824907642227
403.7604487812049
391.7684264970826
370.52462806134764
359.24434581493415
349.6659119788487
341.8950862472288
334.82420760751455
332.725487451743
332.725487451743
332.725487451743
343.8640719819388
353.6106616039737
361.3426351816237
370.88171968971454
374.45059754258637
383.0982250024137
384.13441657836387
387.4935483333884
387.08687655357164
390.59057848340376
397.0012594438461
400.47596681948346
409.0782321268146
424.60834895230215
435.9968463188696
441.334623613421
446.20090766380116
441.1249822896001
362.9304341054908
434.4562693758717
427.8565764365437
420.79240725089136
417.9668049020161
410.783702208352
409.6840245848012
421.7771923658272
441.34566951540376
456.0975772792484
459.6194077712559
459.6542178638199
457.21685227034226
457.21685227034226
459.2888524665061
459.2888524665061
459.26925653694695
459.26925653694695
450.83062229622334
441.8260404276778
432.96910975264734
428.9734840290248
425.1296860959018
416.3763321803966
406.4446456776125
396.40919515066753
398.5602212966066
397.60313127539627
397.60313127539627
397.60313127539627
407.2407150568322
407.2407150568322
413.4936517045939
420.24873586960376
426.57736695703863
430.4244997673808
435.35186918169995
440.30585960216337
436.96939252080347
425.9275173078161
425.9275173078161
425.9275173078161
425.9275173078161
414.5446296841873
