4.031128874149275
4.924428900898052
4.272001872658765
4.272001872658765
4.924428900898052
3.2015621187164243
4.6097722286464435
4.6097722286464435
3.605551275463989
4.47213595499958
3.605551275463989
4.123105625617661
3.1622776601683795
4.123105625617661
3.5355339059327378
3.8078865529319543
2.5495097567963922
4.272001872658765
4.743416490252569
4.743416490252569
3.0413812651491097
2.8284271247461903
2.0615528128088303
2.5
2.5
2.1213203435596424
2.5
4.743416490252569
3.8078865529319543
2.9154759474226504
3.5355339059327378
3.8078865529319543
3.8078865529319543
2.9154759474226504
2.9154759474226504
3.5355339059327378
3.8078865529319543
3.8078865529319543
3.8078865529319543
3.8078865529319543
4.743416490252569
4.743416490252569
3.8078865529319543
6.041522986797286
4.743416490252569
5.385164807134504
4.47213595499958
6.670832032063167
4.123105625617661
3.5
4.47213595499958
4.47213595499958
3.1622776601683795
3.1622776601683795
3.0
3.1622776601683795
3.1622776601683795
4.6097722286464435
2.692582403567252
305.2838842782239
42.573465914816005
44.141816908686486
45.5
48.53091798019073
55.44366510251645
59.50210080324896
65.11528238439882
72.54309064273454
82.66196223173026
80.43164800002546
87.66413177577246
94.16076677682696
101.35580891098448
108.04628637764465
104.00480758118829
99.10221995495358
343.6895401376073
47.01063709417264
48.41487374764082
48.010415536631214
345.5119390122431
345.93062888388476
6.726812023536855
7.905694150420948
7.106335201775948
343.80372307466365
5.0
343.0896384328737
8.94427190999916
5.656854249492381
6.726812023536855
7.106335201775948
340.07682955473456
339.58283231046886
341.1279085621697
46.76804464589043
338.5059083679338
337.52074010347866
336.3647573691394
334.11562369934154
332.95082219450967
335.9598190260258
336.1487765856065
334.18557718728675
10.404326023342406
333.715822220044
335.85004094089373
331.2416036671722
334.6072324382723
336.57391461609143
337.843158877015
338.54098717880527
335.6579360003276
339.8896879871468
340.17091292466495
338.7226003679117
343.14756301043434
341.1806706130932
345.66638540650723
341.93018293213015
345.47973891387613
347.02917744766074
351.3420697838504
353.303339921943
353.303339921943
353.8000847936586
357.2285682864684
353.59934954691306
355.7590476713136
356.1663936982264
357.179226719584
355.33259068089995
358.3699206127657
354.0353089735542
353.7601588647314
351.6994455497478
351.91547280561565
350.1835233131336
343.8902441186723
346.0614107351468
343.1362703067106
343.45669304877435
341.01502899432455
336.91690370178816
334.8917735627437
329.0448297724795
332.08018609968286
328.9319838507651
331.21971559676217
328.07087648860266
326.1234428862789
326.00958574864023
322.9744571943732
321.55015160935625
319.82573379889243
322.7483539849584
319.37830233126357
318.62595625592087
34.92849839314596
316.9404518202118
316.23171883920816
315.2562449817608
313.8447068217019
314.2809252881886
312.3307541693581
310.75713990188547
311.843310013218
308.17243549675237
310.1588302789395
311.46789561686774
311.46789561686774
311.35590567708846
310.8351653207854
309.86206608747705
311.80843478007455
311.80843478007455
312.7818728762906
312.44239469060534
314.4713818457889
314.0163212318748
105.30075973135237
314.8793419708571
316.90455976523907
318.96590726909983
320.199937539032
320.0878785583734
322.6019218789622
325.18494737610473
328.11011871016717
329.30722737285924
333.80570696139995
333.3181663216093
334.4043211443297
336.68976818430343
337.4036899620394
339.8106090162578
341.4125070936916
343.07797947405487
347.20095045952854
347.4370446570141
349.6176482959635
351.5600944362144
351.1936787586018
354.4661478900348
356.4074213593202
356.046345297912
357.0154058300566
357.0154058300566
357.0154058300566
358.48151974683435
360.9224293390479
359.70126494078386
359.76937056953585
361.80796011143815
361.1319011109376
360.9837253949269
364.28148456928193
361.1218630877948
362.0828634442674
363.04407445928655
362.42585448612795
362.7698995230999
362.63376842208174
362.49827585796874
359.6109008358896
359.95624734125676
361.2658301029866
359.4749643577422
358.5125520815136
359.339672176619
359.4749643577422
359.2005011132362
357.6870140220357
357.1403785628279
358.24014292091834
359.34002003673345
358.24014292091834
356.8630689774441
354.9704213029587
357.7027397155353
356.1225210513932
352.28858908570965
350.8083522380845
351.5469385444851
350.26597037108814
348.6850297904973
348.3593690429468
348.05782565545053
345.80811153007966
346.93010823507376
343.5975116324331
339.78853718158297
342.1607809203153
340.26166401756166
333.94610343586885
333.9371198294673
334.2708482652952
330.1635958127425
331.6010404085005
329.1052263334631
327.0535124410071
328.5015220664891
327.09096594066915
325.4727331129291
324.79108670035885
327.1887834263271
329.006458903165
327.29230055105177
329.542865193589
39.824615503479755
330.07347666845334
330.65465367963594
333.6562602439822
333.2566578479716
335.170479010309
339.3287491504367
335.47317329408025
10.735455276791944
337.55332912000733
337.52407321552636
336.8326735932843
336.8326735932843
336.1238610988515
335.9077254247065
338.948742437555
341.4297145826649
342.98688021555574
345.59875578479733
10.977249200050075
343.16905454892054
346.14014502799296
342.6966588690354
338.49667649771686
336.5382593405986
333.325666578498
333.30541549755833
329.7138911238045
325.33252219844235
323.9853391744756
324.24103688459917
319.73152800435554
317.27945095766916
315.7819659195249
314.33461470223097
311.5806476660577
311.5806476660577
311.1884477290248
306.0902644645857
304.86267400257447
305.74662712775756
305.45089621737895
304.0826367946713
301.83977537759995
300.1932710771512
299.7081914129142
299.55300031880836
298.22684319155445
296.8543413864786
298.14845295590584
297.9941274589149
295.447118787779
294.3076621496627
296.0177359551282
297.3188524126918
294.357775504572
292.80070013577495
293.78606161627204
293.4655005277452
294.62518561725165
294.45033537083975
295.34936939157325
293.72989292886075
294.09394757458034
296.6264485847478
296.8606575482848
296.6433043235596
294.1330481261839
298.4262890564436
298.1949865440397
297.0206221796729
302.1195955246862
301.1399176462662
299.1809653036102
300.1603738004069
299.8020180052162
301.968955357997
304.1368935200069
303.97573916350626
302.6850673554941
305.11678092166613
303.6548204787798
303.2428894467272
306.40047323723246
307.6300537983895
307.3650110210985
305.8402360710572
309.8584354184988
308.86445247065905
311.2531124342374
311.0245167185378
310.69478592342034
