3  165  71  35
4  165  71  35
6  165  71  35
8  165  71  35
10  166  71  35
11  166  71  35
13  166  71  35
14  166  71  35
15  166  71  35
17  167  71  35
17  167  71  35
19  167  71  35
20  167  71  35
22  167  71  35
23  167  71  35
24  168  71  35
26  168  71  35
28  168  71  35
29  168  71  35
31  169  71  35
33  169  71  35
35  169  71  35
37  170  71  35
38  170  71  35
39  170  71  35
41  170  71  35
42  170  71  35
43  170  71  35
44  171  71  35
45  171  71  35
46  171  71  35
47  171  71  35
48  171  71  35
49  171  71  35
50  171  71  35
51  171  71  35
52  171  71  35
53  171  71  35
54  172  71  35
56  171  71  35
57  171  71  35
58  171  71  35
59  171  71  35
61  171  71  35
62  171  71  35
63  171  71  35
65  171  71  35
66  170  71  35
67  170  71  35
69  171  71  35
70  171  71  35
71  170  71  35
72  170  71  35
73  170  71  35
75  171  71  35
76  171  71  35
77  171  71  35
79  171  71  35
80  171  71  35
81  171  71  35
82  170  71  35
83  170  71  35
83  170  71  35
83  170  71  35
83  170  71  35
84  170  71  35
84  170  71  35
84  171  71  35
84  171  71  35
84  171  71  35
85  172  71  35
85  172  71  35
86  172  71  35
86  172  71  35
86  172  71  35
87  172  71  35
87  172  71  35
87  172  71  35
87  173  71  35
87  173  71  35
87  172  71  35
89  172  71  35
88  174  71  35
88  175  71  35
87  175  71  35
87  174  71  35
87  175  71  35
87  175  71  35
87  175  71  35
87  175  71  35
87  175  71  35
87  176  71  35
88  176  71  35
88  175  71  35
88  176  71  35
87  176  71  35
87  177  71  35
88  177  71  35
88  177  71  35
87  177  71  35
87  177  71  35
88  177  71  35
88  177  71  35
90  177  71  35
89  177  71  35
90  177  71  35
90  177  71  35
91  177  71  35
92  177  71  35
91  177  71  35
93  177  71  35
94  178  71  35
94  177  71  35
94  177  71  35
93  177  71  35
93  178  71  35
93  178  71  35
93  178  71  35
94  178  71  35
95  178  71  35
96  178  71  35
97  178  71  35
97  178  71  35
99  178  71  35
100  178  71  35
102  178  71  35
103  177  71  35
104  178  71  35
105  178  71  35
106  178  71  35
107  178  71  35
109  178  71  35
111  178  71  35
112  178  71  35
113  178  71  35
114  177  71  35
115  179  71  35
115  179  71  35
117  179  71  35
119  179  71  35
121  179  71  35
123  179  71  35
123  179  71  35
125  179  71  35
127  180  71  35
130  180  71  35
131  181  71  35
132  180  71  35
133  180  71  35
136  174  71  35
137  181  71  35
139  181  71  35
143  181  71  35
145  181  71  35
146  181  71  35
149  181  71  35
147  182  71  35
182  175  71  35
208  185  71  35
199  185  71  35
191  186  71  35
190  175  71  35
168  185  71  35
158  185  71  35
193  176  71  35
195  176  71  35
167  184  71  35
171  185  71  35
200  176  71  35
203  176  71  35
206  176  71  35
208  176  71  35
177  176  71  35
212  175  71  35
181  176  71  35
180  176  71  35
183  176  71  35
218  175  71  35
185  176  71  35
185  176  71  35
187  176  71  35
189  176  71  35
190  176  71  35
195  176  71  35
197  176  71  35
198  176  71  35
204  176  71  35
210  176  71  35
217  176  71  35
223  176  71  35
231  176  71  35
235  175  71  35
241  175  71  35
244  174  71  35
247  174  71  35
249  174  71  35
251  173  71  35
250  172  71  35
285  168  71  35
249  171  71  35
249  170  71  35
247  169  71  35
276  165  71  35
240  168  71  35
237  167  71  35
234  165  71  35
233  165  71  35
232  164  71  35
235  164  71  35
240  163  71  35
244  159  71  35
252  159  71  35
258  159  71  35
269  157  71  35
279  158  71  35
287  158  71  35
294  157  71  35
303  158  71  35
310  159  71  35
318  157  71  35
326  157  71  35
334  157  71  35
342  156  71  35
349  154  71  35
356  152  71  35
363  150  71  35
369  144  71  35
375  143  71  35
381  141  71  35
385  141  71  35
389  140  71  35
393  140  71  35
397  141  71  35
401  140  71  35
405  139  71  35
409  139  71  35
418  151  71  35
417  138  71  35
420  137  71  35
424  136  71  35
428  136  71  35
432  136  71  35
437  135  71  35
445  135  71  35
454  136  71  35
466  136  71  35
480  137  71  35
497  140  71  35
515  136  71  35
535  135  71  35
556  135  71  35
