       1 198 149  31  56 0.822
       2 197 148  31  56 0.847
       3 195 148  31  56 0.919
       4 194 147  31  56 0.938
       5 193 147  31  56 0.931
       6 192 147  31  56 0.939
       7 189 146  31  56 0.949
       8 187 147  31  56 0.910
       9 187 145  31  56 0.975
      10 184 143  31  56 0.903
      11 183 142  31  56 0.968
      12 182 142  31  56 0.951
      13 181 141  31  56 0.978
      14 179 140  31  56 0.949
      15 178 141  31  56 0.940
      16 177 140  31  56 0.964
      17 176 139  31  56 0.959
      18 176 140  31  56 0.946
      19 174 139  31  56 0.960
      20 173 139  31  56 0.961
      21 172 138  31  56 0.947
      22 171 138  31  56 0.943
      23 171 138  31  56 0.937
      24 170 138  31  56 0.945
      25 169 138  31  56 0.926
      26 168 135  31  56 0.854
      27 167 135  31  56 0.848
      28 166 139  31  56 0.790
      29 164 140  31  56 0.752
      30 163 141  31  56 0.831
      31 162 141  31  56 0.832
      32 161 140  31  56 0.754
      33 161 140  31  56 0.777
      34 160 136  31  56 0.687
      35 159 136  31  56 0.860
      36 159 134  31  56 0.918
      37 159 134  31  56 0.833
      38 158 133  31  56 0.661
      39 157 132  31  56 0.717
      40 157 131  31  56 0.782
      41 157 131  31  56 0.577
      42 156 134  31  56 0.632
      43 156 132  31  56 0.503
      44 153 113  31  56 0.455
      45 155 132  31  56 0.444
      46 154 124  31  56 0.606
      47 153 127  31  56 0.624
      48 151 126  31  56 0.551
      49 150 125  31  56 0.669
      50 149 122  31  56 0.762
      51 148 122  31  56 0.705
      52 146 119  31  56 0.744
      53 144 120  31  56 0.804
      54 143 119  31  56 0.845
      55 143 121  31  56 0.888
      56 141 118  31  56 0.853
      57 140 119  31  56 0.808
      58 139 118  31  56 0.847
      59 137 118  31  56 0.858
      60 135 118  31  56 0.765
      61 133 117  31  56 0.659
      62 132 116  31  56 0.638
      63 131 116  31  56 0.742
      64 130 115  31  56 0.695
      65 129 115  31  56 0.725
      66 128 115  31  56 0.625
      67 127 114  31  56 0.658
      68 124 114  31  56 0.621
      69 121 113  31  56 0.744
      70 120 112  31  56 0.867
      71 119 113  31  56 0.904
      72 118 110  31  56 0.907
      73 117 109  31  56 0.965
      74 115 111  31  56 0.921
      75 115 108  31  56 0.886
      76 112 109  31  56 0.877
      77 111 108  31  56 0.848
      78 110 108  31  56 0.872
      79 110 108  31  56 0.846
      80 109 106  31  56 0.806
      81 107 105  31  56 0.638
      82 107 105  31  56 0.714
      83 105 106  31  56 0.706
      84 102 105  31  56 0.556
      85 100 107  31  56 0.593
      86  99 107  31  56 0.575
      87  97 104  31  56 0.612
      88  96 104  31  56 0.642
      89  94 103  31  56 0.665
      90  92 102  31  56 0.751
      91  92 102  31  56 0.764
      92  89 101  31  56 0.811
      93  87 100  31  56 0.799
      94  86 101  31  56 0.812
      95  85 101  31  56 0.813
      96  82  99  31  56 0.792
      97  82 100  31  56 0.773
      98  79  99  31  56 0.633
      99  78  97  31  56 0.594
     100  76  99  31  56 0.562
     101  75  98  31  56 0.729
     102  73 101  31  56 0.624
     103  71  98  31  56 0.904
     104  70  98  31  56 0.895
     105  68 100  31  56 0.883
     106  67  98  31  56 0.869
     107  65  95  31  56 0.878
     108  64  95  31  56 0.915
     109  62  95  31  56 0.926
     110  61  94  31  56 0.937
     111  60  95  31  56 0.913
     112  58  94  31  56 0.911
     113  58  94  31  56 0.900
     114  56  94  31  56 0.916
     115  55  95  31  56 0.905
     116  53  93  31  56 0.906
     117  52  93  31  56 0.913
     118  51  92  31  56 0.859
     119  50  92  31  56 0.826
