3.2015621187164243
2.9154759474226504
3.5355339059327378
3.8078865529319543
2.23606797749979
3.905124837953327
2.8284271247461903
4.272001872658765
2.5
1.5
1.0
1.4142135623730951
1.5
1.5811388300841898
1.8027756377319946
0.5
0.5
1.8027756377319946
2.0
3.5
3.8078865529319543
5.70087712549569
5.5901699437494745
5.220153254455275
5.852349955359813
2.0615528128088303
3.905124837953327
8.558621384311845
10.606601717798213
12.539936203984453
12.539936203984453
12.509996003196804
12.5
8.631338250816034
9.5
8.514693182963201
7.516648189186454
8.139410298049853
7.0178344238090995
7.516648189186454
10.04987562112089
14.035668847618199
11.672617529928752
7.0
12.658988901172163
3.2015621187164243
6.670832032063167
8.631338250816034
8.139410298049853
5.220153254455275
5.385164807134504
4.031128874149275
5.220153254455275
3.1622776601683795
7.648529270389178
2.692582403567252
4.743416490252569
4.527692569068709
4.272001872658765
3.8078865529319543
4.272001872658765
4.301162633521313
5.0
5.315072906367325
5.0
5.0
3.905124837953327
5.830951894845301
6.5
6.5
8.381527307120106
5.408326913195984
4.716990566028302
6.324555320336759
3.605551275463989
5.220153254455275
3.5355339059327378
5.220153254455275
6.264982043070834
5.70087712549569
6.946221994724902
5.408326913195984
7.826237921249264
7.648529270389178
9.962429422585638
9.962429422585638
7.762087348130012
8.73212459828649
9.055385138137417
7.648529270389178
8.381527307120106
7.280109889280518
6.5
7.615773105863909
9.340770846134703
6.670832032063167
7.762087348130012
9.82344135219425
6.041522986797286
10.124228365658293
9.656603957913983
12.539936203984453
10.606601717798213
9.617692030835672
11.10180165558726
10.606601717798213
8.246211251235321
8.631338250816034
9.219544457292887
7.158910531638177
8.558621384311845
7.0710678118654755
7.566372975210778
9.055385138137417
11.40175425099138
9.617692030835672
10.307764064044152
9.7082439194738
9.340770846134703
