1.4142135623730951
2.23606797749979
2.0615528128088303
5.024937810560445
3.8078865529319543
5.408326913195984
6.726812023536855
7.211102550927978
6.96419413859206
7.158910531638177
5.522680508593631
6.18465843842649
7.280109889280518
9.013878188659973
9.962429422585638
9.219544457292887
10.198039027185569
9.962429422585638
11.543396380615196
10.51189802081432
13.583077707206124
1.0
9.486832980505138
9.7082439194738
12.539936203984453
18.560711193270585
17.528548142958105
18.24828759089466
21.552262062252307
22.54994456755936
23.005434140654682
24.046829312822098
28.0178514522438
28.0
25.578311124857326
25.019992006393608
27.504545078950134
28.5
27.54087870784082
23.04886114323222
24.520399670478458
25.5049014897137
24.50510150968569
28.5
25.51960031034969
24.08318915758459
31.0
29.068883707497267
28.040149785619906
27.16615541441225
31.00403199585499
30.004166377354995
27.004629232781554
23.021728866442675
22.588713996153036
23.632604596192948
24.5
26.019223662515376
21.783020910791965
18.110770276274835
18.027756377319946
14.637281168304447
13.46291201783626
16.278820596099706
7.0710678118654755
5.220153254455275
5.5901699437494745
3.5355339059327378
3.605551275463989
5.0
13.0
13.509256086106296
17.18284027743958
21.592822881689184
22.7705950734714
22.54994456755936
21.592822881689184
20.024984394500787
14.035668847618199
8.631338250816034
4.031128874149275
7.211102550927978
17.84656829757475
21.360009363293827
15.524174696260024
17.356554957709783
24.331050121192877
22.80350850198276
23.243278598338918
20.71834935510066
23.96351393264352
17.902513789968157
24.698178070456937
22.638462845343543
17.5
20.8806130178211
24.438698819699873
21.93171219946131
18.848076824970764
23.323807579381203
24.12985702402731
24.62214450449026
24.01041440708594
23.600847442411894
24.397745797511703
23.753947040439407
17.414074767267998
18.439088914585774
16.401219466856727
15.890248582070704
18.117670931993437
15.945218719101975
17.334935823359714
12.806248474865697
13.200378782444085
12.5
10.816653826391969
10.700467279516348
9.192388155425117
8.902246907382429
10.51189802081432
11.629703349613008
11.180339887498949
13.200378782444085
12.349089035228468
11.629703349613008
10.307764064044152
7.810249675906654
6.519202405202649
9.604686356149273
6.96419413859206
9.7082439194738
9.617692030835672
6.946221994724902
4.527692569068709
6.041522986797286
9.300537618869138
6.041522986797286
8.74642784226795
9.5524865872714
7.632168761236874
10.062305898749054
8.602325267042627
10.259142264341596
9.899494936611665
6.800735254367722
7.7781745930520225
4.6097722286464435
4.47213595499958
4.242640687119285
10.062305898749054
7.762087348130012
5.0
4.272001872658765
5.024937810560445
2.23606797749979
2.23606797749979
3.605551275463989
5.0990195135927845
1.8027756377319946
2.0615528128088303
2.5
1.8027756377319946
4.6097722286464435
2.0615528128088303
2.692582403567252
5.0990195135927845
1.8027756377319946
2.9154759474226504
11.510864433221338
15.508062419270823
16.278820596099706
18.66815470259447
19.81161275615895
31.25699921617557
37.33630940518894
33.94849039353591
30.805843601498726
35.78407467016578
35.20298282816387
37.8549864614954
37.074249823833256
38.8329756778952
36.50342449688796
38.939054944875075
36.50342449688796
39.16950344336777
38.73306081372863
40.607881008493905
40.18084120572888
39.16950344336777
38.12151623427379
39.91553582253406
40.626346131543755
41.28256290493603
40.18084120572888
40.326790102858425
35.58440669731617
36.74914965002592
39.05444917035702
37.36308338453881
36.40054944640259
34.96069221282668
32.42298567374695
35.302266216207705
37.16517186829626
34.27097897638759
28.98706608127149
28.040149785619906
29.120439557122072
31.38470965295043
28.935272592460574
32.31098884280702
29.436372059070052
31.312936623702353
29.740544715926102
26.40075756488817
26.196373794859472
25.16445906432324
24.698178070456937
22.847319317591726
20.940391591371924
20.248456731316587
17.755280904564703
12.020815280171307
12.041594578792296
9.013878188659973
8.860022573334675
7.5
6.041522986797286
17.613914953808536
22.94558781116753
29.832867780352597
41.96724913548659
51.53882032022076
56.293871780150276
59.179810746571334
61.61168720299745
62.26756780218736
56.37597005817283
54.3323108288245
53.3970972993851
34.935655139126844
42.579337712087536
47.762432936357
49.49747468305833
51.54852083231875
48.58240422210494
47.38143096192854
48.31407662369219
48.507731342539614
48.74679476642541
49.49747468305833
46.11398920067532
43.48850422812907
42.5
43.35031718453742
43.48850422812907
41.43669871020132
40.52468383590426
38.265519727294965
39.53795644693843
38.47076812334269
37.27264412407577
39.2587569849072
32.55764119219941
23.16246964380094
39.20459156782532
28.160255680657446
30.76117683054405
29.706901555025897
24.41823089414956
20.886598574205422
14.230249470757707
12.5
11.543396380615196
4.47213595499958
4.949747468305833
3.0413812651491097
4.47213595499958
3.3541019662496847
6.324555320336759
3.0
4.301162633521313
5.5901699437494745
5.0
3.5355339059327378
2.1213203435596424
8.631338250816034
6.264982043070834
5.70087712549569
7.826237921249264
5.1478150704935
5.385164807134504
6.041522986797286
5.1478150704935
2.0
4.123105625617661
6.670832032063167
5.1478150704935
6.041522986797286
8.139410298049853
5.408326913195984
4.6097722286464435
4.6097722286464435
5.70087712549569
5.408326913195984
2.23606797749979
3.2015621187164243
6.5
4.924428900898052
4.272001872658765
4.272001872658765
1.5811388300841898
2.0615528128088303
2.5
1.118033988749895
2.23606797749979
11.629703349613008
15.402921800749363
21.360009363293827
24.86463351831271
30.696090956341656
47.67074574621211
40.40420770167385
41.512046444375635
43.846322536787504
39.131189606246316
39.81519810323691
38.96472763923803
36.58209944768069
39.2587569849072
39.53795644693843
40.252329125157466
37.406550228536176
35.78407467016578
34.713109915419565
36.003472054789384
36.840874039577294
37.406550228536176
33.54101966249684
33.1436268383531
33.185087012090236
32.745228660065884
26.476404589747453
19.6468827043885
15.182226450688976
12.5
8.246211251235321
4.6097722286464435
8.74642784226795
6.041522986797286
6.18465843842649
3.5355339059327378
5.315072906367325
6.020797289396148
3.5355339059327378
2.692582403567252
4.031128874149275
4.6097722286464435
4.924428900898052
6.726812023536855
4.949747468305833
8.902246907382429
5.5901699437494745
9.192388155425117
6.800735254367722
10.124228365658293
10.920164833920778
13.656500283747663
9.86154146165801
10.547511554864494
10.404326023342406
9.924716620639604
9.433981132056603
9.7082439194738
11.672617529928752
12.020815280171307
11.067971810589327
13.038404810405298
9.604686356149273
2.692582403567252
3.8078865529319543
1.118033988749895
3.0
2.5495097567963922
1.118033988749895
3.5
3.8078865529319543
4.272001872658765
4.272001872658765
1.118033988749895
3.5355339059327378
3.2015621187164243
4.031128874149275
3.5355339059327378
2.23606797749979
1.5
1.0
3.3541019662496847
4.301162633521313
3.0
3.640054944640259
2.0
0.5
4.0
3.5355339059327378
3.2015621187164243
3.0413812651491097
7.158910531638177
7.566372975210778
5.0
3.8078865529319543
1.0
2.23606797749979
1.4142135623730951
2.23606797749979
2.5
2.0615528128088303
2.0
2.23606797749979
2.0615528128088303
1.5811388300841898
3.5
4.527692569068709
4.47213595499958
3.905124837953327
2.23606797749979
5.5901699437494745
4.6097722286464435
3.5355339059327378
3.905124837953327
3.3541019662496847
2.1213203435596424
3.8078865529319543
0.7071067811865476
2.8284271247461903
10.547511554864494
8.860022573334675
12.5
13.865424623862047
21.644860821913362
9.848857801796104
15.953056133543816
22.7705950734714
19.13765920900464
20.615528128088304
21.02379604162864
21.27204738618265
21.360009363293827
18.7949461292125
22.147234590350102
20.838665984174707
20.940391591371924
20.12461179749811
22.47220505424423
24.20743687382041
22.051077071199945
21.50581316760657
22.051077071199945
21.10094784600919
23.430749027719962
17.613914953808536
20.838665984174707
19.45507645834372
20.248456731316587
23.04886114323222
18.867962264113206
22.051077071199945
21.639085008382402
20.591260281974
25.700194551792794
22.588713996153036
19.235384061671343
22.135943621178654
30.92733418838423
31.064449134018133
28.635642126552707
27.536339626028727
25.942243542145693
28.991378028648448
24.82438317461282
23.58495283014151
25.30316185775999
25.0
22.327113561766108
22.299103120977758
25.387004549572207
25.104780421266383
30.108138434649195
27.33587386567329
23.021728866442675
29.415132160165456
27.3221521846285
23.753947040439407
25.30316185775999
26.177280225416848
27.613402542968153
26.669270706189174
24.839484696748443
22.327113561766108
23.03258561256204
27.613402542968153
30.401480227120523
26.076809620810597
32.17530108639234
28.50438562747845
30.103986446980738
28.36370920736567
25.656383221335
32.17530108639234
28.20017730440715
33.97057550292606
29.698484809834994
31.12073263919087
29.068883707497267
29.0
29.449108645254444
29.068883707497267
36.87817782917155
30.103986446980738
29.516944286290883
32.407560846197605
34.058772731852805
29.702693480558292
31.088583113419627
33.61547262794322
31.906112267087632
31.34086788842964
31.34086788842964
30.450779957170226
30.20761493398643
30.886890422961002
30.20761493398643
28.040149785619906
27.5
27.95084971874737
32.00390601161052
30.108138434649195
26.669270706189174
32.7566787083184
30.01666203960727
31.579265349276255
31.847291878588358
31.088583113419627
28.429737951659
27.064737205448715
30.63494736408078
26.21545345783666
28.653097563788805
31.815876539866068
28.412145290350743
27.04163456597992
25.5
31.64253466459348
31.756889016400834
30.20761493398643
29.300170647967224
27.95084971874737
31.531730050855124
30.18691769624716
27.784887978899608
29.295904150580505
28.844410203711913
28.217902119044926
30.4138126514911
30.37268509697488
29.841246622753548
32.8709598277872
27.730849247724095
26.239283526803852
27.35415873317986
27.730849247724095
24.596747752497688
26.16295090390226
25.811818998280614
21.18962010041709
25.811818998280614
25.632011235952593
20.615528128088304
24.026027553467927
19.0
18.580904176062045
23.817010727629107
29.832867780352597
33.8710791088799
34.30014577228499
36.10055401236939
27.16615541441225
28.442925306655784
29.34706118165838
32.63816784073518
28.570089254323307
26.405491853021786
25.317977802344327
7.7781745930520225
12.5
9.656603957913983
9.486832980505138
12.083045973594572
12.36931687685298
11.236102527122116
11.180339887498949
7.905694150420948
8.077747210701755
11.76860229593982
12.816005617976296
11.180339887498949
9.013878188659973
11.40175425099138
5.315072906367325
6.082762530298219
7.280109889280518
8.514693182963201
9.899494936611665
14.326548781894402
17.72004514666935
24.13503677229434
28.217902119044926
24.545875417267155
26.9675731203236
26.879360111431225
28.359301824974466
32.810059433045836
32.46921619010844
31.599050618649922
33.13608305156178
33.80088756231114
29.841246622753548
30.64718584144391
33.37663853655727
28.609439001839934
31.56342820417326
28.359301824974466
35.03212811120672
33.13608305156178
27.721832551258224
29.567718883945037
27.54087870784082
28.0
29.652150006365474
30.64718584144391
31.599050618649922
28.040149785619906
31.693847983480957
28.570089254323307
30.56550343115585
28.6574597618142
26.23451924468981
28.50438562747845
30.64718584144391
30.14962686336267
21.50581316760657
25.04495957273639
28.00446392988089
25.5049014897137
31.016124838541646
29.605742686174924
33.094561486745825
29.53811097548386
30.602287496198713
32.09750769140807
30.20347662107791
29.605742686174924
28.217902119044926
28.71410803072246
28.160255680657446
28.217902119044926
25.675864152935535
25.739075352467502
26.800186566514792
28.284271247461902
24.331050121192877
25.347583711273153
19.78004044485248
15.008331019803634
6.946221994724902
6.0
6.519202405202649
9.924716620639604
9.219544457292887
8.32165848854662
5.70087712549569
9.192388155425117
13.656500283747663
20.26079958935481
23.879907872519105
25.773047937719745
23.264780248263683
19.697715603592208
22.38861317723811
26.196373794859472
21.47673159491453
23.58495283014151
22.808989455914087
24.964975465639856
26.004807247891687
21.639085008382402
21.400934559032695
18.867962264113206
21.10094784600919
18.9010581714358
19.912307751739878
18.027756377319946
19.60229578391266
23.753947040439407
19.72308292331602
21.242645786248
22.825424421026653
23.50531854708632
21.219095173922945
17.902513789968157
20.886598574205422
20.554804791094465
17.902513789968157
16.97056274847714
14.7648230602334
14.159802258506296
13.200378782444085
14.916433890176299
16.98528775146303
17.613914953808536
14.866068747318506
17.066048165876012
15.239750654128171
13.729530217745982
15.556349186104045
14.849242404917497
15.572411502397436
12.529964086141668
17.029386365926403
15.652475842498529
12.971121771072847
11.926860441876563
12.539936203984453
11.715374513859981
13.901438774457844
13.0862523283024
12.041594578792296
13.601470508735444
12.041594578792296
10.295630140987
12.041594578792296
12.093386622447824
12.619429464123963
11.853269591129697
10.977249200050075
11.800423721205947
14.317821063276353
14.300349646075091
12.747548783981962
13.729530217745982
21.914607000811127
19.4164878389476
21.523243250030884
21.219095173922945
19.912307751739878
21.914607000811127
18.027756377319946
21.914607000811127
21.633307652783937
23.50531854708632
18.607794065928395
19.300259065618782
16.98528775146303
14.422205101855956
13.200378782444085
8.514693182963201
9.013878188659973
10.259142264341596
9.656603957913983
9.394147114027968
9.013878188659973
10.965856099730654
13.038404810405298
10.547511554864494
13.729530217745982
11.704699910719626
9.219544457292887
7.433034373659253
7.0178344238090995
9.5524865872714
10.547511554864494
5.385164807134504
9.433981132056603
8.276472678623424
7.211102550927978
9.899494936611665
6.946221994724902
9.300537618869138
9.899494936611665
9.604686356149273
10.700467279516348
10.259142264341596
10.700467279516348
11.661903789690601
12.90348790056394
8.845903006477066
9.5524865872714
11.412712210513327
7.826237921249264
10.124228365658293
9.7082439194738
7.5
11.715374513859981
12.5
8.902246907382429
8.32165848854662
9.604686356149273
12.020815280171307
11.40175425099138
11.510864433221338
6.670832032063167
12.020815280171307
9.192388155425117
17.0
22.321514285549714
29.920728600754362
26.9675731203236
29.107559155655768
30.066592756745816
33.06055050963308
29.769951293208393
29.154759474226502
34.23448553724738
41.57523301197481
35.67211796347394
32.687918257362305
33.63406011768428
34.55792239125495
39.5790348543266
38.118237105091836
38.658763560155414
37.61980861195336
37.50333318519835
36.513696060519536
37.08436328157732
35.00357124637428
36.05551275463989
37.030392922571046
39.50316443020736
42.50294107470682
43.51149273467873
42.573465914816005
42.50294107470682
43.52585438564073
40.577087130546964
39.003204996512785
38.51298482330343
38.05259518088089
37.5532954612508
37.61980861195336
32.63816784073518
36.08670115153226
35.014282800023196
32.810059433045836
30.14962686336267
29.107559155655768
29.567718883945037
31.693847983480957
32.09750769140807
32.31485726411305
33.185087012090236
32.50384592629001
34.09178786746157
34.55792239125495
29.652150006365474
31.100643080167973
32.01562118716424
27.04163456597992
29.605742686174924
32.38826948140329
30.76117683054405
28.071337695236398
26.196373794859472
24.08318915758459
21.02974084481309
19.90602923739438
19.300259065618782
21.18962010041709
15.88238017426859
18.200274723201296
13.509256086106296
18.506755523321747
15.692354826475215
16.91892431568863
13.124404748406688
13.601470508735444
10.547511554864494
12.103718436910205
12.103718436910205
