119 70 114 162
119 68 114 162
119 68 114 162
119 68 114 162
119 68 114 162
119 67 114 162
119 67 114 162
118 66 114 162
118 66 114 162
117 67 114 162
117 67 114 162
116 68 114 162
115 68 114 162
114 69 114 162
112 70 114 162
110 70 114 162
107 71 114 162
105 72 114 162
102 73 114 162
99 73 114 162
96 70 114 162
93 83 114 162
92 77 114 162
91 74 114 162
91 71 114 162
91 69 114 162
91 67 114 162
91 65 114 162
91 62 114 162
90 58 114 162
89 54 114 162
89 52 114 162
89 51 114 162
89 50 114 162
90 51 114 162
90 51 114 162
91 51 114 162
92 51 114 162
93 51 114 162
95 51 114 162
96 51 114 162
98 51 114 162
100 51 114 162
102 51 114 162
104 51 114 162
107 51 114 162
109 51 114 162
111 51 114 162
113 51 114 162
115 51 114 162
117 51 114 162
119 52 114 162
121 53 114 162
123 53 114 162
125 55 114 162
126 56 114 162
128 57 114 162
129 58 114 162
130 61 114 162
130 64 114 162
131 67 114 162
132 69 114 162
133 71 114 162
134 73 114 162
134 77 114 162
134 80 114 162
134 84 114 162
135 88 114 162
135 92 114 162
135 96 114 162
135 99 114 162
135 100 114 162
134 102 114 162
134 103 114 162
133 105 114 162
133 107 114 162
133 106 114 162
133 103 114 162
133 98 114 162
133 90 114 162
133 80 114 162
132 73 114 162
131 67 114 162
131 63 114 162
130 65 114 162
130 64 114 162
129 64 114 162
129 65 114 162
127 69 114 162
126 69 114 162
126 70 114 162
125 70 114 162
123 72 114 162
122 74 114 162
122 75 114 162
121 76 114 162
120 77 114 162
119 77 114 162
119 77 114 162
117 76 114 162
117 77 114 162
116 77 114 162
116 77 114 162
115 77 114 162
115 76 114 162
115 76 114 162
115 76 114 162
115 76 114 162
115 76 114 162
115 76 114 162
115 76 114 162
115 76 114 162
115 76 114 162
115 76 114 162
115 77 114 162
115 77 114 162
115 77 114 162
115 77 114 162
115 77 114 162
115 77 114 162
115 77 114 162
115 77 114 162
115 77 114 162
115 77 114 162
115 77 114 162
115 77 114 162
115 77 114 162
115 77 114 162
115 77 114 162
115 77 114 162
115 77 114 162
115 77 114 162
115 77 114 162
115 77 114 162
114 77 114 162
114 77 114 162
114 78 114 162
114 79 114 162
114 79 114 162
114 79 114 162
114 79 114 162
114 78 114 162
114 78 114 162
114 78 114 162
113 78 114 162
112 81 114 162
111 87 114 162
112 79 114 162
111 79 114 162
110 79 114 162
110 79 114 162
109 79 114 162
109 78 114 162
108 78 114 162
108 78 114 162
108 78 114 162
107 78 114 162
107 77 114 162
107 77 114 162
107 77 114 162
107 77 114 162
107 77 114 162
107 77 114 162
107 77 114 162
107 78 114 162
107 76 114 162
108 71 114 162
109 78 114 162
109 77 114 162
107 67 114 162
105 63 114 162
104 63 114 162
104 62 114 162
104 62 114 162
104 58 114 162
103 57 114 162
102 56 114 162
101 59 114 162
100 59 114 162
100 59 114 162
100 59 114 162
100 59 114 162
99 61 114 162
99 62 114 162
99 63 114 162
99 63 114 162
99 63 114 162
99 63 114 162
100 63 114 162
99 64 114 162
99 64 114 162
99 64 114 162
99 64 114 162
100 64 114 162
100 64 114 162
100 64 114 162
100 65 114 162
100 65 114 162
100 65 114 162
100 65 114 162
100 65 114 162
100 65 114 162
99 65 114 162
99 65 114 162
99 65 114 162
99 66 114 162
98 66 114 162
98 67 114 162
98 68 114 162
97 67 114 162
97 68 114 162
97 69 114 162
97 71 114 162
97 72 114 162
97 72 114 162
97 72 114 162
97 72 114 162
97 72 114 162
97 72 114 162
97 72 114 162
97 71 114 162
97 71 114 162
97 67 114 162
98 65 114 162
99 64 114 162
100 64 114 162
100 64 114 162
103 63 114 162
103 65 114 162
103 69 114 162
102 78 114 162
102 86 114 162
101 94 114 162
98 103 114 162
94 112 114 162
94 121 114 162
93 124 114 162
94 124 114 162
94 124 114 162
101 124 114 162
102 124 114 162
102 123 114 162
105 106 114 162
103 113 114 162
103 118 114 162
103 119 114 162
104 120 114 162
105 120 114 162
106 121 114 162
106 122 114 162
106 122 114 162
107 123 114 162
107 124 114 162
107 124 114 162
108 124 114 162
108 124 114 162
108 124 114 162
107 124 114 162
107 124 114 162
107 124 114 162
107 124 114 162
107 124 114 162
107 124 114 162
107 124 114 162
107 124 114 162
107 117 114 162
108 111 114 162
107 124 114 162
108 115 114 162
107 118 114 162
108 113 114 162
106 108 114 162
105 104 114 162
105 99 114 162
105 95 114 162
105 93 114 162
104 91 114 162
103 90 114 162
103 89 114 162
102 88 114 162
102 87 114 162
101 87 114 162
101 87 114 162
100 88 114 162
99 88 114 162
99 88 114 162
98 88 114 162
97 88 114 162
97 87 114 162
96 87 114 162
96 87 114 162
95 86 114 162
95 86 114 162
95 87 114 162
95 87 114 162
95 87 114 162
95 87 114 162
95 87 114 162
95 87 114 162
94 87 114 162
94 87 114 162
94 87 114 162
94 87 114 162
94 87 114 162
94 88 114 162
94 88 114 162
94 88 114 162
94 88 114 162
94 87 114 162
94 87 114 162
94 87 114 162
95 87 114 162
95 88 114 162
94 89 114 162
94 90 114 162
94 91 114 162
95 91 114 162
95 91 114 162
96 92 114 162
96 96 114 162
94 102 114 162
94 107 114 162
93 114 114 162
90 124 114 162
91 124 114 162
93 124 114 162
92 124 114 162
91 120 114 162
91 121 114 162
90 121 114 162
89 121 114 162
89 121 114 162
88 121 114 162
87 121 114 162
87 121 114 162
86 121 114 162
85 121 114 162
85 121 114 162
84 121 114 162
83 122 114 162
81 122 114 162
79 122 114 162
78 121 114 162
76 121 114 162
74 116 114 162
73 111 114 162
71 106 114 162
70 102 114 162
69 98 114 162
68 96 114 162
68 93 114 162
68 92 114 162
69 90 114 162
69 91 114 162
70 91 114 162
70 91 114 162
70 91 114 162
70 91 114 162
70 91 114 162
70 91 114 162
70 91 114 162
70 91 114 162
70 91 114 162
70 91 114 162
70 91 114 162
71 91 114 162
71 91 114 162
72 91 114 162
73 91 114 162
74 91 114 162
75 91 114 162
76 91 114 162
77 91 114 162
78 90 114 162
78 90 114 162
79 90 114 162
80 90 114 162
80 90 114 162
81 90 114 162
82 90 114 162
83 89 114 162
83 88 114 162
84 87 114 162
84 86 114 162
85 85 114 162
85 85 114 162
86 84 114 162
87 84 114 162
87 84 114 162
87 84 114 162
88 83 114 162
88 83 114 162
88 83 114 162
88 82 114 162
89 82 114 162
89 82 114 162
89 82 114 162
89 82 114 162
90 82 114 162
90 82 114 162
90 82 114 162
91 82 114 162
91 81 114 162
92 82 114 162
93 82 114 162
94 82 114 162
95 82 114 162
96 84 114 162
96 85 114 162
96 85 114 162
96 88 114 162
96 80 114 162
96 81 114 162
95 81 114 162
95 82 114 162
95 83 114 162
94 84 114 162
94 85 114 162
94 86 114 162
94 88 114 162
93 90 114 162
93 91 114 162
93 93 114 162
93 93 114 162
93 94 114 162
93 94 114 162
92 94 114 162
92 94 114 162
92 94 114 162
92 93 114 162
92 92 114 162
92 91 114 162
92 91 114 162
92 89 114 162
93 88 114 162
94 91 114 162
95 90 114 162
95 82 114 162
93 82 114 162
93 79 114 162
90 81 114 162
91 72 114 162
91 77 114 162
91 76 114 162
92 72 114 162
91 73 114 162
91 69 114 162
90 72 114 162
90 73 114 162
90 70 114 162
89 73 114 162
89 72 114 162
89 73 114 162
89 73 114 162
89 73 114 162
89 74 114 162
88 75 114 162
88 76 114 162
87 76 114 162
87 76 114 162
87 75 114 162
87 75 114 162
87 75 114 162
87 75 114 162
87 75 114 162
87 75 114 162
87 75 114 162
87 75 114 162
87 75 114 162
87 75 114 162
87 76 114 162
87 76 114 162
87 76 114 162
86 76 114 162
86 76 114 162
86 75 114 162
86 75 114 162
86 75 114 162
86 75 114 162
86 75 114 162
86 75 114 162
86 75 114 162
86 75 114 162
86 75 114 162
87 75 114 162
87 75 114 162
86 76 114 162
86 76 114 162
86 76 114 162
86 76 114 162
86 76 114 162
86 76 114 162
86 75 114 162
86 75 114 162
86 75 114 162
86 75 114 162
86 75 114 162
86 75 114 162
86 75 114 162
85 75 114 162
85 76 114 162
86 76 114 162
86 76 114 162
86 77 114 162
86 77 114 162
86 78 114 162
86 78 114 162
86 77 114 162
86 77 114 162
86 77 114 162
86 77 114 162
86 77 114 162
85 77 114 162
85 78 114 162
84 78 114 162
84 78 114 162
84 77 114 162
83 77 114 162
83 77 114 162
83 76 114 162
84 76 114 162
84 77 114 162
84 78 114 162
84 79 114 162
84 79 114 162
83 80 114 162
83 81 114 162
84 80 114 162
83 81 114 162
83 81 114 162
83 81 114 162
83 81 114 162
83 81 114 162
83 81 114 162
83 82 114 162
83 82 114 162
83 83 114 162
83 83 114 162
83 83 114 162
83 83 114 162
83 83 114 162
82 83 114 162
82 83 114 162
82 83 114 162
82 83 114 162
82 84 114 162
81 84 114 162
81 84 114 162
81 84 114 162
81 84 114 162
81 84 114 162
81 84 114 162
81 84 114 162
81 84 114 162
81 83 114 162
80 84 114 162
80 83 114 162
80 84 114 162
80 84 114 162
80 84 114 162
80 84 114 162
80 84 114 162
80 85 114 162
80 85 114 162
80 86 114 162
80 86 114 162
80 87 114 162
81 87 114 162
81 87 114 162
81 87 114 162
81 87 114 162
81 87 114 162
81 87 114 162
81 88 114 162
81 89 114 162
82 89 114 162
82 90 114 162
82 91 114 162
81 90 114 162
81 92 114 162
81 95 114 162
81 100 114 162
84 107 114 162
83 116 114 162
82 124 114 162
81 124 114 162
80 124 114 162
79 124 114 162
97 124 114 162
94 124 114 162
111 124 114 162
102 124 114 162
103 124 114 162
106 124 114 162
103 124 114 162
104 105 114 162
104 109 114 162
104 109 114 162
105 109 114 162
105 110 114 162
105 111 114 162
105 111 114 162
106 110 114 162
106 111 114 162
106 112 114 162
106 112 114 162
106 112 114 162
106 112 114 162
107 109 114 162
107 109 114 162
107 104 114 162
109 103 114 162
110 99 114 162
110 96 114 162
110 91 114 162
110 86 114 162
109 80 114 162
107 76 114 162
106 73 114 162
106 72 114 162
106 71 114 162
105 71 114 162
105 70 114 162
104 70 114 162
104 69 114 162
103 69 114 162
103 68 114 162
103 68 114 162
103 68 114 162
103 67 114 162
103 67 114 162
102 68 114 162
102 68 114 162
102 68 114 162
102 68 114 162
102 68 114 162
102 69 114 162
101 69 114 162
101 69 114 162
101 69 114 162
101 69 114 162
101 69 114 162
101 69 114 162
101 69 114 162
101 69 114 162
101 69 114 162
101 69 114 162
101 69 114 162
101 69 114 162
101 69 114 162
102 68 114 162
102 68 114 162
102 68 114 162
102 68 114 162
102 68 114 162
102 68 114 162
102 68 114 162
103 69 114 162
103 69 114 162
103 69 114 162
103 69 114 162
104 69 114 162
104 69 114 162
104 70 114 162
105 70 114 162
105 70 114 162
105 70 114 162
105 70 114 162
105 71 114 162
104 71 114 162
104 71 114 162
103 72 114 162
102 73 114 162
102 75 114 162
101 78 114 162
101 83 114 162
99 91 114 162
96 98 114 162
94 105 114 162
92 108 114 162
91 104 114 162
89 102 114 162
88 99 114 162
87 93 114 162
86 86 114 162
85 81 114 162
84 79 114 162
82 77 114 162
81 78 114 162
80 78 114 162
79 77 114 162
78 77 114 162
78 77 114 162
78 77 114 162
77 77 114 162
77 77 114 162
77 77 114 162
77 76 114 162
76 75 114 162
76 75 114 162
76 74 114 162
77 74 114 162
77 75 114 162
77 75 114 162
77 75 114 162
77 75 114 162
77 74 114 162
77 74 114 162
77 73 114 162
77 73 114 162
77 73 114 162
77 73 114 162
77 72 114 162
77 73 114 162
77 73 114 162
77 72 114 162
77 72 114 162
77 73 114 162
77 72 114 162
77 72 114 162
77 72 114 162
78 73 114 162
78 72 114 162
78 72 114 162
79 72 114 162
80 72 114 162
81 72 114 162
82 72 114 162
83 71 114 162
84 71 114 162
85 71 114 162
87 71 114 162
88 71 114 162
90 71 114 162
92 71 114 162
93 70 114 162
94 70 114 162
95 69 114 162
97 69 114 162
97 69 114 162
98 69 114 162
98 69 114 162
99 69 114 162
99 68 114 162
99 68 114 162
99 67 114 162
99 66 114 162
99 64 114 162
100 63 114 162
100 62 114 162
100 62 114 162
100 61 114 162
100 61 114 162
100 61 114 162
101 61 114 162
101 60 114 162
101 60 114 162
101 59 114 162
101 60 114 162
101 61 114 162
101 62 114 162
101 63 114 162
101 64 114 162
101 65 114 162
100 66 114 162
100 68 114 162
100 69 114 162
100 70 114 162
100 70 114 162
100 71 114 162
100 70 114 162
100 70 114 162
100 70 114 162
100 70 114 162
101 70 114 162
101 68 114 162
101 68 114 162
101 73 114 162
100 77 114 162
100 79 114 162
100 79 114 162
99 86 114 162
101 73 114 162
100 76 114 162
101 75 114 162
101 76 114 162
101 76 114 162
102 74 114 162
102 75 114 162
102 75 114 162
102 75 114 162
103 74 114 162
103 75 114 162
103 75 114 162
104 75 114 162
104 76 114 162
105 76 114 162
106 77 114 162
107 77 114 162
108 77 114 162
109 77 114 162
110 77 114 162
111 76 114 162
111 77 114 162
112 76 114 162
112 76 114 162
113 76 114 162
114 76 114 162
114 77 114 162
115 77 114 162
115 77 114 162
116 74 114 162
117 84 114 162
120 76 114 162
122 77 114 162
125 73 114 162
126 68 114 162
128 64 114 162
129 62 114 162
130 60 114 162
131 59 114 162
132 58 114 162
133 57 114 162
134 56 114 162
135 56 114 162
135 55 114 162
136 56 114 162
137 55 114 162
138 54 114 162
139 53 114 162
140 53 114 162
141 52 114 162
141 52 114 162
142 51 114 162
142 51 114 162
142 52 114 162
143 52 114 162
142 53 114 162
142 53 114 162
142 53 114 162
142 53 114 162
142 53 114 162
142 53 114 162
142 53 114 162
142 53 114 162
142 53 114 162
142 53 114 162
142 53 114 162
142 54 114 162
142 54 114 162
142 54 114 162
141 54 114 162
141 54 114 162
140 55 114 162
139 55 114 162
138 55 114 162
136 55 114 162
135 55 114 162
133 54 114 162
132 54 114 162
130 54 114 162
130 54 114 162
129 54 114 162
128 54 114 162
127 53 114 162
126 53 114 162
126 53 114 162
125 53 114 162
124 53 114 162
123 53 114 162
122 53 114 162
121 53 114 162
119 53 114 162
118 52 114 162
116 52 114 162
114 51 114 162
112 51 114 162
111 51 114 162
111 51 114 162
111 52 114 162
112 55 114 162
113 58 114 162
114 60 114 162
115 63 114 162
115 64 114 162
115 67 114 162
115 68 114 162
115 69 114 162
114 69 114 162
114 68 114 162
114 68 114 162
