206 146 17 50
205 146 17 50
203 146 17 50
202 146 17 50
203 146 17 50
200 146 17 50
197 145 17 50
196 145 17 50
195 144 17 50
193 142 17 50
192 142 17 50
192 142 17 50
191 142 17 50
189 141 17 50
185 140 17 50
185 140 17 50
183 139 17 50
183 138 17 50
181 138 17 50
180 137 17 50
180 136 17 50
179 135 17 50
179 135 17 50
177 134 17 50
174 133 17 50
175 134 17 50
173 133 17 50
173 132 17 50
172 130 17 50
171 131 17 50
171 130 17 50
170 128 17 50
170 126 17 50
169 125 17 50
169 126 17 50
168 125 17 50
169 122 17 50
168 122 17 50
168 123 17 50
168 122 17 50
168 121 17 50
164 118 17 50
162 117 17 50
162 120 17 50
161 119 17 50
161 119 17 50
159 119 17 50
156 123 17 50
156 123 17 50
156 122 17 50
156 122 17 50
155 120 17 50
152 119 17 50
151 119 17 50
150 119 17 50
149 119 17 50
146 119 17 50
146 120 17 50
145 120 17 50
143 119 17 50
140 118 17 50
139 118 17 50
137 115 17 50
137 117 17 50
137 117 17 50
133 117 17 50
133 117 17 50
129 114 17 50
128 114 17 50
126 111 17 50
126 111 17 50
126 110 17 50
125 111 17 50
123 110 17 50
122 109 17 50
119 107 17 50
119 108 17 50
118 107 17 50
117 107 17 50
116 105 17 50
114 104 17 50
113 104 17 50
109 105 17 50
107 103 17 50
105 104 17 50
104 104 17 50
103 103 17 50
102 103 17 50
101 102 17 50
99 101 17 50
98 100 17 50
96 100 17 50
93 100 17 50
92 100 17 50
92 100 17 50
89 99 17 50
89 99 17 50
86 98 17 50
84 97 17 50
82 96 17 50
81 97 17 50
79 97 17 50
78 97 17 50
77 97 17 50
75 97 17 50
75 97 17 50
73 95 17 50
72 95 17 50
68 94 17 50
67 94 17 50
66 95 17 50
65 95 17 50
65 95 17 50
64 95 17 50
62 93 17 50
60 95 17 50
58 95 17 50
58 95 17 50
57 95 17 50
