0.000000
12.980755
12.747549
14.713939
12.589678
10.606602
8.514693
16.688319
22.192341
19.039433
21.272047
22.594247
21.272047
19.912308
59.518905
56.731825
43.982951
36.503424
31.662280
31.819805
27.865750
22.192341
23.162470
13.583078
24.505102
17.507141
22.505555
19.506409
14.508618
13.509256
15.508062
15.508062
15.572412
15.508062
15.572412
19.659603
20.554805
20.796634
19.811613
20.651876
19.659603
21.505813
18.560711
16.507574
14.577380
15.572412
13.583078
15.508062
14.508618
14.508618
17.507141
16.568042
17.677670
15.508062
12.747549
30.372685
30.372685
21.272047
17.334936
13.729530
12.747549
13.209845
7.106335
14.577380
13.285330
10.700467
14.159802
11.853270
18.398369
14.916434
13.209845
10.977249
10.511898
8.514693
10.977249
11.335784
14.089003
12.349089
12.589678
14.916434
14.577380
17.507141
17.392527
22.770595
26.767518
21.272047
23.717082
21.505813
19.557607
19.039433
21.783021
22.901965
13.729530
19.039433
18.124569
16.324828
15.700318
12.903488
15.572412
16.568042
19.506409
19.557607
18.560711
21.505813
15.508062
20.796634
16.568042
22.638463
23.547824
23.505319
22.638463
16.867128
9.617692
17.564168
13.656500
17.677670
20.260800
15.700318
16.688319
12.980755
12.980755
12.349089
19.506409
8.860023
9.617692
11.597414
9.617692
12.589678
25.544080
7.382412
27.540879
24.627221
8.514693
20.506097
18.506756
14.713939
23.547824
10.793517
9.823441
8.860023
7.905694
16.568042
14.508618
18.668155
19.557607
62.453983
35.106979
18.668155
20.796634
16.507574
16.507574
17.102631
10.124228
72.100624
71.207443
68.311785
73.515305
73.881662
75.897958
77.823518
81.427882
87.911888
104.997619
110.808393
94.300053
98.155489
104.184932
109.610675
114.553481
120.376493
119.400586
125.508964
129.732417
132.440553
136.603441
147.134292
151.104269
156.596616
163.665818
168.441384
173.742626
180.899143
179.606514
186.795343
194.783213
196.159374
200.281053
206.490920
213.195919
213.505269
215.686115
218.692707
222.788016
227.474174
231.573962
235.916299
240.662627
242.587098
244.447336
242.665408
253.630637
251.480616
260.887907
255.891579
257.620845
251.293653
248.202538
219.773747
189.421488
180.256761
191.192312
191.343931
199.966247
203.829586
205.349702
209.104041
213.477165
216.311119
218.857259
221.365083
223.576609
223.701810
227.952846
229.879316
232.771347
235.232863
235.666077
237.087537
241.930775
243.627790
246.053856
251.635649
252.844814
255.758675
259.939416
262.865935
262.599505
264.617649
267.747082
269.715591
271.176142
274.300018
278.758856
278.913069
284.257806
285.969404
288.943766
293.902195
296.753265
299.730712
305.068025
305.199115
310.770816
311.529292
311.098859
314.703829
308.840574
313.643906
319.566112
321.519051
324.503467
328.509513
330.500378
314.795966
316.405594
