0.000000
6.020797
6.264982
9.394147
2.061553
3.354102
3.201562
2.061553
3.041381
9.124144
1.118034
2.500000
5.590170
1.802776
4.500000
5.500000
4.609772
4.609772
5.590170
4.031129
2.500000
10.012492
11.101802
10.965856
6.726812
7.433034
6.946222
9.552487
6.500000
4.031129
4.272002
7.158911
6.500000
4.272002
1.118034
9.552487
7.433034
10.547512
9.708244
8.015610
6.103278
7.158911
5.852350
13.829317
9.340771
10.965856
11.101802
10.547512
12.500000
5.590170
11.412712
38.395963
7.158911
8.381527
9.708244
8.200610
7.433034
8.200610
38.082148
41.027430
45.024993
12.257651
6.020797
7.158911
8.902247
7.433034
8.200610
10.259142
9.013878
10.965856
3.201562
42.026777
14.705441
8.732125
25.460754
30.842341
31.531730
30.842341
29.887288
28.692333
30.549141
27.280946
28.692333
27.681221
28.640007
25.947061
26.215453
22.896506
22.808989
22.610838
24.459150
24.274472
21.523243
22.896506
23.817011
20.402206
22.983690
19.137659
16.378339
16.620770
23.307724
20.814658
19.500000
20.814658
20.814658
17.755281
18.821530
18.062392
19.006578
22.141590
22.276669
21.148286
22.051077
24.253866
25.500000
46.349218
44.364964
43.304157
45.893899
43.165380
41.824036
42.299527
41.608292
40.672472
17.327723
41.608292
39.385911
40.893153
41.680331
43.234824
42.240384
43.002907
41.246212
42.002976
26.196374
40.215047
46.478490
47.887890
45.213383
33.589433
49.812147
52.737558
51.441715
51.684137
58.405907
57.019733
57.019733
56.127088
57.194842
59.634302
64.623912
66.009469
62.962290
66.702699
68.718629
72.789079
71.918356
75.493377
74.667597
71.065111
65.660110
81.677720
81.708323
81.094081
83.356164
88.347326
94.250995
86.863399
95.206355
98.062480
101.100198
101.927670
110.255385
107.490697
105.902077
116.190576
120.649285
122.732433
120.392068
85.036757
78.824171
82.324055
94.394121
98.697771
129.155914
129.221709
141.231193
120.313133
127.339114
129.225578
116.864237
91.636510
89.968050
93.777663
93.772331
92.586446
91.647422
93.873585
92.581046
97.771417
90.830887
92.769877
86.262680
90.610430
91.292114
93.022847
88.114982
89.068794
88.725701
88.855219
90.538666
88.307701
85.908381
84.972054
83.846586
86.465311
86.863399
87.779553
85.453204
85.949113
89.923579
86.361160
87.271129
85.949113
81.891697
84.977938
92.715964
87.893401
85.914201
82.802476
82.923157
81.555196
82.512120
83.344166
79.500000
81.204988
80.032806
78.078486
81.371064
79.600565
80.207543
78.805139
75.208045
76.113402
77.228557
75.671990
73.635929
75.327618
71.086215
71.086215
74.620708
70.507092
72.022566
73.994932
71.527967
71.100281
74.968327
71.904450
69.923172
69.615013
69.908869
68.529191
68.653114
73.567996
71.800070
73.131730
73.567996
71.890542
69.658094
70.973587
74.500000
70.400639
70.194373
70.677083
69.780011
74.593901
74.183893
74.593901
70.740724
69.117653
68.463494
74.788034
75.141533
75.738035
73.900271
72.575822
69.247744
75.823809
74.861539
76.388808
69.729836
67.839885
77.345006
78.944601
80.163895
79.544013
77.641806
76.054257
77.073017
75.108255
79.851425
82.062476
81.463182
80.822336
78.008012
76.884654
81.346481
81.891697
82.457565
84.924967
83.043663
81.891697
81.524536
82.105116
84.328228
83.649567
86.488439
84.274848
82.378699
77.325610
80.822336
82.378699
84.340085
83.380154
80.908899
53.918921
57.578208
60.574334
85.605198
87.568545
84.924967
86.401678
86.233694
87.208084
116.323901
112.934716
114.796559
115.478353
89.169782
64.855609
62.138957
63.405441
95.064452
93.151758
94.081082
97.679322
99.730888
103.272697
103.272697
102.884644
