0.000000
3.041381
3.041381
2.061553
3.041381
2.061553
2.500000
2.000000
2.549510
2.061553
2.000000
1.802776
2.915476
2.500000
2.061553
2.549510
2.549510
2.692582
2.061553
3.162278
1.802776
2.236068
2.061553
2.692582
2.549510
2.061553
3.162278
2.236068
2.500000
2.500000
2.549510
2.915476
1.581139
2.061553
1.581139
2.828427
3.354102
2.500000
1.581139
2.000000
1.802776
1.581139
1.500000
1.414214
2.549510
1.802776
2.061553
2.500000
2.549510
2.549510
1.581139
2.500000
2.549510
1.118034
2.000000
2.061553
1.500000
2.549510
3.640055
2.061553
2.061553
1.500000
3.605551
2.061553
2.000000
3.041381
2.549510
2.500000
3.605551
4.031129
2.000000
2.061553
3.162278
2.915476
2.549510
3.041381
2.061553
3.000000
3.354102
3.535534
2.915476
3.640055
3.535534
3.354102
2.061553
2.692582
3.201562
1.118034
2.236068
0.707107
1.000000
0.707107
2.061553
1.414214
1.414214
2.000000
1.802776
2.121320
2.828427
3.605551
3.041381
1.581139
2.236068
3.162278
4.031129
4.716991
3.605551
4.472136
3.201562
2.500000
3.640055
3.640055
3.605551
18.828170
10.770330
6.184658
7.106335
7.158911
5.000000
6.041523
4.472136
4.272002
6.964194
4.123106
4.301163
4.301163
4.472136
4.031129
5.590170
4.272002
4.031129
4.743416
6.800735
4.123106
5.385165
7.211103
7.071068
7.106335
5.315073
5.656854
5.700877
3.807887
6.800735
6.403124
5.830952
7.500000
6.020797
6.403124
6.020797
5.315073
6.726812
6.726812
5.408327
5.830952
5.700877
4.609772
2.915476
4.609772
3.201562
3.905125
2.915476
5.315073
2.061553
2.500000
1.802776
2.236068
1.118034
0.500000
0.707107
1.581139
2.236068
2.061553
1.581139
1.802776
2.236068
2.500000
2.121320
1.802776
3.807887
2.061553
2.500000
2.828427
3.640055
4.716991
3.354102
4.472136
4.609772
4.743416
4.272002
4.949747
5.408327
5.590170
4.924429
6.403124
5.700877
7.158911
6.726812
7.071068
7.632169
6.519202
4.609772
3.535534
3.640055
6.041523
4.527693
7.516648
7.211103
6.041523
6.519202
5.590170
6.020797
4.716991
5.315073
3.535534
4.716991
3.905125
4.609772
3.201562
5.315073
3.905125
4.716991
5.830952
5.590170
6.041523
5.852350
5.220153
4.609772
4.500000
4.123106
4.242641
3.807887
2.549510
3.000000
3.354102
3.500000
2.549510
3.535534
2.236068
3.535534
2.915476
3.201562
1.118034
2.236068
1.581139
3.201562
2.121320
3.605551
3.807887
3.605551
2.692582
3.905125
1.802776
2.692582
2.915476
3.162278
4.031129
2.828427
2.692582
3.354102
2.828427
3.640055
1.581139
2.915476
2.915476
5.315073
3.201562
7.433034
7.778175
4.716991
1.581139
4.716991
1.802776
2.692582
3.041381
2.915476
4.716991
1.802776
2.000000
3.500000
2.061553
3.201562
3.162278
3.041381
3.605551
1.581139
3.640055
3.354102
4.472136
3.605551
3.535534
3.905125
3.162278
2.915476
3.354102
1.500000
2.549510
2.061553
4.609772
3.354102
2.915476
2.121320
3.201562
2.236068
1.414214
3.535534
2.500000
1.581139
2.828427
4.031129
3.500000
3.640055
3.162278
3.640055
2.500000
2.549510
2.121320
4.527693
2.500000
2.692582
5.000000
4.527693
5.700877
2.500000
3.041381
5.522681
3.807887
3.807887
2.692582
5.315073
3.162278
3.354102
4.609772
2.500000
3.535534
2.692582
4.472136
2.915476
2.828427
1.802776
2.828427
3.354102
3.162278
3.354102
2.000000
4.609772
2.500000
2.549510
1.581139
2.500000
2.236068
2.549510
3.354102
3.807887
1.802776
4.000000
2.549510
1.000000
1.581139
2.500000
3.605551
2.549510
5.099020
5.522681
4.031129
4.500000
3.041381
1.802776
3.041381
2.549510
2.549510
3.000000
3.162278
2.828427
2.236068
2.500000
3.354102
4.000000
2.500000
2.121320
1.118034
2.500000
2.061553
4.716991
3.535534
3.535534
2.061553
2.236068
4.000000
5.500000
5.099020
3.535534
3.605551
3.640055
2.500000
2.061553
3.000000
3.162278
4.924429
3.535534
3.605551
4.527693
2.915476
2.061553
1.500000
2.692582
3.041381
1.118034
3.162278
2.121320
3.605551
1.118034
2.061553
3.605551
1.581139
3.640055
1.500000
3.354102
2.500000
1.802776
0.500000
1.802776
2.549510
1.802776
2.000000
1.581139
3.000000
3.905125
5.000000
6.103278
3.905125
2.500000
4.242641
5.315073
5.315073
6.020797
3.535534
5.700877
2.915476
5.830952
6.726812
6.020797
5.000000
5.408327
2.236068
5.000000
7.158911
6.800735
7.615773
7.905694
6.500000
5.590170
6.324555
3.605551
2.500000
3.905125
3.905125
6.363961
4.716991
6.324555
4.743416
1.802776
2.061553
3.640055
2.915476
3.535534
4.272002
5.590170
7.071068
4.527693
6.670832
5.385165
4.609772
5.000000
3.905125
2.692582
4.609772
2.500000
1.802776
2.500000
3.041381
1.500000
3.201562
2.692582
2.549510
3.807887
2.500000
2.692582
2.061553
3.354102
2.236068
2.915476
2.061553
1.802776
4.123106
3.041381
4.716991
3.605551
4.031129
4.924429
3.535534
3.640055
4.272002
3.354102
3.000000
2.549510
3.354102
2.692582
2.692582
4.527693
5.522681
4.500000
3.000000
3.535534
3.041381
2.236068
3.640055
4.031129
3.905125
2.915476
5.315073
2.915476
3.905125
2.828427
3.500000
2.061553
4.123106
1.802776
2.000000
3.605551
4.472136
3.162278
3.500000
4.609772
3.535534
4.031129
2.000000
1.500000
3.605551
9.617692
2.500000
4.716991
6.020797
4.242641
2.915476
3.905125
2.121320
2.236068
4.031129
3.605551
4.949747
4.242641
3.162278
3.000000
3.605551
4.301163
1.802776
5.590170
5.220153
4.272002
4.031129
4.031129
5.220153
5.220153
4.272002
3.354102
4.031129
4.272002
3.041381
5.590170
0.500000
2.500000
4.272002
5.220153
2.500000
5.024938
8.381527
6.184658
5.590170
6.020797
8.381527
8.732125
6.519202
6.964194
9.924717
10.511898
11.672618
10.404326
12.419742
10.965856
11.715375
11.101802
13.313527
10.965856
26.612967
16.101242
13.313527
14.705441
16.378339
16.552945
17.888544
18.027756
15.811388
