0.000000
2.061553
10.547512
1.118034
10.012492
9.124144
6.020797
12.093387
8.062258
8.062258
8.062258
6.800735
5.099020
6.103278
5.315073
6.041523
6.103278
7.211103
5.852350
7.905694
6.708204
7.382412
9.300538
8.732125
9.708244
8.944272
8.746428
9.394147
7.382412
5.656854
6.964194
6.964194
5.147815
5.852350
6.500000
5.700877
5.590170
5.852350
6.670832
5.220153
6.708204
7.158911
7.433034
6.964194
8.077747
7.280110
6.500000
7.433034
7.158911
4.609772
4.272002
4.743416
6.020797
5.700877
8.860023
8.139410
8.062258
8.139410
7.280110
9.219544
9.013878
10.511898
6.264982
5.220153
5.099020
5.099020
6.500000
5.852350
7.158911
6.500000
8.944272
6.576473
7.648529
6.082763
8.558621
7.017834
9.617692
9.486833
10.111874
10.198039
6.500000
5.852350
5.147815
4.500000
4.743416
5.024938
6.082763
5.500000
8.246211
8.062258
8.015610
8.631338
7.762087
8.139410
8.246211
8.732125
9.340771
9.124144
6.670832
6.500000
7.516648
8.631338
6.800735
7.433034
7.762087
6.500000
8.544004
7.905694
9.708244
10.735455
10.307764
10.594810
8.631338
8.732125
10.111874
10.124228
10.770330
9.219544
9.340771
10.307764
10.012492
10.594810
11.045361
10.307764
10.547512
11.045361
12.041595
11.011358
10.606602
10.012492
11.597414
12.041595
10.511898
11.011358
10.012492
11.011358
10.606602
12.093387
11.045361
11.597414
11.768602
13.038405
12.093387
11.180340
12.509996
12.539936
12.165525
13.086252
13.462912
13.341664
13.729530
14.080128
12.658989
13.341664
14.080128
14.807093
13.829317
14.142136
14.035669
14.807093
15.041609
16.492423
15.508062
14.560220
15.041609
10.124228
10.511898
8.732125
10.124228
10.012492
9.962429
9.962429
10.594810
10.124228
10.307764
15.700318
15.660460
17.240940
16.763055
17.720045
17.464249
17.720045
17.464249
17.528548
16.031220
45.541190
45.831212
45.893899
46.327638
45.398238
46.035313
44.902673
46.035313
46.529560
48.582404
52.773099
48.582404
48.582404
53.352601
52.773099
53.935146
53.443896
54.520638
55.011362
53.539705
57.870545
59.044475
61.491869
61.583277
60.508264
107.978007
109.142109
109.024080
110.477373
109.747437
108.931171
78.054468
80.506211
78.259185
79.624117
81.512269
83.085799
81.403317
82.000000
83.357663
82.584805
73.268342
73.268342
75.208045
79.199116
78.849540
79.386712
80.425431
81.280379
83.006024
83.384651
84.771752
85.224703
85.726309
87.306930
89.661865
91.571011
92.720009
94.732518
94.254973
96.292523
98.194959
98.505076
54.883969
59.820565
52.611786
59.625917
61.832435
62.163092
78.900253
80.481364
82.086844
84.480767
86.469648
85.988371
86.805818
84.291162
85.615419
66.867406
67.150949
70.144494
70.754858
70.613384
74.828136
36.006944
36.224991
77.815487
78.129700
66.546976
68.589358
70.215739
70.563801
75.166482
74.541935
64.594891
75.006666
67.041032
72.043390
74.015201
68.249542
69.458621
70.938354
75.221340
53.164838
52.576135
61.945541
67.307132
57.142366
60.326197
63.097147
69.593462
71.086215
72.830282
67.714474
62.715628
66.904783
67.957707
73.832581
74.358927
79.755878
79.882727
80.156098
79.045873
81.555196
80.506211
81.400246
78.270365
77.810668
81.026230
82.743580
84.517750
85.224703
84.500000
86.269925
82.506060
83.804833
85.700058
71.543693
80.426986
110.676330
114.586212
90.311959
98.520302
107.057228
111.262078
110.691011
