0.000000
3.354102
3.535534
3.535534
3.640055
4.123106
3.807887
4.031129
4.609772
4.472136
4.301163
4.924429
4.472136
3.807887
3.605551
2.692582
4.031129
3.201562
2.692582
3.162278
3.354102
3.354102
2.000000
2.692582
1.000000
1.581139
2.061553
2.061553
2.236068
1.000000
1.118034
1.118034
1.118034
1.118034
1.118034
2.692582
1.802776
0.500000
0.500000
1.000000
1.581139
1.118034
0.500000
1.500000
1.500000
1.414214
1.118034
1.118034
1.118034
2.236068
1.414214
1.414214
2.236068
2.061553
2.500000
2.000000
3.000000
2.549510
0.500000
0.500000
0.500000
0.500000
0.000000
1.000000
1.000000
1.581139
0.500000
1.414214
2.061553
0.707107
1.581139
1.581139
1.581139
1.581139
2.061553
2.061553
2.061553
3.041381
2.549510
3.000000
3.041381
1.581139
2.549510
2.500000
2.549510
2.061553
3.162278
2.000000
2.000000
2.061553
2.061553
2.549510
2.500000
2.549510
2.061553
3.041381
3.041381
2.549510
1.581139
3.041381
3.041381
2.549510
4.031129
3.041381
3.535534
4.031129
2.500000
3.000000
3.500000
4.000000
3.000000
4.000000
3.500000
4.031129
3.000000
3.041381
2.549510
3.535534
3.535534
3.500000
3.535534
3.535534
3.535534
3.000000
2.500000
2.549510
3.000000
2.500000
3.000000
3.640055
1.581139
1.581139
1.581139
1.000000
0.500000
0.500000
0.707107
0.707107
0.707107
0.707107
1.118034
0.707107
0.500000
1.118034
0.707107
0.000000
1.500000
0.500000
0.500000
0.000000
0.500000
0.500000
0.000000
0.000000
0.000000
0.000000
1.000000
0.000000
0.500000
0.707107
1.581139
1.414214
2.236068
1.500000
1.000000
1.000000
1.000000
2.000000
1.000000
1.000000
1.000000
2.000000
1.000000
0.707107
1.118034
1.581139
1.500000
1.581139
1.581139
2.000000
2.061553
2.061553
2.549510
1.581139
1.000000
1.581139
1.581139
2.061553
2.061553
2.061553
2.061553
2.061553
2.000000
2.061553
2.000000
2.061553
3.041381
3.041381
3.535534
2.549510
3.041381
2.061553
3.041381
2.549510
3.000000
3.500000
4.031129
4.031129
4.000000
4.000000
4.500000
4.527693
4.527693
4.609772
4.031129
5.099020
5.099020
5.099020
5.522681
5.099020
13.583078
14.080128
6.020797
6.519202
5.024938
4.609772
14.035669
7.017834
6.020797
5.590170
20.006249
1.118034
2.236068
1.802776
2.828427
20.006249
21.023796
2.236068
1.414214
2.236068
1.118034
2.549510
2.915476
2.061553
2.500000
2.549510
1.500000
2.915476
2.500000
3.041381
2.915476
3.201562
3.605551
3.605551
4.301163
3.905125
4.716991
5.147815
5.147815
4.716991
5.147815
7.905694
8.381527
8.381527
9.340771
10.124228
10.440307
11.401754
11.884864
12.369317
12.500000
13.341664
14.317821
14.430870
15.787653
16.007811
15.628500
16.770510
18.741665
18.668155
19.729420
21.213203
22.699119
23.194827
23.632605
23.690715
25.675864
25.578311
28.570089
21.644861
22.588714
23.632605
24.627221
25.179357
27.166155
34.234486
30.265492
35.227830
31.144823
31.144823
32.140317
32.140317
35.227830
43.289722
42.296572
37.215588
44.181444
40.112342
46.097722
47.095647
73.006849
48.093659
74.060786
49.091751
50.039984
52.153619
52.153619
53.235327
54.230987
55.326305
56.222771
57.218878
57.140179
58.077534
59.135438
59.076222
61.131007
61.204575
60.207973
62.128898
62.128898
62.201286
63.285069
64.195015
65.192024
65.192024
67.186308
65.192024
62.201286
68.264193
64.280635
63.387696
63.387696
63.387696
64.498062
70.455660
70.349129
65.490457
72.443081
72.560320
73.552702
73.552702
74.431176
74.431176
73.552702
75.538070
75.538070
76.531039
77.646635
76.791927
77.781746
77.781746
78.517514
77.646635
79.630396
79.630396
73.615555
78.576396
78.703558
74.607305
79.694730
82.947272
74.486576
77.583826
77.712612
77.286804
74.111403
74.394220
73.406403
74.246212
73.256399
72.912619
74.888250
73.900271
74.062474
73.900271
72.912619
56.004464
56.004464
55.158861
54.171025
13.729530
7.648529
