10.920164833920778
8.54400374531753
9.848857801796104
10.307764064044152
11.067971810589327
9.962429422585638
10.793516572461451
8.54400374531753
9.340770846134703
10.965856099730654
9.848857801796104
10.770329614269007
8.54400374531753
11.067971810589327
10.920164833920778
10.770329614269007
10.920164833920778
11.180339887498949
10.770329614269007
11.704699910719626
10.594810050208546
11.067971810589327
11.236102527122116
10.307764064044152
10.307764064044152
9.962429422585638
11.423659658795863
10.920164833920778
10.770329614269007
11.067971810589327
10.920164833920778
11.067971810589327
10.594810050208546
10.770329614269007
11.236102527122116
12.020815280171307
11.236102527122116
11.40175425099138
10.965856099730654
12.5
12.854960132182441
11.423659658795863
10.920164833920778
11.543396380615196
12.349089035228468
11.543396380615196
12.020815280171307
12.5
10.594810050208546
11.884864324004713
12.083045973594572
11.704699910719626
10.793516572461451
12.020815280171307
13.124404748406688
13.0
13.285330255586423
12.747548783981962
13.0
13.124404748406688
13.0862523283024
13.647344063956181
13.238202294873727
11.884864324004713
12.36931687685298
12.658988901172163
13.0862523283024
12.747548783981962
12.854960132182441
12.658988901172163
14.430869689661812
13.152946437965905
13.46291201783626
14.317821063276353
13.238202294873727
15.297058540778355
14.142135623730951
13.583077707206124
14.713938969562161
13.82931668593933
14.637281168304447
16.1245154965971
15.402921800749363
14.916433890176299
14.430869689661812
13.152946437965905
14.317821063276353
13.238202294873727
14.317821063276353
14.142135623730951
15.132745950421556
14.916433890176299
15.787653403846944
15.132745950421556
14.317821063276353
14.221462653327892
13.946325680981353
14.916433890176299
13.756816492197604
12.854960132182441
12.98075498574717
13.601470508735444
14.080127840328723
15.041608956491324
13.82931668593933
15.660459763365825
14.916433890176299
14.142135623730951
15.402921800749363
13.46291201783626
13.82931668593933
15.660459763365825
13.46291201783626
12.747548783981962
12.175795661885921
13.124404748406688
12.020815280171307
11.412712210513327
11.884864324004713
13.0
12.020815280171307
12.349089035228468
11.180339887498949
11.884864324004713
14.317821063276353
14.317821063276353
14.396180048887969
13.92838827718412
14.317821063276353
14.577379737113251
13.865424623862047
14.115594213493104
15.811388300841896
14.230249470757707
15.811388300841896
15.660459763365825
15.88238017426859
14.577379737113251
14.577379737113251
15.890248582070704
15.976545308670458
18.580904176062045
15.692354826475215
16.80773631397161
16.32482771731451
18.560711193270585
17.44276354251241
17.67059704707229
14.773286702694158
15.700318468107582
17.44276354251241
18.179658962697843
20.796634343085422
23.03258561256204
22.147234590350102
22.192341021172147
18.867962264113206
49.30770730829005
76.52777273643864
63.67299270491375
56.26944108483752
50.58903043150758
29.295904150580505
20.402205763103165
50.15974481593781
54.27936993002037
27.536339626028727
32.202484376209235
55.111251119893836
59.53360395608517
57.638962516686576
60.66712454039667
27.789386463180506
59.033888572581766
27.225906780123964
27.865749586185547
31.25699921617557
66.06814663663572
32.31485726411305
36.98986347636336
34.23448553724738
35.92352989337211
37.33630940518894
43.23482392701513
43.68352092036538
40.749233121618374
43.289721643826724
46.17358552246078
48.708315511830214
49.924943665466465
50.48762224545735
50.65816814690401
54.94770240874499
56.22277118748239
60.35105632878351
59.11429607125505
62.084619673474684
63.28506932918696
100.62430123980985
66.72705598181295
68.96557112066861
73.24616030891995
101.64890555239639
78.1936698205168
81.05553651663777
86.11765208132418
88.11498170004917
88.11498170004917
92.26592003551474
96.56345064256973
97.51153777887005
98.18350166906862
100.62430123980985
105.5106629682517
111.01013467247033
113.50110131624274
115.08800980119518
117.08650648131919
121.0836487722434
122.10241602851272
125.09996003196804
128.1181095708175
129.07846450899547
134.02331886653158
133.5337036107364
135.0009259227506
140.52224023264077
141.57153668728753
140.089257261219
140.53202481996763
139.5573358874409
141.50795030668772
143.01398533010678
139.5
141.51413356976045
143.52177535133825
146.34206503941374
140.04374316619788
141.0319112825179
137.00364958642524
139.00089927766655
135.5036899866568
135.5036899866568
134.51486906658312
131.57697366940766
131.52376211164278
129.5038609463054
134.13426109685773
130.034610777285
131.50855485480784
129.50868696732277
