0.000000
6.519202
8.514693
9.513149
10.688779
8.514693
9.513149
7.566373
8.200610
8.139410
10.547512
11.926860
13.124405
14.705441
14.534442
14.603082
13.086252
12.379418
12.419742
12.419742
14.603082
14.008926
13.086252
15.692355
17.414075
16.620770
16.007811
13.829317
14.840822
15.206906
16.007811
17.327723
18.200275
15.206906
15.206906
11.884864
13.462912
10.259142
9.604686
10.688779
14.807093
10.688779
14.326549
15.206906
14.008926
14.008926
13.793114
11.715375
25.144582
22.677081
24.253866
25.597851
26.386550
15.945219
15.239751
16.650826
14.500000
13.200379
14.326549
15.337862
14.396180
17.613915
16.101242
15.206906
15.337862
15.206906
14.603082
14.773287
14.773287
15.206906
16.007811
12.619429
13.086252
13.829317
12.419742
13.462912
14.396180
14.807093
13.583078
12.589678
14.534442
12.500000
13.536986
10.688779
10.500000
8.500000
8.558621
9.708244
9.708244
10.920165
11.672618
12.854960
13.462912
18.741665
15.913830
16.650826
17.414075
19.474342
18.200275
12.500000
12.816006
12.816006
14.705441
15.660460
16.070159
12.010412
12.010412
19.678669
21.005952
20.670027
21.523243
24.459150
10.965856
13.756816
15.976545
16.347783
15.976545
16.347783
16.620770
20.303941
20.934421
21.100948
22.743131
22.743131
39.702015
39.953098
39.322385
39.080046
39.373214
39.537956
40.697051
43.911844
45.047197
45.047197
44.902673
42.264051
43.660623
44.059619
44.229515
44.059619
45.675486
46.885499
47.183154
48.168973
20.862646
46.089587
44.229515
44.229515
41.692325
42.921440
41.692325
41.100487
42.086221
42.264051
40.942032
41.716304
43.072613
42.793107
39.702015
42.605751
43.683521
44.544921
47.542087
47.594643
53.584046
51.538820
49.862310
49.500000
51.655106
51.973551
52.737558
54.829280
55.805466
47.183154
45.609758
44.746508
47.908767
45.839394
45.400991
49.520198
51.178609
48.992346
47.362960
50.142298
51.129737
48.013019
48.592695
48.541220
48.510308
49.862310
50.509900
51.848337
48.869725
52.117655
52.661656
49.590826
50.982840
53.106026
54.094824
50.746921
51.973551
52.652160
49.002551
49.002551
48.592695
46.885499
45.675486
44.780018
49.500000
50.500000
48.664669
49.751884
47.668124
47.762433
48.757051
44.421279
47.362960
45.773901
47.783365
46.035313
45.609758
48.168973
50.311529
48.541220
47.563116
42.687820
45.213383
46.035313
47.563116
47.362960
48.345114
47.183154
47.023930
46.197944
42.933087
44.161635
41.584252
41.584252
39.689419
39.777506
38.147739
42.264051
44.421279
41.282563
40.512344
45.400991
49.520198
50.500000
51.480579
49.862310
49.327984
47.668124
49.661353
40.610959
45.598794
42.511763
52.652160
61.573127
65.774235
66.867406
67.972421
68.558369
63.837685
54.600824
48.561816
10.404326
30.103986
12.539936
12.500000
48.757051
46.585942
47.877448
42.933087
48.541220
51.295711
53.443896
52.280493
52.280493
46.381570
51.848337
60.903612
55.084027
54.426556
55.056789
52.879580
82.068569
88.995786
119.407914
129.665917
137.437258
149.302545
