8.139410298049853
6.708203932499369
8.0
9.12414379544733
10.606601717798213
11.10180165558726
13.583077707206124
18.506755523321747
24.005207768315607
27.04163456597992
31.00403199585499
56.0
59.00211860602973
64.07027391856539
68.0294054067798
72.50172411743047
54.02082931610732
45.044422518220834
61.518289963229634
65.04805915628843
71.02816342831905
75.52648542067875
80.53881052014613
73.74449131969112
57.21232384722718
62.64982043070834
67.97242087788253
72.62403183519902
61.02663352995969
62.2434735534578
67.22536723588797
75.13487871820917
78.10249675906654
83.59575348066431
88.59034936154163
90.53452380169678
96.04686356149273
118.08577391032334
122.6234072271685
130.13838787997952
133.73948556802512
137.20513838774406
141.2267680009707
146.62281541424582
153.61721908692397
126.11998255629439
84.00148808205721
77.58382563395543
84.09667056429761
89.00842656737619
94.08772502298055
99.45476358626568
106.72979902538934
109.22453936730518
112.09036533083474
113.0
