0.000000
2.000000
3.162278
5.656854
6.800735
7.778175
6.519202
8.200610
7.433034
6.519202
7.826238
7.905694
6.576473
10.012492
10.606602
3.905125
9.013878
7.280110
4.716991
6.519202
7.106335
7.500000
3.201562
10.688779
33.871079
3.807887
6.500000
6.519202
6.403124
6.800735
6.519202
6.519202
6.020797
5.656854
6.500000
5.315073
4.716991
10.977249
7.905694
7.826238
11.101802
8.139410
10.295630
6.726812
8.139410
7.500000
8.321658
8.602325
7.810250
6.363961
7.071068
6.800735
7.211103
6.726812
7.632169
4.301163
4.743416
5.408327
5.147815
6.403124
7.632169
5.700877
5.700877
4.924429
5.147815
7.158911
7.211103
7.382412
6.264982
7.382412
7.615773
7.211103
8.062258
8.500000
6.800735
4.472136
4.924429
4.272002
8.321658
8.500000
5.522681
13.729530
42.432299
55.068140
60.220428
66.411595
73.664781
77.733519
81.990853
89.501397
90.180375
98.145300
100.620574
108.584069
107.900417
114.902132
120.683470
126.485177
130.124940
133.792750
137.697131
141.606850
145.727485
150.826059
155.924661
161.023290
166.121943
171.238138
176.336326
181.907944
186.688243
191.631156
195.587576
199.545734
203.505528
205.349702
208.323066
211.429657
215.528420
217.647651
221.892992
223.030267
226.985682
232.779939
234.492004
237.531577
239.514613
242.489691
245.341089
246.333615
248.085167
246.213830
246.872943
247.091582
245.986280
247.266051
247.387348
249.372212
247.387348
244.410515
245.047954
243.943641
242.949583
241.073640
241.073640
239.470771
237.596822
236.489429
233.624164
231.521597
226.555181
223.459728
221.590275
217.619507
213.776168
210.673325
203.863312
197.783341
193.685957
188.730628
183.077170
178.135482
172.209901
168.262444
164.317528
160.206897
155.277977
150.180724
144.451549
140.336203
136.221327
127.378373
125.515935
122.365232
117.308354
114.017543
110.860272
104.120123
95.817535
91.093359
84.433406
81.596569
76.896034
70.936591
63.560994
58.600341
55.009090
47.169906
43.266615
36.878178
27.586228
36.400549
28.301943
26.907248
24.041631
23.345235
23.430749
21.931712
25.238859
37.215588
31.780497
34.409301
29.832868
20.000000
38.577843
35.752622
35.089172
40.301985
40.301985
29.516944
24.438699
23.817011
11.236103
30.777427
34.296501
38.733061
31.515869
32.221887
28.744565
22.209232
46.295248
47.647141
71.001761
74.788034
82.062476
84.919079
90.946413
93.820307
101.263271
104.418629
110.527146
88.894601
92.050258
99.861154
101.519703
106.870248
109.509132
116.538620
118.013770
120.939034
123.657794
128.756553
135.366170
138.974818
143.610585
145.560984
148.489057
154.563903
158.069605
164.149322
167.287178
173.856981
