0.000000
9.013878
8.381527
8.860023
8.860023
7.762087
7.905694
7.905694
8.139410
8.062258
8.139410
8.139410
8.015610
9.000000
8.062258
20.155644
20.223748
20.396078
20.615528
20.880613
21.476732
22.388613
22.388613
22.638463
23.717082
25.401772
17.088007
18.200275
19.137659
21.360009
23.900837
23.900837
24.864634
26.800187
33.503731
42.573466
43.226149
43.557433
44.229515
44.570169
44.195588
43.522982
45.254834
44.913806
44.913806
45.609758
45.254834
44.902673
44.206900
43.522982
42.193009
42.193009
41.620308
40.301985
40.106109
38.551913
37.473324
37.151716
36.003472
35.131894
33.678628
33.526109
33.723137
33.634060
33.455194
8.077747
7.158911
10.511898
33.559648
32.190837
33.955854
34.077118
35.302266
35.418921
35.654593
36.458881
38.013156
39.588508
39.629534
39.805778
41.617304
41.330981
43.133514
43.709267
43.709267
44.300113
43.502873
44.511235
44.701790
45.301766
45.700109
45.000000
45.000000
45.105432
45.221676
44.936066
43.829214
43.960209
43.960209
44.679414
43.991476
43.991476
43.142207
43.991476
43.991476
43.991476
43.991476
43.991476
42.979646
43.854874
42.933087
42.933087
42.617485
41.318882
40.635576
40.635576
40.326790
40.040604
39.537956
38.147739
37.976967
37.976967
37.712730
38.616706
38.551913
37.513331
37.513331
38.551913
37.553295
38.616706
37.831865
37.831865
36.989863
37.366429
36.878178
36.503424
36.623080
38.200131
38.461019
37.363083
39.373214
39.373214
39.849718
39.849718
39.373214
39.849718
40.478389
41.430665
43.063906
43.063906
43.680659
43.063906
45.478017
44.643029
45.607017
45.839394
47.055818
48.386465
48.992346
51.419841
51.419841
51.419841
51.906165
52.392748
53.853969
52.392748
53.256455
52.879580
53.256455
52.661656
52.661656
51.792857
51.684137
51.684137
51.684137
51.480579
49.912423
49.327984
49.731781
48.168973
47.023930
47.183154
45.620719
45.620719
43.982951
43.911844
42.921440
41.018289
40.447497
39.881073
38.890873
39.044846
38.470768
38.470768
37.976967
37.483330
37.566608
37.483330
37.483330
37.483330
36.582099
36.674242
36.674242
36.183560
35.693137
35.693137
35.902646
35.794553
35.693137
35.598455
35.510562
35.429507
35.784075
35.672118
36.031236
36.000000
37.030393
36.280160
37.074250
37.107951
39.924930
39.924930
40.718546
42.059482
43.732139
44.654227
46.100434
47.320714
48.592695
50.249378
52.325902
51.623638
53.051861
52.709107
53.481305
54.233292
54.233292
55.643957
56.402571
56.402571
56.784681
57.168610
57.168610
58.137767
57.489129
58.137767
57.812196
58.796258
58.090447
58.423026
58.706899
58.706899
58.694122
59.044475
60.104076
60.458664
60.815294
61.534543
62.603914
62.996032
65.241858
65.241858
66.772000
67.314560
68.805886
71.501748
72.133557
73.365523
75.440374
77.963132
82.238981
82.238981
85.278954
88.149022
89.894382
93.244303
95.940085
98.653434
102.044108
104.586089
109.931797
109.004587
111.789982
114.300044
116.632971
118.504219
119.910383
121.960034
123.670934
125.556760
129.027129
129.338703
130.446349
132.183584
132.183584
134.083929
134.882356
135.987132
136.789071
137.117650
138.073350
138.551434
138.884844
138.551434
138.884844
138.884844
139.029673
139.363733
139.363733
138.884844
138.741666
138.884844
138.741666
138.262432
137.783344
137.927517
137.449081
136.970800
136.014705
135.358783
132.815662
132.815662
131.716552
129.523164
127.985351
125.535851
124.154138
121.334249
119.436175
116.509656
112.847242
112.847242
111.912913
110.435502
110.205490
108.320127
109.080246
108.587522
108.189648
107.563934
106.912347
107.298649
108.231234
107.500000
107.529066
107.335921
108.033560
107.113258
107.361539
107.540690
107.354553
107.588336
107.337086
106.887792
107.354553
106.057767
106.103723
106.692315
107.426719
106.688800
107.224064
107.057228
106.729799
106.410761
105.624334
104.367140
102.938088
102.159190
100.252182
98.824339
95.835797
96.137922
94.404714
93.300589
92.527023
91.281159
90.180375
88.804561
87.706898
86.478321
85.130782
85.255498
84.889634
84.403791
83.918115
83.573321
82.598426
82.111205
81.137229
81.024688
81.252692
80.163895
80.049984
79.562868
79.075913
78.544573
77.466122
77.278716
76.941536
76.226636
75.779285
76.277454
75.581082
75.014999
74.541935
74.108029
74.379097
73.256399
72.465509
72.154348
69.892775
71.639724
70.471625
70.719516
71.112587
71.562909
71.632744
72.630916
72.886899
72.823417
73.363819
73.092407
72.672209
71.980900
71.711226
71.444034
70.754858
70.066040
69.285641
69.211632
67.559233
67.559233
66.635201
65.759030
65.094163
64.678049
64.274801
63.816142
63.816142
62.900715
63.287044
63.287044
62.609903
62.853003
62.699681
63.547227
63.513778
64.809336
65.209278
67.091356
70.365119
70.007142
71.793106
73.624045
75.871602
77.931059
80.207543
82.200973
83.931520
85.984010
89.315452
89.315452
90.898295
92.609395
93.832297
95.092061
97.047669
98.626822
100.016249
101.962003
104.752088
104.284467
105.643268
106.256764
107.681243
108.333974
110.246315
109.960220
110.300725
110.300725
110.781316
111.262078
109.960220
109.480592
109.001147
107.856386
106.424856
105.779251
104.988095
103.094617
101.711602
100.600696
99.836116
98.611612
97.397382
96.384646
95.462034
92.904521
92.447282
90.588355
88.331761
87.877756
86.540453
85.208568
83.240615
82.365041
80.811509
79.323704
77.346622
76.488561
73.935783
73.935783
73.513604
72.253028
71.980900
70.724819
70.450337
70.450337
70.032135
70.178344
70.178344
70.178344
69.758512
69.908869
70.178344
70.491134
70.491134
71.179351
71.179351
72.031243
72.809683
72.809683
72.809683
74.111403
73.866434
74.741220
75.179785
