16.807736
19.500000
14.159802
12.103718
9.192388
15.074813
9.708244
13.416408
14.603082
18.794946
16.324828
9.219544
17.464249
23.048861
15.182226
19.039433
20.988092
16.807736
18.553975
14.317821
6.363961
5.656854
15.913830
14.840822
14.150972
16.007811
16.378339
18.343936
17.670597
17.677670
21.053503
13.793114
11.672618
13.285330
7.071068
8.602325
17.240940
15.620499
16.007811
12.500000
13.647344
14.159802
18.343936
20.081086
16.194135
16.770510
15.628500
16.867128
12.980755
14.396180
13.601471
15.620499
12.971122
12.539936
14.983324
12.903488
14.142136
8.845903
14.983324
13.200379
13.793114
17.269916
17.356555
18.337121
16.007811
18.069311
15.116216
14.603082
17.902514
16.324828
