0.000000
12.539936
12.539936
12.539936
13.200379
13.000000
13.000000
13.756816
13.462912
13.000000
13.656500
13.200379
13.865425
13.656500
14.317821
13.865425
14.317821
14.089003
13.865425
13.865425
13.416408
13.865425
12.971122
14.773287
13.656500
13.656500
14.115594
13.656500
13.656500
14.089003
13.656500
14.115594
13.285330
13.200379
13.285330
15.041609
13.756816
13.928388
14.866069
15.041609
15.041609
15.508062
14.577380
16.552945
16.101242
16.446884
16.446884
16.763055
16.492423
17.585505
16.620770
18.069311
18.553975
18.821530
19.448650
19.313208
19.448650
20.402206
19.163768
20.742469
19.780040
20.402206
21.360009
21.505813
20.554805
21.505813
21.029741
21.029741
22.299103
22.135944
22.135944
22.299103
21.224985
20.615528
21.029741
21.505813
20.742469
19.780040
21.029741
21.029741
21.662179
20.718349
21.189620
21.662179
21.189620
21.360009
20.892582
21.662179
21.662179
21.360009
21.224985
21.982948
21.982948
21.840330
21.982948
21.828880
21.828880
22.135944
21.360009
21.540659
21.272047
21.731314
21.360009
21.828880
23.119256
22.770595
21.662179
21.662179
21.828880
21.828880
22.940139
21.828880
21.731314
20.892582
21.540659
21.360009
22.299103
22.299103
22.770595
22.655022
22.005681
22.005681
21.828880
21.360009
20.359273
22.192341
21.731314
22.388613
22.655022
22.192341
22.655022
22.388613
23.119256
22.005681
22.472205
21.731314
21.731314
23.119256
21.272047
22.005681
20.718349
21.540659
22.005681
21.828880
22.299103
21.360009
22.135944
22.655022
22.192341
22.472205
23.119256
22.299103
21.505813
21.029741
19.500000
19.906029
19.006578
19.006578
19.455076
18.560711
19.039433
20.353132
19.912308
19.474342
19.906029
20.124612
19.455076
18.117671
19.906029
19.912308
19.474342
21.731314
21.691012
23.505319
22.847319
22.472205
21.731314
22.192341
21.272047
21.272047
21.931712
22.141590
21.731314
21.272047
23.119256
22.655022
22.940139
23.584953
23.769729
23.879908
25.283394
23.048861
24.233242
24.829418
26.196374
24.520400
23.307724
25.079872
24.423349
23.505319
23.769729
24.829418
23.048861
24.423349
23.505319
22.808989
22.360680
22.808989
21.914607
22.360680
21.095023
22.360680
23.478714
20.796634
21.914607
21.272047
20.796634
20.353132
20.573041
20.353132
20.573041
20.796634
18.445867
18.179659
17.755281
18.179659
18.179659
16.101242
16.643317
15.700318
16.918924
16.401219
16.101242
16.101242
16.224981
16.378339
16.643317
16.101242
15.953056
17.492856
18.179659
17.923448
18.560711
18.788294
21.023796
21.476732
21.476732
21.931712
21.023796
20.359273
21.540659
22.360680
22.192341
22.388613
22.141590
21.931712
21.360009
22.472205
21.189620
22.321514
20.742469
20.615528
20.303941
20.012496
20.886599
20.796634
21.095023
20.223748
19.659603
18.607794
18.560711
18.027756
18.506756
18.506756
19.006578
18.560711
20.006249
19.506409
20.524376
20.006249
20.524376
20.500000
21.000000
20.554805
20.524376
20.506097
21.500000
20.524376
20.500000
19.000000
20.506097
20.006249
19.506409
21.505813
21.023796
22.505555
20.554805
22.505555
22.022716
21.000000
20.024984
19.006578
21.592823
21.523243
20.524376
20.651876
22.203603
21.708293
21.213203
21.148286
22.203603
22.638463
20.796634
21.213203
21.377558
21.377558
21.868928
21.868928
21.587033
21.587033
21.476732
21.587033
20.988092
23.286262
21.587033
22.192341
23.286262
22.677081
22.192341
21.982948
23.420077
23.086793
21.982948
22.610838
23.563743
23.086793
22.299103
22.610838
23.409400
23.584953
23.717082
23.879908
24.052027
23.769729
24.622145
23.119256
25.932605
25.773048
25.460754
26.100766
25.632011
25.932605
24.233242
25.164459
25.164459
25.164459
25.539186
25.539186
24.233242
24.622145
23.307724
23.307724
23.711811
23.711811
23.307724
23.307724
23.307724
23.307724
24.233242
24.233242
24.622145
23.307724
23.307724
23.307724
23.505319
23.505319
23.711811
23.711811
23.711811
24.150569
24.622145
24.622145
24.622145
24.622145
25.044960
25.044960
25.044960
23.307724
24.622145
24.622145
24.622145
24.622145
24.622145
24.622145
24.622145
25.044960
25.044960
25.044960
23.307724
23.307724
23.307724
23.307724
23.307724
23.711811
23.711811
23.711811
23.711811
23.711811
23.711811
23.711811
23.711811
24.622145
23.711811
23.711811
23.711811
23.711811
23.711811
23.711811
23.711811
23.711811
23.711811
24.150569
24.150569
24.150569
24.150569
24.150569
24.150569
24.150569
24.150569
24.150569
24.150569
24.622145
25.985573
25.500000
25.500000
23.711811
23.711811
24.622145
24.150569
22.808989
23.711811
24.596748
24.166092
24.166092
23.769729
25.079872
25.079872
24.698178
24.698178
24.698178
24.698178
24.698178
24.698178
25.079872
24.698178
25.079872
25.079872
25.632011
25.298221
25.298221
25.298221
25.632011
25.632011
25.632011
25.632011
25.632011
25.632011
26.000000
26.000000
26.000000
26.000000
25.079872
25.495098
25.079872
25.495098
25.079872
25.495098
25.942244
25.079872
25.283394
24.884734
25.283394
23.963514
24.377243
24.377243
24.824383
24.377243
24.377243
24.824383
25.714782
26.177280
26.177280
25.714782
25.714782
27.060118
27.536340
27.536340
27.060118
27.060118
27.060118
26.612967
26.612967
26.177280
26.196374
26.612967
25.714782
24.377243
23.963514
24.377243
23.584953
24.377243
23.963514
23.963514
23.478714
24.377243
23.963514
23.963514
23.963514
23.963514
23.963514
23.963514
23.963514
23.584953
23.584953
23.584953
23.769729
22.472205
23.769729
24.166092
23.259407
25.079872
25.079872
23.769729
23.769729
22.847319
24.166092
24.166092
24.166092
24.166092
24.622145
24.150569
25.947061
25.044960
25.044960
24.150569
25.044960
25.044960
25.947061
25.947061
25.947061
25.539186
24.622145
26.856098
25.947061
26.856098
26.462237
27.390692
26.462237
25.500000
26.856098
25.947061
26.462237
25.947061
26.856098
25.500000
26.386550
26.386550
24.150569
25.044960
26.856098
25.500000
25.985573
24.622145
22.051077
22.896506
22.388613
21.095023
23.706539
23.323808
23.323808
23.706539
24.596748
23.259407
21.023796
19.416488
22.825424
21.954498
22.825424
20.591260
20.591260
23.323808
23.323808
24.186773
25.059928
25.942244
24.186773
23.259407
23.259407
22.847319
23.259407
24.622145
25.947061
23.264780
26.386550
26.386550
26.386550
24.622145
23.264780
26.386550
24.166092
24.698178
25.632011
25.079872
24.166092
25.495098
25.079872
23.706539
26.832816
25.059928
25.942244
25.942244
23.706539
24.166092
23.769729
24.351591
25.632011
25.632011
27.730849
29.068884
29.068884
29.529646
30.016662
29.068884
29.966648
30.463092
30.083218
29.154759
31.484123
28.640007
30.203477
30.203477
30.549141
31.847292
33.154939
32.775753
30.549141
29.261750
30.203477
29.887288
29.887288
29.601520
29.887288
27.986604
27.041635
30.549141
30.549141
32.237401
33.559648
32.442256
33.771290
31.535694
31.535694
32.039039
31.120733
29.807717
32.870960
33.771290
33.771290
35.587919
32.962099
32.962099
31.662280
32.596012
32.962099
33.889526
33.533565
34.154063
32.901368
31.662280
31.312937
31.662280
32.596012
32.256782
32.596012
31.312937
32.256782
32.256782
30.991934
33.533565
30.991934
33.860006
34.561539
33.593154
35.531676
33.593154
33.593154
33.593154
33.354160
33.354160
34.561539
34.329288
39.427148
37.020265
38.684622
32.729956
34.630189
34.946388
34.003676
34.354767
34.354767
36.840874
36.541073
36.017357
36.878178
37.107951
36.138622
33.526109
34.481879
34.481879
36.055513
36.769553
36.400549
35.846897
34.928498
33.105891
31.780497
38.483763
34.000000
38.078866
33.241540
35.846897
35.735137
34.785054
36.687873
35.440090
34.928498
36.400549
37.643060
34.785054
38.483763
36.235342
35.777088
40.512344
38.108398
38.810437
37.165172
36.840874
39.054449
39.702015
39.702015
40.003125
39.702015
38.461019
39.054449
39.054449
40.115458
40.853396
40.311289
40.311289
41.146081
39.924930
39.924930
39.560081
39.217343
40.496913
42.154478
42.953463
42.544095
43.382024
44.294469
42.500000
42.038673
42.500000
42.038673
42.500000
42.933087
42.500000
35.355339
29.966648
47.010637
47.507894
48.764741
48.373546
48.548944
47.507894
47.010637
48.075462
48.075462
49.002551
49.002551
48.530918
49.489898
47.183154
47.183154
47.647141
48.530918
48.075462
47.647141
47.647141
45.532955
47.257275
44.679414
45.213383
46.295248
47.206991
45.853026
43.226149
46.824139
47.691718
46.330336
44.972214
44.096485
44.096485
43.617657
43.617657
44.502809
44.502809
44.502809
45.392731
45.853026
46.330336
46.330336
44.592600
45.105432
44.592600
44.592600
43.617657
44.949972
44.051107
43.156691
42.267008
43.732139
45.634417
44.254943
45.634417
45.634417
45.961941
44.502809
45.458773
44.592600
44.592600
30.927334
31.216983
31.756889
32.931748
33.324165
34.212571
33.771290
33.354160
33.771290
34.212571
33.771290
32.442256
31.976554
32.442256
31.216983
31.503968
31.100643
31.705678
33.305405
32.449961
33.615473
34.557922
35.089172
34.132096
35.510562
33.018934
32.175301
35.245567
35.598455
36.100554
34.398401
33.837849
32.202484
33.015148
32.202484
33.015148
47.856556
48.303727
46.970736
46.510751
45.620719
46.970736
49.206199
48.324424
49.206199
48.301139
35.514082
35.362409
36.335245
36.100554
35.780581
34.121108
33.712016
34.532593
50.323951
49.864817
50.798622
50.361195
49.135018
49.135018
46.768045
47.647141
47.214934
49.244289
49.648766
51.000000
51.000000
51.538820
20.402206
17.414075
18.062392
50.559371
48.787806
46.970736
50.566788
50.606324
50.119856
51.000000
51.429563
49.929951
48.127435
47.762433
49.419126
20.180436
20.180436
46.327638
46.024450
43.832066
22.726636
23.711811
21.639085
23.345235
25.104780
23.377339
24.135037
24.839485
22.671568
22.671568
22.671568
19.849433
20.615528
19.209373
19.525624
21.569655
20.934421
23.817011
23.005434
19.525624
22.276669
22.983690
22.983690
20.934421
19.704060
18.901058
18.901058
17.500000
18.901058
20.303941
21.100948
22.276669
21.931712
23.430749
23.345235
21.260292
21.213203
21.260292
21.213203
20.518285
20.615528
18.867962
20.248457
18.867962
20.591260
19.416488
22.203603
22.500000
23.113849
20.248457
20.615528
18.788294
22.803509
22.803509
21.800229
23.753947
20.670027
22.051077
22.388613
23.711811
20.573041
22.388613
25.700195
27.101660
28.991378
27.730849
24.698178
28.301943
29.124732
27.189152
25.283394
25.831183
23.900837
21.029741
21.189620
21.189620
21.540659
22.472205
22.472205
24.186773
23.409400
23.259407
21.470911
22.472205
21.540659
18.027756
18.973666
18.384776
17.720045
18.553975
18.821530
18.580904
24.964975
24.964975
21.360009
31.705678
32.175301
26.911893
27.735356
33.018934
35.598455
28.040150
31.531730
25.303162
27.518176
21.053503
32.003906
29.753151
36.003472
36.335245
35.355339
35.846897
34.669872
30.886890
29.154759
29.546573
26.832816
21.931712
20.155644
27.041635
23.264780
32.330326
24.150569
25.044960
20.670027
29.261750
21.914607
18.848077
18.788294
17.867568
16.492423
16.552945
16.347783
16.347783
15.660460
15.976545
19.500000
19.137659
18.607794
18.337121
17.846568
17.262677
14.560220
14.637281
14.035669
42.720019
64.404969
65.391131
64.404969
59.363288
59.363288
62.649820
63.071388
57.982756
58.309519
57.140179
58.180753
56.938563
60.802960
60.000000
58.200086
62.010080
59.002119
64.569730
63.931604
63.200079
56.002232
52.280493
52.280493
54.811039
60.821460
53.956001
53.851648
55.569776
55.029538
53.218888
52.311567
51.684137
53.011791
53.443896
53.002358
52.223079
51.041650
21.360009
21.708293
20.353132
20.814658
49.992499
49.135018
49.489898
48.974483
48.564390
48.623554
46.529560
48.877398
45.177428
44.777226
44.274711
43.407949
43.384905
45.213383
43.407949
43.477005
45.213383
46.089587
46.089587
43.832066
42.485292
42.485292
42.047592
42.953463
45.617979
45.177428
46.957428
44.283180
43.863424
45.617979
48.754487
46.735960
48.127435
49.056090
49.043348
47.214934
46.735960
46.057030
47.636646
46.424670
45.590569
44.659825
44.659825
43.017438
45.541190
45.400991
44.271887
43.820657
43.640577
44.300113
26.315395
25.622256
25.622256
25.622256
25.109759
25.894015
24.909837
24.824383
25.675864
25.894015
25.544080
25.622256
25.124689
25.124689
26.119916
24.253866
25.044960
28.217902
26.119916
26.234519
30.203477
25.243811
29.107559
29.107559
32.035137
30.500000
31.674122
54.502294
49.340653
51.560644
54.502294
54.502294
54.134093
53.577047
53.577047
29.605743
31.976554
33.682340
31.599051
31.599051
28.504386
29.004310
29.004310
29.004310
30.004166
24.020824
26.000000
37.215588
31.144823
27.000000
29.000000
29.516944
30.842341
31.148836
31.800157
32.760495
32.760495
33.723137
31.800157
31.800157
31.800157
31.800157
32.097508
31.148836
31.800157
32.500000
31.531730
31.531730
31.800157
32.500000
32.760495
30.565503
32.422986
31.800157
33.049206
31.148836
31.531730
31.531730
31.531730
32.268406
31.531730
31.292970
32.638168
31.642535
32.882366
32.882366
33.049206
40.512344
39.537956
38.451268
35.288100
35.429507
35.429507
36.017357
35.227830
35.355339
34.365681
36.221541
39.458839
39.623226
39.458839
39.458839
39.458839
40.311289
39.812058
40.024992
39.051248
39.051248
38.639358
38.639358
38.639358
38.639358
39.812058
38.832976
38.470768
38.470768
39.458839
38.327536
39.458839
38.327536
39.319207
39.319207
40.311289
38.327536
39.319207
38.639358
38.639358
38.470768
39.131190
38.147739
38.147739
40.115458
38.639358
39.812058
38.639358
38.639358
39.458839
40.447497
38.327536
38.639358
39.623226
38.470768
38.470768
37.483330
38.470768
38.470768
38.327536
38.470768
38.470768
37.483330
36.840874
36.989863
37.976967
36.840874
38.823318
37.712730
39.702015
39.953098
39.953098
38.964728
37.976967
39.953098
40.115458
40.115458
38.823318
38.823318
38.964728
37.976967
37.976967
39.131190
39.131190
38.147739
39.131190
39.131190
38.823318
38.964728
39.777506
38.147739
36.183560
38.964728
39.131190
38.964728
40.942032
58.951251
