0.000000
5.656854
5.000000
5.408327
5.656854
5.000000
5.315073
6.363961
5.700877
5.656854
6.403124
6.103278
5.590170
4.949747
4.609772
5.656854
5.656854
5.315073
6.020797
5.000000
4.301163
4.301163
5.408327
5.315073
5.700877
5.700877
6.103278
4.609772
4.242641
5.700877
6.020797
6.264982
5.700877
6.103278
5.700877
6.726812
6.726812
6.020797
6.363961
6.020797
5.408327
7.778175
5.408327
5.700877
6.020797
5.700877
5.830952
5.656854
5.315073
5.147815
4.949747
5.590170
5.408327
5.315073
5.315073
5.000000
5.315073
4.716991
4.301163
4.609772
4.609772
5.408327
4.609772
5.408327
4.609772
4.609772
4.301163
5.408327
5.700877
4.472136
4.031129
4.472136
4.031129
4.301163
5.408327
4.716991
5.147815
4.301163
5.590170
5.000000
5.147815
4.301163
5.147815
4.716991
5.408327
4.609772
4.301163
4.609772
4.301163
4.609772
5.000000
5.700877
4.609772
5.315073
6.020797
5.656854
5.315073
6.020797
6.020797
5.408327
5.408327
5.700877
5.700877
4.949747
5.315073
4.949747
4.301163
5.656854
5.315073
5.315073
5.315073
3.905125
6.020797
4.301163
4.301163
4.949747
6.020797
6.020797
3.905125
5.315073
5.315073
6.020797
5.315073
5.315073
5.700877
4.949747
5.700877
5.315073
5.315073
5.315073
4.949747
5.656854
5.656854
5.700877
4.609772
5.700877
5.315073
5.315073
5.408327
5.700877
5.408327
5.000000
5.408327
5.408327
5.408327
4.609772
4.609772
5.656854
6.020797
4.949747
5.000000
5.700877
5.000000
5.408327
5.147815
4.301163
5.408327
5.700877
4.716991
3.905125
4.301163
4.609772
4.716991
4.031129
4.031129
4.716991
4.716991
4.716991
4.716991
5.000000
5.000000
5.408327
5.408327
6.103278
6.103278
5.000000
5.590170
6.403124
4.716991
5.656854
5.315073
5.315073
5.700877
5.315073
5.000000
5.315073
4.609772
5.315073
5.000000
5.000000
4.609772
5.315073
5.656854
5.408327
4.743416
5.852350
5.099020
5.220153
4.743416
5.852350
7.615773
2.500000
3.640055
3.500000
2.061553
3.905125
5.000000
10.547512
11.236103
15.508062
16.763055
17.888544
19.006578
40.249224
41.427648
40.770700
41.318882
42.216703
41.318882
41.503012
41.886752
42.086221
41.629317
41.596274
42.264051
41.862871
17.240940
15.206906
14.326549
11.853270
12.500000
11.715375
10.816654
12.206556
12.349089
13.038405
14.150972
14.326549
15.443445
14.983324
16.552945
17.923448
18.337121
21.029741
22.051077
41.367258
41.815069
42.290661
42.086221
43.002907
42.617485
43.081318
43.488504
42.252219
40.577087
40.672472
42.746345
42.432299
41.785165
43.657760
43.017438
43.960209
42.617485
44.011362
43.832066
43.923228
43.923228
43.269504
43.863424
43.660623
43.165380
43.732139
43.462628
14.560220
12.658989
10.111874
8.558621
4.716991
4.123106
3.640055
2.692582
2.236068
2.549510
1.414214
1.118034
1.414214
2.236068
3.354102
3.605551
4.716991
6.184658
6.082763
6.800735
6.670832
6.576473
7.280110
7.648529
7.648529
9.013878
8.732125
9.486833
9.486833
9.486833
9.486833
8.860023
9.192388
8.276473
7.433034
8.062258
6.041523
6.020797
6.519202
6.403124
4.609772
5.408327
5.024938
4.609772
6.708204
9.962429
12.257651
37.165172
37.593217
16.770510
13.238202
18.200275
19.780040
20.155644
39.395431
38.694315
38.029594
40.056211
39.131190
39.395431
40.478389
40.478389
40.264749
39.852854
39.360513
40.478389
39.601136
39.812058
39.274674
38.939055
40.512344
40.770700
40.264749
38.939055
40.697051
10.688779
10.594810
9.617692
7.158911
5.590170
3.905125
2.828427
1.802776
4.272002
5.220153
6.576473
7.762087
8.246211
7.158911
9.552487
9.552487
9.708244
6.519202
8.732125
14.807093
3.500000
4.031129
4.031129
3.041381
3.354102
4.924429
5.315073
3.807887
3.605551
3.535534
3.535534
2.500000
2.121320
5.220153
6.519202
4.123106
6.041523
7.158911
4.609772
4.472136
4.472136
5.000000
4.242641
4.609772
4.924429
6.708204
5.408327
5.147815
4.716991
5.408327
6.264982
7.158911
7.433034
4.472136
7.433034
26.967573
21.691012
22.192341
23.086793
21.360009
23.048861
24.331050
23.690715
24.824383
24.046829
25.179357
23.086793
25.044960
23.505319
24.627221
25.044960
26.019224
25.500000
25.504901
25.504901
23.048861
24.505102
25.000000
24.520400
26.076810
28.570089
27.073973
25.622256
26.967573
27.950850
33.241540
34.713110
40.954243
40.954243
40.798284
40.496913
39.462007
39.689419
39.560081
40.205721
47.246693
51.502427
49.701610
52.201533
45.642634
50.835519
51.307894
49.678969
50.606324
47.423623
47.183154
47.460510
47.507894
42.449971
42.109975
38.327536
39.560081
40.388736
41.231056
24.382371
25.124689
27.865750
29.154759
27.663152
9.433981
6.670832
6.103278
5.315073
4.609772
3.605551
4.716991
3.807887
4.031129
2.915476
2.915476
3.354102
4.272002
5.000000
5.408327
5.408327
4.924429
4.472136
5.408327
5.408327
5.147815
4.924429
6.708204
5.000000
4.924429
5.147815
5.147815
5.852350
6.041523
5.385165
5.385165
6.082763
5.700877
6.519202
6.324555
6.324555
8.015610
7.017834
40.040604
32.638168
32.638168
33.034073
34.532593
36.003472
27.073973
27.572631
27.073973
26.542419
27.500000
27.518176
28.004464
25.044960
23.759209
24.627221
17.029386
16.000000
23.286262
18.200275
3.354102
12.041595
13.656500
2.121320
2.000000
1.581139
1.414214
2.000000
3.162278
2.549510
1.118034
1.581139
1.500000
1.414214
1.414214
2.121320
2.692582
3.041381
1.802776
1.581139
4.743416
4.743416
5.099020
6.964194
4.272002
3.354102
2.236068
6.800735
7.433034
7.433034
3.535534
3.201562
6.964194
7.280110
7.158911
4.242641
4.716991
5.408327
5.385165
5.000000
4.609772
4.609772
4.472136
3.640055
5.700877
6.726812
6.020797
5.315073
6.800735
6.946222
6.264982
8.062258
8.544004
9.192388
9.486833
9.192388
8.631338
3.041381
4.716991
7.905694
8.276473
9.192388
9.340771
6.103278
8.860023
7.810250
10.259142
9.219544
15.231546
9.013878
17.088007
7.778175
8.485281
7.615773
14.560220
9.394147
8.544004
9.178780
8.077747
7.433034
6.184658
7.433034
7.826238
9.552487
10.000000
4.609772
3.905125
3.354102
5.099020
2.692582
4.123106
5.220153
4.123106
3.000000
2.236068
1.118034
3.640055
2.549510
2.000000
3.000000
3.162278
2.692582
6.946222
6.103278
6.264982
7.158911
6.708204
6.708204
6.264982
5.852350
6.264982
6.708204
8.139410
8.485281
5.830952
6.324555
5.385165
3.640055
4.924429
5.385165
2.915476
3.201562
4.743416
5.590170
5.147815
7.106335
6.041523
5.385165
4.000000
5.830952
5.385165
5.385165
5.024938
3.905125
5.147815
5.000000
40.106109
40.917600
7.566373
6.670832
7.905694
6.800735
6.324555
4.609772
5.590170
5.099020
4.609772
5.099020
4.272002
3.041381
3.041381
4.272002
0.500000
1.802776
1.581139
3.201562
4.242641
3.905125
5.590170
5.590170
2.692582
1.581139
3.905125
4.609772
3.640055
5.000000
2.500000
5.147815
3.905125
3.905125
3.905125
4.949747
4.527693
4.123106
5.024938
4.609772
4.472136
5.099020
6.403124
36.003472
35.794553
36.003472
34.000000
34.300146
32.442256
34.252737
34.557922
45.609758
44.553339
39.755503
40.215047
10.259142
3.201562
5.700877
8.062258
4.924429
5.315073
4.123106
7.826238
21.644861
22.549945
25.005000
25.000000
26.019224
31.036269
29.038767
29.504237
30.016662
28.500000
29.516944
30.004166
31.004032
31.100643
34.503623
36.530809
35.556293
36.623080
51.000000
54.000000
56.008928
50.539588
55.013635
53.338541
54.685464
56.073612
56.147128
68.472622
67.366535
68.170742
73.839353
70.459208
75.823809
74.183893
75.493377
75.493377
73.866434
75.116576
61.100327
61.459336
54.856631
51.618795
50.569259
49.912423
50.911688
44.319860
43.832066
58.900340
57.604253
52.879580
50.766623
47.023930
43.419466
9.178780
3.535534
3.201562
6.946222
3.905125
3.201562
4.301163
4.609772
3.535534
7.280110
7.762087
7.158911
4.609772
2.915476
1.581139
0.707107
1.500000
4.301163
2.828427
1.581139
2.828427
2.915476
3.905125
4.031129
5.315073
5.408327
4.949747
5.408327
2.500000
2.000000
2.000000
2.236068
2.236068
4.031129
2.915476
6.964194
8.631338
9.340771
23.505319
25.544080
30.602287
30.016662
36.055513
36.013886
39.503164
43.000000
44.002841
43.500000
45.568630
44.544921
40.527768
38.003289
33.593154
22.276669
20.000000
20.506097
22.141590
23.135471
33.455194
38.733061
31.036269
33.533565
34.091788
36.667424
36.667424
31.563428
30.761177
3.000000
4.031129
19.026298
17.528548
17.007351
18.172782
18.110770
18.172782
20.303941
37.476659
41.773197
37.483330
41.692325
43.185646
45.721986
47.169906
44.679414
46.607403
51.053893
48.507731
45.541190
25.495098
25.894015
24.622145
24.622145
22.677081
23.769729
42.449971
46.089587
50.601383
47.074409
51.053893
55.652942
59.609144
60.419368
60.508264
61.678602
9.708244
5.700877
6.519202
14.866069
21.029741
13.000000
14.577380
12.971122
15.890249
15.976545
14.983324
21.224985
22.455512
14.560220
12.649111
4.527693
24.738634
23.879908
25.947061
27.973201
27.536340
31.132780
19.474342
17.414075
18.445867
16.101242
17.755281
27.064737
25.942244
28.635642
26.612967
28.848743
24.423349
27.041635
28.969812
30.083218
27.060118
20.573041
23.478714
19.557607
19.416488
11.280514
12.041595
12.529964
10.793517
10.049876
11.045361
8.000000
7.017834
8.015610
7.000000
17.677670
15.652476
14.764823
21.272047
13.341664
15.041609
15.660460
16.568042
15.628500
1.118034
11.401754
5.385165
3.905125
3.807887
3.905125
27.730849
25.495098
27.504545
27.313001
24.150569
24.884734
24.377243
1.500000
3.041381
2.828427
2.061553
4.031129
2.500000
5.522681
4.924429
4.527693
1.500000
5.220153
2.915476
4.609772
3.640055
4.123106
3.162278
3.000000
5.024938
2.236068
3.500000
4.924429
4.123106
4.924429
5.000000
4.743416
2.915476
2.915476
4.609772
5.700877
6.103278
6.800735
7.071068
6.670832
18.439089
20.303941
6.519202
4.031129
0.707107
2.828427
1.000000
3.162278
2.500000
6.264982
5.099020
4.472136
3.605551
20.402206
21.100948
18.681542
19.780040
20.742469
19.780040
22.135944
22.461077
21.644861
21.053503
5.852350
6.264982
8.062258
3.605551
3.201562
2.500000
4.031129
4.924429
2.000000
4.949747
7.106335
4.472136
6.020797
4.924429
3.640055
3.354102
1.000000
4.301163
3.807887
2.692582
2.828427
2.236068
2.236068
0.500000
1.414214
2.000000
2.000000
2.000000
2.236068
1.802776
2.828427
2.500000
2.500000
3.162278
3.640055
2.500000
2.236068
2.236068
3.354102
2.692582
4.031129
3.162278
3.162278
3.041381
3.162278
3.605551
3.640055
2.500000
4.743416
4.743416
4.123106
4.123106
3.162278
4.716991
4.716991
3.605551
4.472136
6.403124
7.632169
8.321658
8.514693
8.321658
8.276473
8.746428
9.394147
9.013878
9.013878
9.486833
12.093387
9.861541
10.700467
9.708244
9.013878
7.433034
7.158911
9.300538
8.514693
8.139410
7.826238
8.077747
7.632169
7.632169
7.632169
6.519202
6.500000
7.382412
6.041523
4.924429
5.147815
4.743416
4.924429
4.123106
3.640055
3.500000
3.041381
2.828427
4.242641
2.000000
1.000000
0.500000
2.236068
2.121320
3.605551
2.500000
2.500000
3.041381
4.924429
7.516648
7.071068
9.500000
10.049876
9.486833
10.111874
9.486833
19.557607
14.916434
17.182840
20.554805
21.095023
23.021729
22.141590
23.500000
23.048861
22.549945
23.048861
22.141590
22.141590
20.303941
8.732125
8.321658
6.800735
5.315073
4.716991
4.472136
2.692582
4.527693
5.590170
6.020797
10.816654
8.902247
7.905694
8.321658
8.062258
8.902247
8.602325
8.276473
8.200610
8.500000
8.732125
9.962429
9.192388
10.307764
9.656604
8.944272
9.433981
9.013878
8.077747
8.732125
7.382412
7.211103
5.590170
6.403124
6.519202
5.000000
5.315073
4.242641
3.354102
2.236068
1.500000
2.549510
2.500000
2.915476
3.354102
6.324555
9.552487
6.324555
9.708244
9.823441
9.340771
34.817381
37.752483
36.496575
38.964728
37.976967
30.066593
37.336309
37.121422
36.585516
29.605743
32.003906
31.004032
30.516389
34.132096
32.062439
33.559648
7.615773
2.692582
3.605551
3.905125
5.024938
4.031129
1.802776
1.118034
1.802776
1.581139
2.549510
4.609772
3.535534
9.604686
8.321658
7.382412
8.944272
9.962429
7.648529
6.103278
4.472136
6.264982
8.732125
9.486833
9.848858
10.511898
9.192388
6.708204
9.300538
10.259142
8.321658
7.071068
7.433034
7.211103
7.106335
6.946222
10.000000
8.902247
7.106335
8.902247
8.200610
6.800735
7.158911
29.120440
31.800157
27.658633
32.810059
32.314857
35.288100
34.860436
35.923530
35.355339
35.923530
34.935655
35.429507
34.365681
34.525353
33.049206
33.541020
32.380550
30.805844
29.954132
28.022313
12.589678
13.038405
12.010412
21.523243
20.248457
18.721645
3.041381
5.220153
2.061553
3.807887
2.692582
2.061553
2.692582
0.707107
1.581139
0.500000
1.118034
2.061553
3.041381
4.272002
4.527693
5.385165
8.062258
8.015610
5.590170
4.716991
6.103278
6.519202
10.000000
9.552487
9.192388
8.139410
8.902247
7.810250
6.800735
8.902247
8.200610
7.071068
7.071068
6.363961
6.946222
7.382412
6.103278
4.716991
5.315073
4.609772
6.363961
3.535534
2.500000
5.147815
3.807887
1.802776
1.581139
2.915476
6.020797
7.778175
7.810250
8.200610
14.326549
17.691806
20.402206
20.229928
6.264982
7.106335
21.914607
21.505813
18.439089
14.534442
11.800424
8.077747
7.615773
3.640055
2.500000
0.707107
4.123106
3.640055
1.118034
2.549510
2.692582
3.354102
1.802776
2.061553
2.692582
3.162278
2.500000
2.500000
3.905125
4.716991
4.716991
6.103278
5.408327
6.363961
8.276473
6.708204
7.778175
5.408327
6.020797
5.656854
5.830952
5.590170
6.264982
5.700877
1.581139
6.103278
6.403124
5.656854
6.403124
7.810250
7.382412
8.602325
10.404326
5.830952
5.147815
7.826238
7.433034
6.708204
7.211103
8.500000
4.716991
10.547512
9.394147
4.242641
7.071068
5.147815
4.000000
4.949747
6.020797
5.315073
6.041523
12.000000
15.074813
3.605551
2.236068
3.807887
10.000000
1.414214
8.514693
7.566373
7.648529
1.118034
15.239751
1.118034
3.041381
2.061553
2.061553
2.692582
1.581139
4.924429
3.905125
3.354102
17.720045
16.977927
8.514693
3.535534
2.692582
3.905125
6.264982
5.385165
4.609772
4.242641
2.549510
1.802776
1.802776
1.414214
2.549510
2.500000
0.500000
1.118034
0.000000
1.118034
2.236068
2.000000
3.162278
12.349089
10.547512
9.617692
1.581139
2.121320
3.535534
5.000000
5.500000
5.590170
6.082763
5.700877
5.220153
5.099020
3.640055
3.640055
3.041381
8.746428
7.158911
6.184658
6.576473
6.000000
4.031129
1.802776
2.500000
6.020797
6.670832
5.590170
6.500000
4.924429
6.324555
5.590170
6.041523
5.852350
6.184658
8.246211
8.732125
7.648529
8.139410
8.015610
7.500000
7.000000
5.852350
4.031129
3.905125
5.000000
5.656854
9.013878
6.800735
7.106335
8.902247
7.433034
9.192388
4.301163
5.408327
6.708204
7.382412
8.200610
4.272002
5.408327
1.000000
4.301163
2.828427
2.692582
3.201562
6.103278
4.609772
5.147815
5.830952
4.743416
5.000000
2.061553
1.000000
5.000000
5.852350
6.324555
6.519202
7.433034
7.810250
9.013878
5.408327
6.103278
28.744565
29.769951
6.519202
6.726812
6.103278
6.403124
6.403124
6.184658
8.902247
2.236068
7.211103
7.500000
6.519202
4.272002
4.609772
4.527693
3.807887
3.807887
2.549510
3.535534
2.500000
2.692582
5.315073
2.236068
5.656854
5.315073
2.692582
1.802776
2.692582
3.905125
5.315073
5.315073
23.759209
22.005681
26.575365
26.518861
28.779333
34.441980
36.283605
36.345564
33.800888
34.365681
35.923530
37.976967
40.115458
44.838599
49.307707
49.751884
5.220153
8.077747
7.382412
7.158911
6.082763
5.522681
5.852350
50.522272
50.447993
52.630789
52.879580
54.122546
55.267531
62.747510
75.823809
76.584920
74.921626
68.441581
65.522897
65.897648
64.486433
62.042324
58.757978
58.388783
58.337381
52.680642
50.990195
41.164305
41.100487
18.821530
5.099020
1.802776
4.924429
14.577380
10.198039
5.000000
3.605551
8.381527
3.354102
6.500000
7.158911
6.519202
4.272002
7.382412
5.315073
4.301163
4.031129
5.099020
7.158911
6.946222
3.535534
13.462912
4.500000
3.905125
5.700877
17.000000
19.006578
19.000000
19.525624
2.236068
4.031129
4.272002
36.554753
37.963799
38.551913
36.359318
12.041595
11.045361
13.152946
11.884864
8.860023
18.027756
17.923448
10.511898
9.486833
12.257651
9.848858
8.602325
8.732125
7.826238
10.606602
6.576473
8.015610
7.158911
8.381527
7.158911
2.000000
7.071068
6.519202
8.514693
7.106335
6.363961
5.315073
5.315073
1.581139
25.942244
25.942244
24.596748
13.200379
26.856098
3.201562
4.527693
6.500000
9.708244
8.485281
3.807887
3.535534
6.670832
0.707107
0.500000
1.118034
0.000000
29.261750
30.083218
41.112650
42.086221
42.201896
43.931765
44.601009
46.173586
46.132960
2.500000
2.692582
2.236068
4.472136
2.000000
3.640055
3.041381
1.118034
3.201562
3.201562
3.201562
5.590170
5.590170
5.315073
5.656854
4.031129
3.535534
2.549510
4.301163
4.949747
7.106335
6.020797
2.828427
7.810250
8.062258
13.038405
14.317821
8.246211
20.155644
17.000000
15.231546
19.448650
16.155494
15.976545
14.577380
14.577380
12.747549
11.423660
11.768602
8.276473
7.905694
10.124228
5.830952
6.519202
4.949747
9.300538
4.031129
3.535534
4.949747
4.123106
20.303941
21.095023
21.592823
5.000000
38.327536
37.513331
32.638168
31.016125
28.657460
26.518861
24.186773
23.690715
22.203603
20.396078
19.235384
19.811613
22.090722
19.729420
17.356555
16.007811
2.500000
5.700877
5.408327
4.527693
5.408327
4.301163
5.315073
6.103278
6.103278
6.708204
7.158911
7.433034
7.433034
7.905694
7.648529
10.440307
10.440307
9.340771
8.732125
9.823441
8.631338
8.077747
6.020797
8.276473
9.604686
9.924717
11.236103
14.317821
15.182226
15.524175
16.977927
16.278821
15.524175
16.867128
17.262677
17.677670
19.506409
21.505813
21.023796
15.033296
12.257651
8.500000
7.071068
6.020797
4.472136
4.000000
3.905125
4.031129
2.500000
2.121320
9.962429
9.708244
9.013878
4.301163
16.007811
17.564168
16.530275
8.860023
1.581139
2.500000
3.535534
22.472205
24.989998
24.667793
26.248809
24.418231
23.759209
24.748737
24.545875
24.545875
25.019992
23.926972
22.276669
22.522211
22.051077
23.005434
22.005681
8.015610
3.640055
3.807887
7.648529
2.549510
3.000000
3.162278
3.354102
8.062258
8.500000
12.093387
11.412712
11.236103
10.735455
10.511898
10.793517
11.280514
10.688779
10.307764
9.192388
8.062258
3.535534
2.061553
1.581139
0.707107
1.802776
2.236068
3.535534
4.301163
24.191941
26.683328
24.909837
28.609439
33.593154
33.060551
36.003472
32.561480
29.000000
6.800735
43.278170
44.229515
47.034562
48.974483
52.801515
53.106026
56.022317
58.898217
60.440053
61.459336
62.481997
61.012294
62.866923
62.403926
61.100327
58.193642
55.375988
49.678969
46.542991
43.640577
44.502809
41.503012
41.027430
42.107007
43.234824
40.871751
32.249031
35.171011
28.535066
28.044607
27.285527
26.315395
34.270979
31.312937
26.925824
28.744565
29.614186
31.674122
32.557641
28.284271
3.807887
25.961510
4.716991
3.807887
55.129393
60.913874
63.702433
69.426220
72.294536
72.789079
74.264729
76.501634
76.956156
76.819594
74.741220
75.742986
75.742986
76.419893
76.152807
75.041655
73.015409
72.128358
68.822235
70.714214
73.994932
72.886899
75.871602
82.840208
73.893504
72.479307
75.314341
75.327618
72.128358
72.831998
72.835431
64.778469
69.731628
79.134379
78.348580
75.425460
76.277454
77.162167
80.538811
83.505988
91.231848
98.910313
104.479663
112.314291
120.005208
126.580014
134.708018
144.818852
150.831860
157.543645
164.411830
172.473911
178.983938
185.990591
191.883428
195.358645
201.814890
205.789334
209.710515
211.646521
212.589981
213.037555
211.595132
210.600332
209.160226
208.219235
204.795630
201.649448
196.351725
190.276115
186.424247
181.339461
175.944594
168.874214
162.859602
157.772780
152.069063
146.489761
140.414565
134.285144
129.604205
124.532124
119.462337
112.943570
110.826441
107.168092
104.097310
103.043680
101.004950
101.001238
100.519899
101.079177
101.648906
103.736445
105.385008
107.016354
111.817932
114.918449
119.079805
123.110723
127.424487
133.360414
137.816001
142.837320
148.783400
153.741666
159.518808
165.978914
172.244739
176.097984
181.466250
187.883608
193.258894
196.206524
201.658746
206.049145
210.514845
216.005208
218.502288
220.020454
221.068428
222.126653
223.746508
222.850847
222.007320
221.360566
219.459563
217.771669
213.965535
210.177306
206.903359
202.806558
198.436388
193.992912
189.889442
184.791775
179.377395
173.385409
167.979910
161.503096
155.422810
149.440624
143.361431
136.302971
131.409665
124.356343
119.152214
112.971235
107.109757
101.149642
97.027058
91.800054
87.321246
83.573321
79.451243
77.074639
74.237794
71.847060
71.449283
71.253070
72.111026
73.015409
73.506802
76.105190
79.158070
82.840208
86.082809
92.100489
96.189916
102.393847
106.987149
114.622206
119.643220
126.515809
134.775740
140.856310
147.167422
152.625358
158.525235
165.925435
170.751281
174.522921
180.433506
183.772278
187.612633
191.541771
195.005769
198.000631
200.022499
201.062179
202.178758
201.800025
199.956245
199.184588
197.608831
195.875598
192.541554
189.505937
187.569321
185.310550
183.647761
179.561967
177.076961
174.380331
170.253487
166.178368
161.523992
156.352966
151.162165
145.542090
141.000887
137.058382
131.161160
127.475488
122.422424
119.942695
115.841487
112.921433
111.628849
111.233988
110.947059
111.652362
112.680966
115.108644
117.500000
120.645141
123.236561
127.561750
132.171290
135.419718
137.535450
141.226768
145.244621
149.201206
151.599802
156.579852
160.094503
163.530578
167.488806
170.781293
178.824635
181.055931
185.348321
189.358126
192.941701
195.143537
200.352814
204.289623
207.076073
209.505370
214.989535
217.753301
221.527651
224.508909
227.592838
229.458602
233.773395
234.284549
234.364033
234.691819
232.573107
230.734696
229.286938
224.945549
220.843836
217.039743
212.492353
207.490964
202.517283
198.515742
192.346042
188.480768
183.875637
178.225980
173.761331
168.680171
163.940538
159.201131
155.769060
151.783563
147.609282
142.262082
141.040774
137.401783
134.971293
132.070057
130.268953
129.349333
129.144299
130.542139
131.932748
133.660016
137.747958
140.593385
145.276461
150.606275
156.998408
161.410192
166.862968
172.351385
179.778336
185.243758
192.260240
196.780334
202.272712
208.290662
211.840152
215.862225
220.327030
224.876077
229.490741
231.553450
235.079774
238.679702
241.249352
243.949278
245.443476
247.119910
250.406170
252.612846
253.720811
254.023621
253.292321
253.359922
251.588950
250.819158
248.841817
244.296950
240.844867
237.072246
232.819673
227.203103
222.106393
216.444566
210.646624
204.570281
199.414769
192.966966
187.159023
180.572700
174.388216
168.441384
162.392272
155.287636
149.181936
143.112718
138.351906
131.103966
126.701421
122.196563
116.245430
110.693270
106.038908
101.040833
94.540996
88.437831
83.055704
75.643903
69.856997
64.734071
60.166436
55.713553
52.376044
48.083261
47.320714
45.609758
45.893899
44.679414
46.132960
48.502577
50.089919
53.150729
55.443665
59.188259
62.801274
66.994403
71.513985
77.103826
82.779828
88.369961
95.032889
101.352109
107.770590
116.406615
122.588743
131.959274
140.288987
149.120756
157.007165
165.000758
172.000727
179.084477
187.193082
193.437328
200.181168
206.022450
209.497017
212.849712
214.401493
215.119153
214.266773
212.887881
209.012559
205.310740
200.236111
193.748548
185.866215
178.070211
169.838158
161.456651
152.598329
141.039002
132.989661
120.980370
110.856890
97.243252
88.132003
78.906590
66.483081
59.154459
50.112374
43.891913
7.648529
15.000000
12.349089
4.000000
4.000000
4.031129
19.525624
24.698178
20.396078
37.473324
34.785054
38.121516
38.343839
39.051248
40.626346
37.366429
36.003472
34.441980
19.924859
18.124569
20.524376
16.688319
15.508062
11.597414
7.500000
22.327114
15.572412
12.747549
7.810250
19.137659
41.140005
20.591260
18.439089
20.000000
19.723083
19.830532
20.670027
19.830532
19.474342
19.006578
18.560711
20.353132
19.006578
19.039433
19.906029
17.888544
19.006578
18.337121
14.008926
11.500000
3.905125
3.535534
9.823441
22.852790
27.504545
9.823441
15.508062
13.583078
12.175796
14.560220
12.257651
12.539936
12.500000
15.132746
20.796634
18.500000
17.262677
15.132746
14.080128
18.828170
16.124515
24.459150
21.260292
14.430870
13.000000
11.101802
11.335784
11.313708
12.379418
8.732125
8.544004
31.468238
26.683328
14.317821
17.613915
13.009612
8.000000
5.500000
5.099020
5.385165
6.103278
8.139410
13.829317
11.715375
12.619429
13.892444
13.462912
13.462912
12.619429
11.661904
4.123106
4.000000
4.031129
3.605551
4.272002
4.472136
5.000000
3.807887
7.778175
8.902247
10.307764
9.300538
8.139410
8.139410
3.354102
4.031129
10.793517
5.852350
6.041523
9.340771
8.558621
0.000000
3.000000
3.535534
3.162278
7.158911
2.828427
7.905694
10.124228
11.423660
12.539936
11.423660
12.349089
13.285330
14.577380
13.200379
13.647344
11.180340
18.867962
12.816006
4.609772
0.000000
1.581139
1.500000
1.118034
2.061553
1.802776
1.000000
1.118034
1.000000
2.549510
1.118034
1.802776
6.324555
4.472136
22.940139
17.464249
3.905125
1.414214
1.581139
1.581139
0.707107
7.762087
18.927493
19.811613
17.262677
24.253866
17.182840
16.278821
26.100766
25.597851
27.060118
27.658633
28.257742
28.146936
29.025851
30.207615
31.084562
30.696091
30.991934
33.723137
35.440090
33.470136
32.626676
34.077118
33.593154
30.413813
30.008332
30.594117
30.207615
30.103986
30.500000
30.103986
30.594117
28.635642
29.516944
29.124732
29.124732
28.635642
27.950850
27.789386
28.535066
28.635642
28.257742
31.662280
28.044607
30.923292
31.674122
27.285527
23.537205
19.026298
24.909837
24.026028
22.852790
17.000000
30.761177
30.413813
30.647186
16.568042
16.568042
17.029386
17.677670
17.507141
29.706902
20.988092
25.223997
28.306360
26.580068
30.675723
25.709920
28.861739
29.427878
27.658633
32.280025
28.022313
32.760495
30.842341
20.396078
21.377558
21.868928
31.800157
20.718349
31.320920
30.842341
20.886599
19.906029
19.906029
20.396078
21.476732
26.443336
26.925824
27.202941
27.202941
27.060118
27.408940
28.160256
28.376927
30.083218
29.614186
30.319136
30.413813
31.819805
39.714607
36.221541
36.667424
34.091788
50.561843
50.561843
34.590461
33.034073
33.514922
31.016125
32.035137
30.016662
26.305893
26.669271
25.000000
16.031220
5.590170
3.000000
23.584953
23.194827
23.135471
24.129857
22.141590
21.213203
24.748737
17.677670
0.500000
3.807887
13.000000
12.589678
16.446884
16.770510
11.067972
9.000000
8.558621
9.219544
9.055385
9.500000
9.617692
10.012492
10.307764
12.369317
20.155644
11.101802
24.166092
23.409400
20.426698
18.069311
18.788294
18.500000
18.500000
19.608672
20.359273
19.448650
21.587033
8.062258
18.821530
25.347584
25.632011
26.925824
25.539186
26.100766
25.773048
27.041635
27.829840
27.829840
29.740545
29.740545
27.064737
29.470324
30.438463
29.231832
30.991934
31.324910
31.819805
33.737961
38.639358
41.000000
36.718524
32.810059
33.305405
33.800888
32.190837
33.094561
33.514922
34.630189
33.136083
32.062439
31.563428
31.599051
9.124144
10.012492
9.055385
8.139410
6.184658
20.099751
20.303941
19.525624
19.300259
18.668155
6.184658
0.500000
0.707107
0.000000
20.651876
21.587033
20.303941
3.041381
7.632169
5.408327
0.500000
0.000000
0.500000
1.000000
1.000000
2.236068
1.000000
1.414214
1.118034
3.201562
3.354102
3.535534
3.535534
2.915476
10.770330
12.020815
11.884864
9.962429
13.829317
15.297059
15.041609
8.381527
14.396180
14.396180
14.866069
7.905694
13.341664
8.860023
9.340771
8.077747
8.732125
10.198039
14.317821
11.101802
10.307764
38.137908
37.845079
37.500000
36.962819
35.288100
35.114100
35.114100
38.551913
39.661064
37.396524
33.811980
0.000000
26.542419
28.071338
28.160256
28.071338
28.071338
27.572631
29.516944
28.539446
29.068884
34.179672
23.048861
26.967573
27.721833
28.217902
27.663152
29.605743
27.073973
28.517538
14.230249
11.704700
65.872984
35.846897
36.623080
37.030393
37.646381
38.461019
38.239378
36.891733
37.312866
38.078866
38.029594
38.910153
38.694315
35.559809
36.249138
35.654593
35.598455
35.341194
34.014703
35.587919
33.154939
23.521267
26.925824
28.792360
35.794553
21.965883
20.006249
21.005952
22.005681
21.005952
24.545875
22.803509
23.584953
24.253866
23.837995
23.632605
24.682990
25.961510
25.079872
25.495098
24.515301
24.331050
24.331050
25.519600
24.515301
25.005000
27.950850
29.025851
27.372431
40.954243
40.804412
42.077310
44.274711
45.839394
44.525274
44.735333
40.205721
40.966450
38.347099
25.223997
25.578311
25.179357
26.518861
26.542419
28.500000
39.812058
36.472592
38.913365
25.401772
25.519600
24.129857
24.046829
27.504545
38.029594
26.043233
25.519600
24.682990
23.632605
37.619809
23.690715
37.336309
37.513331
39.217343
25.019992
24.824383
24.748737
23.926972
23.926972
24.135037
24.026028
23.420077
40.003125
24.041631
24.520400
25.480385
40.326790
40.660177
41.584252
27.285527
27.064737
26.386550
26.476405
25.739075
25.243811
24.418231
25.243811
25.894015
25.005000
24.253866
39.195025
38.461019
38.939055
33.120990
16.568042
16.070159
15.402922
16.530275
14.534442
18.337121
19.659603
19.006578
19.163768
19.602296
21.005952
22.505555
22.549945
21.592823
22.090722
24.020824
17.528548
22.203603
20.426698
22.940139
22.896506
15.811388
20.130822
23.963514
36.055513
36.786546
35.587919
37.696154
24.667793
27.202941
25.223997
24.738634
43.488504
27.658633
42.579338
48.083261
32.760495
29.567719
25.347584
26.683328
59.266348
59.506302
31.468238
29.470324
29.887288
27.658633
22.610838
25.401772
19.163768
19.163768
24.748737
26.476405
22.022716
18.006943
22.051077
19.059119
21.552262
20.500000
22.141590
19.163768
16.031220
11.280514
22.005681
11.313708
20.056171
19.026298
19.000000
20.500000
18.560711
19.659603
16.500000
21.023796
23.837995
23.436083
20.554805
21.095023
20.524376
21.053503
25.079872
20.500000
20.554805
19.557607
17.066048
17.182840
7.905694
7.106335
7.211103
11.853270
12.298374
3.535534
3.354102
17.464249
1.581139
1.802776
1.581139
2.236068
6.184658
12.649111
11.401754
4.123106
4.924429
3.162278
3.000000
2.500000
1.118034
1.581139
2.061553
0.707107
2.121320
3.162278
1.802776
1.581139
2.236068
2.828427
3.201562
4.272002
19.137659
3.201562
2.121320
3.201562
1.581139
0.000000
0.500000
2.236068
3.640055
1.581139
9.617692
4.301163
5.590170
4.272002
2.549510
2.500000
2.500000
1.118034
2.692582
3.535534
4.609772
2.915476
2.500000
4.031129
10.606602
4.031129
1.000000
3.041381
2.061553
4.609772
38.581083
38.658764
38.209946
37.483330
2.500000
2.000000
3.354102
4.716991
3.162278
3.162278
57.500000
59.508403
71.449283
73.561199
80.039053
88.086605
93.585522
103.306583
110.571244
118.386021
126.289350
131.575074
139.625392
149.181936
155.634990
161.297861
166.138496
170.383391
174.903545
177.995084
179.154263
180.450824
181.414580
181.519283
180.536007
179.176589
176.969630
175.776136
172.070480
168.963014
165.400272
160.780907
156.758572
152.210381
147.744712
142.225174
136.796382
132.416955
126.977360
120.873901
116.071099
109.604973
103.036401
96.131420
90.863909
85.988371
79.159649
74.426138
68.658576
63.547227
59.340121
57.081083
53.667961
53.918921
51.877259
52.559490
53.033009
54.203321
55.946403
58.180753
61.294372
64.845971
67.542579
71.890542
76.884654
81.344945
87.615638
91.870833
98.081599
103.580886
109.869240
115.092354
120.830460
126.800039
132.477357
138.654246
144.360659
149.688009
156.352966
161.505418
166.527025
170.299736
175.034282
178.809955
182.658835
185.567373
188.484084
190.410740
192.873663
192.843201
193.733064
193.165732
192.188059
191.646811
190.168346
188.192056
186.242450
183.696761
180.224860
177.754044
174.287119
171.353436
168.428026
166.433170
163.478592
161.025619
158.077513
154.547727
152.290840
148.420012
144.886162
141.962143
138.050715
135.074054
132.659338
129.190750
127.209473
125.228791
124.101773
120.566372
119.509414
117.895080
117.223078
115.849040
114.186251
112.588854
112.255289
112.695386
111.701611
112.198485
113.635382
114.132598
116.121703
117.223078
118.272989
120.317289
122.918672
126.019840
129.988461
132.659338
136.625400
140.035710
144.066825
148.038002
152.565560
155.984775
158.911925
164.433877
167.417144
171.345411
175.326125
179.758866
183.157036
188.139576
193.045331
195.576072
201.522331
205.512165
210.535033
215.059294
220.082371
223.074539
227.100198
230.166244
230.166244
230.703273
231.739617
230.703273
227.752607
225.220448
219.324531
214.841802
209.409885
204.032473
197.672709
191.766134
185.431928
176.848099
172.890862
164.401946
159.164223
152.480327
143.610585
139.215660
134.064350
130.602450
127.303771
121.911853
120.426326
120.130138
116.275535
117.618026
116.280910
119.676648
122.123912
125.548795
129.207198
131.576974
140.040173
143.918380
151.631956
157.420615
164.326656
170.265234
179.950688
186.316934
193.252426
200.412075
207.606599
215.077312
220.919103
224.531735
228.832362
233.583497
236.508457
237.384182
238.328030
241.250907
241.187168
238.602703
238.063542
235.589686
233.043451
229.019650
226.079632
218.185701
212.259864
206.877983
201.137391
196.624642
190.353618
185.031078
177.612640
171.861136
167.608174
163.515290
158.823802
157.943028
154.390738
155.656673
156.336976
159.173647
161.685652
165.487160
168.297356
171.482506
173.623875
176.069589
177.496479
180.790625
181.252586
184.827622
185.785495
186.500670
188.739238
188.839879
190.469158
191.635722
190.935853
191.734843
191.476500
190.520340
188.585524
186.016800
185.549185
183.592620
180.305990
178.056873
175.534897
172.789612
169.080602
163.936726
159.389460
154.300032
148.534508
142.885444
134.733069
129.634100
123.657794
118.356453
113.553952
108.762356
103.819555
99.141313
96.314589
92.439169
88.817228
86.570780
84.505917
83.500000
82.513635
81.013888
81.038571
80.099938
79.158070
77.694916
77.694916
77.772103
78.857466
78.768649
78.958850
78.958850
77.712612
76.941536
76.388808
75.927597
74.464757
72.124892
70.837843
68.893033
68.029405
66.424769
66.411595
66.411595
67.307132
68.647651
70.436141
73.567996
76.702347
80.983023
86.361160
90.213635
95.731395
100.554711
104.643442
109.492009
112.744179
117.652029
121.433109
124.291995
128.111280
129.943257
131.472431
133.395090
134.391220
136.019300
136.595205
137.116739
137.041964
137.617223
137.321703
137.165958
135.945761
134.269319
133.184083
131.077267
128.535015
126.008928
122.001025
119.004202
116.017240
112.527774
109.541088
105.542645
102.519510
98.511421
95.005263
91.005494
86.523118
83.054199
82.123383
80.188840
78.692439
78.313473
80.399005
82.492424
85.089659
87.328403
91.428934
94.123589
98.804099
103.083704
107.286998
112.295369
117.797496
121.655251
126.589889
132.594306
137.041964
141.421356
147.363496
151.889763
156.553505
162.429215
166.527025
169.500000
173.401269
177.928356
181.717501
187.366619
191.213232
192.972796
196.398192
198.204440
200.589755
202.530245
205.000000
205.515206
205.573588
204.120063
203.199409
199.303788
195.310010
191.345891
185.297733
179.279112
173.759892
166.217478
157.179038
151.119158
143.587082
134.523232
126.503953
118.516876
111.072049
104.202927
96.918780
90.235802
84.172442
77.988781
72.124892
67.067131
60.926185
54.795073
51.039201
44.687806
42.520583
37.735925
38.160844
36.878178
37.662979
40.512344
41.027430
41.109610
43.525854
44.002841
46.024450
48.259714
51.480579
53.368998
56.826490
60.601155
65.255268
68.412353
73.878278
80.294769
85.972379
89.956934
99.511306
105.539092
112.687621
120.747671
129.314539
136.887728
143.089133
150.380351
157.668164
163.262059
167.868997
170.988304
173.928865
176.216486
178.668688
180.017360
180.036107
181.302234
181.232585
181.164290
181.031765
180.173527
180.242198
179.961802
181.414580
181.258103
182.242970
183.674304
184.743065
187.214449
187.497333
190.754423
193.829822
196.700915
199.133749
200.965793
204.759005
206.681518
209.972022
213.364125
214.500000
215.557997
216.305918
216.460735
215.132517
213.687856
211.482860
205.642894
200.397730
195.531327
189.053564
182.222392
175.744843
170.326892
163.670401
158.644256
154.981451
151.949005
148.702724
148.702724
144.963789
144.887025
142.549114
140.200749
135.111991
133.575821
132.684777
130.054796
126.751726
123.454445
122.386682
126.004960
128.200039
132.231804
138.478338
142.863571
150.711645
157.170290
164.730841
169.974263
172.307864
176.045449
178.225279
179.210072
175.477206
175.990057
172.311491
167.452978
162.672985
155.773072
151.898815
144.170038
135.632776
126.563225
119.177389
112.322082
101.710373
95.111776
88.073833
81.942053
76.787043
73.384263
70.917205
74.813100
77.126519
79.588002
83.959812
87.642741
93.884237
96.665661
105.005952
108.951824
113.129351
117.755042
119.566927
122.182241
123.791155
125.224798
123.567795
120.616127
119.870764
117.014956
111.880517
104.546640
99.142574
91.100220
84.037194
77.712612
69.851628
62.699681
54.589376
50.894499
69.260378
63.735783
70.936591
67.640594
61.012294
52.402290
51.983170
48.088460
44.936066
58.942769
54.708317
60.336556
58.090447
56.608303
48.337356
49.563091
46.349218
59.000000
64.095632
72.140488
81.346481
87.893401
95.216858
105.646817
117.043795
124.860923
130.921732
140.406553
148.162917
154.681932
160.580976
169.077645
177.495070
179.075403
180.612846
185.994624
188.348746
191.003927
189.942755
191.824138
187.385298
186.783297
182.500000
180.142305
171.190683
167.967259
163.221475
158.000791
152.099474
147.530505
142.021125
134.807270
128.695377
119.985416
110.679718
101.696853
95.039465
85.921476
78.716263
70.936591
62.241465
55.520267
14.008926
16.507574
6.500000
7.017834
14.577380
17.007351
18.027756
20.506097
9.708244
5.522681
6.041523
6.519202
65.517173
63.009920
63.837685
78.476111
66.831879
66.483081
67.832514
67.988970
127.707674
133.298537
138.600144
142.850446
150.260607
153.431581
159.901532
165.303509
173.525935
180.247053
185.758580
191.407941
195.880703
199.060292
202.765875
207.858125
206.741989
207.731798
207.328845
207.793166
209.657459
204.924986
207.077280
203.988358
205.104851
202.894677
200.392116
201.470221
198.207593
197.484810
194.195778
193.036914
187.800426
186.489276
187.683244
183.140656
181.524792
179.895108
180.903980
179.372517
178.881246
177.938894
174.029452
174.865663
175.866427
171.424181
168.482195
165.746795
164.124952
159.756846
158.254542
154.183332
151.166299
150.096636
146.671401
140.431478
138.557750
134.003731
127.598002
124.197423
115.313703
110.268989
108.374351
103.272697
86.175693
82.537870
92.609395
90.400498
90.094395
88.896007
88.600226
89.712039
93.729664
97.566644
99.745927
104.805773
109.024080
116.384062
119.152214
125.068981
132.983082
140.720468
146.448797
152.135630
155.808376
162.691426
174.445550
178.888932
183.233458
186.783966
190.157829
190.368721
191.678116
190.378570
187.523332
185.170867
181.124957
175.341096
168.749815
160.238884
153.844077
145.121501
134.143580
124.661542
114.797648
102.500000
97.232968
87.887712
79.236986
72.823417
68.117545
63.720091
59.095262
55.172457
52.559490
48.303727
46.800107
44.944410
45.620719
42.267008
42.086221
38.762095
38.003289
36.055513
34.058773
32.534597
33.185087
36.448594
38.810437
45.398238
48.564390
53.502336
58.105507
63.625860
68.807703
75.823809
80.350793
84.832187
89.237044
95.131488
98.045908
100.501244
102.510975
103.577266
103.620703
102.675460
101.741093
101.493842
101.100198
99.849887
99.561539
100.365582
101.980390
102.391406
106.230881
108.449297
111.682586
114.806359
117.797496
