0.000000
2.236068
1.000000
1.000000
1.000000
2.236068
4.123106
6.082763
3.000000
5.385165
4.000000
2.000000
5.385165
3.162278
4.123106
5.385165
8.246211
4.031129
7.632169
6.800735
7.632169
5.852350
4.924429
8.944272
6.403124
6.403124
7.211103
5.000000
5.000000
7.382412
9.192388
8.276473
9.192388
5.700877
8.631338
7.158911
8.139410
6.670832
7.648529
8.631338
9.617692
10.606602
9.617692
10.606602
11.597414
12.589678
11.597414
12.589678
13.583078
11.597414
10.606602
10.606602
11.597414
12.589678
13.583078
14.916434
15.890249
12.980755
13.946326
12.980755
13.946326
12.980755
11.543396
10.547512
9.552487
8.558621
7.566373
9.552487
10.547512
9.552487
10.547512
9.552487
10.547512
11.884864
12.854960
11.884864
12.854960
13.829317
10.920165
12.369317
10.440307
11.401754
12.369317
13.038405
14.035669
12.041595
15.033296
16.031220
17.029386
15.532225
14.534442
15.787653
14.807093
15.787653
16.770510
22.073740
21.100948
15.787653
16.770510
15.787653
16.770510
15.787653
16.770510
15.787653
16.770510
17.755281
18.741665
15.033296
14.035669
13.038405
12.041595
10.547512
13.536986
12.539936
13.536986
13.536986
16.530275
11.543396
12.539936
10.920165
9.486833
9.486833
9.013878
8.200610
8.077747
6.103278
6.726812
7.433034
7.500000
5.315073
7.158911
5.315073
6.020797
6.020797
6.184658
8.381527
8.015610
8.381527
10.965856
12.419742
9.604686
6.500000
6.800735
7.500000
14.008926
17.007351
25.495098
14.212670
15.264338
16.155494
18.867962
19.235384
19.313208
19.924859
20.248457
21.023796
21.470911
20.000000
19.416488
91.197588
85.475143
9.486833
9.219544
11.180340
10.198039
10.049876
10.000000
10.440307
10.440307
10.198039
8.246211
6.708204
7.211103
6.708204
9.433981
8.944272
7.810250
7.211103
7.810250
7.211103
8.485281
6.708204
7.810250
7.810250
7.810250
10.000000
9.433981
9.433981
11.661904
10.440307
8.544004
10.440307
7.211103
6.708204
6.324555
7.810250
8.485281
6.403124
10.000000
10.816654
7.211103
3.000000
2.000000
4.000000
5.385165
6.324555
5.099020
4.000000
10.049876
9.433981
101.390335
154.615653
151.238223
204.658252
204.071066
203.678668
205.528587
202.921167
203.061567
205.353354
203.678668
202.805325
204.658252
202.054448
205.428820
205.528587
205.652620
197.367677
200.192407
199.323857
195.941318
197.767540
196.888293
196.977156
196.104564
195.233194
194.363062
196.224361
195.358645
194.494216
193.631093
192.769292
191.908833
193.793705
195.726850
196.596033
194.743421
192.898937
197.367677
195.532606
194.653538
198.338095
199.210943
197.367677
199.602104
198.725942
202.054448
205.528587
201.933157
202.556165
200.997512
205.912603
203.194488
201.556444
205.590005
201.931919
199.269917
206.911817
203.323634
203.392478
200.764788
200.206144
204.749847
210.913489
205.558994
210.500594
210.419818
207.751053
214.476689
209.120181
213.570831
209.147077
209.562640
208.677982
210.096406
216.736015
210.448331
215.388602
209.857690
212.972416
210.336041
216.970620
213.382872
213.448472
216.162555
214.327436
215.771291
211.213754
210.336041
208.689362
205.093271
212.285774
209.683690
206.085540
205.220004
203.654732
205.093271
208.818701
207.954923
203.354985
202.487654
201.621551
206.456412
207.326433
206.456412
206.349824
213.853338
212.972416
212.916063
212.883184
217.794054
217.798646
219.632079
221.396138
229.004913
229.052941
234.853678
237.571568
237.647323
238.558693
241.297016
242.211168
241.297016
244.041492
244.957649
246.678434
247.592912
249.319574
250.232392
253.787805
254.700314
255.613478
258.356827
261.105821
262.823610
263.807695
267.347153
268.269454
266.038531
261.576949
263.272672
266.038531
262.351863
263.272672
263.807695
262.884956
263.807695
259.731592
260.653985
261.576949
262.500476
261.576949
260.653985
263.424562
262.500476
263.424562
261.741284
262.668041
261.741284
262.668041
261.741284
262.668041
261.741284
260.815069
259.889400
260.815069
259.889400
258.964283
257.099203
258.814605
257.899205
258.814605
252.764713
253.671047
252.764713
255.384025
256.284998
255.384025
257.157539
255.384025
257.157539
257.147817
258.042632
254.023621
253.126451
252.230054
253.126451
253.124475
253.126451
252.230054
254.017716
251.340407
252.232036
251.340407
250.449596
251.340407
251.366267
246.894714
246.008130
247.824535
246.008130
246.894714
246.941289
245.122418
246.008130
246.894714
246.008130
244.198690
246.008130
246.894714
246.008130
241.505694
246.008130
245.122418
243.285840
245.122418
246.008130
242.390181
244.237589
245.122418
244.180261
245.122418
246.941289
244.198690
246.941289
247.824535
246.008130
246.058936
246.941289
245.122418
247.887071
247.008097
246.941289
247.008097
247.887071
246.058936
247.887071
245.589088
246.473122
242.538657
243.417337
242.538657
243.417337
242.538657
243.417337
243.501540
244.376758
242.538657
244.376758
245.252931
244.376758
243.501540
244.376758
245.252931
244.376758
245.252931
244.376758
245.252931
244.376758
245.252931
244.376758
245.252931
246.130047
247.008097
244.376758
246.221445
247.095123
242.142520
241.267486
242.142520
243.018518
242.142520
243.018518
243.895469
243.018518
242.142520
243.018518
239.426398
242.061976
239.301066
242.886805
241.118228
242.002066
240.651200
241.536747
238.069318
238.947693
240.707291
241.588493
237.191905
238.069318
240.707291
242.538657
243.417337
238.947693
239.827021
239.766553
236.237169
239.827021
240.707291
235.764713
236.647417
237.531051
237.191905
238.069318
239.033470
239.908316
237.777207
240.393428
243.018518
237.777207
240.393428
244.773365
236.414890
235.544051
236.038133
238.648277
238.549785
240.133296
238.270854
235.170151
235.053185
231.572883
233.205918
232.689170
235.298215
236.169960
241.620053
235.298215
245.104570
245.978149
241.620053
251.422453
252.293975
246.213830
248.455227
250.305813
257.614052
264.321774
259.061769
263.433103
271.919106
272.809457
275.486842
275.485027
286.776917
288.530761
302.539254
296.096268
295.846244
281.391187
280.471032
281.391187
288.480502
289.399378
282.172376
329.907942
337.707344
344.634952
349.973213
361.374114
364.550751
371.726042
378.587176
392.048785
400.622016
408.933063
410.598648
420.475921
423.075939
420.435786
422.202854
411.200985
274.864057
257.529125
214.688728
216.520784
218.101467
222.216674
222.110896
221.305784
223.705722
224.700356
229.131512
222.392109
230.714651
249.572134
247.613610
246.541072
244.647706
249.019076
246.990891
248.121946
246.990891
245.137716
245.586034
245.752925
247.775100
246.990891
247.460098
251.050792
253.105709
254.708657
248.701628
263.500474
260.308471
259.103261
257.512136
256.367900
254.103325
254.524066
251.500497
250.700020
247.512626
249.103392
243.701662
247.302446
243.500513
245.504582
244.103462
247.702442
251.301612
212.302850
211.500591
233.500535
233.106199
227.302662
227.100198
226.707962
220.310009
221.568274
226.450878
234.827596
237.261459
242.495361
238.891189
243.655494
255.280238
256.095685
258.069758
271.330057
277.721083
277.395025
283.876734
237.453153
244.436086
244.436086
248.684539
239.453545
244.754980
248.358612
245.814971
247.309523
255.328220
256.784929
263.147297
238.986401
243.972334
247.577261
250.108976
253.713421
264.526936
270.892045
273.456121
282.207813
287.266862
295.132597
286.088273
296.756634
294.062068
297.091316
297.971895
285.347595
278.736883
281.528418
295.811173
308.538895
292.308484
300.370188
305.324827
296.147345
296.292507
289.506908
290.794171
295.518612
302.086908
300.487105
300.849630
275.068173
282.365897
271.577797
277.900162
296.888026
296.024492
299.253237
267.492991
287.211594
280.411305
285.093844
275.946553
236.009534
246.622181
234.107881
251.078673
254.028542
257.247935
268.239632
275.946553
272.070763
270.651067
267.052429
264.461717
261.199158
263.529884
251.765764
249.576642
235.886625
241.479295
228.814882
233.604901
244.096805
250.464069
231.664089
238.661371
180.000694
180.358670
227.993969
236.647945
236.762011
234.013354
240.364827
204.536672
212.770416
183.821245
175.887038
177.254760
176.536823
173.035401
172.945801
173.309694
169.440993
168.413925
166.647082
167.385782
158.902486
159.154013
160.015624
155.464626
156.320984
149.040263
149.893295
140.628056
142.559637
134.800779
135.640149
135.901619
133.417578
134.243249
132.929493
132.118318
131.309748
130.503831
136.213068
132.003788
128.405607
133.003759
132.638607
142.302495
140.346001
144.267113
145.086181
131.015266
131.400152
133.405397
136.209398
135.417872
137.437258
137.830512
135.813291
137.830512
145.475943
144.697097
143.920985
149.436441
149.804039
153.792880
152.964865
153.792880
160.185049
160.447032
166.304690
168.235698
167.395490
173.208689
171.263686
177.922033
175.989346
176.828307
175.989346
176.828307
180.978590
181.816528
183.076487
183.918460
184.762009
195.616973
184.762009
195.616973
183.076487
195.616973
183.076487
196.596033
196.491730
196.596033
183.611002
182.784026
181.958787
189.446562
186.935818
188.904738
185.299757
181.110464
186.935818
187.771137
180.834178
187.771137
188.045207
182.280004
186.389377
181.818591
183.098334
179.025138
182.043951
176.819117
175.285481
171.679935
168.074388
162.289864
157.622968
155.724115
169.283785
180.471604
176.875663
179.777640
173.046237
169.526547
164.909824
166.012801
162.407666
163.781104
159.669189
168.517803
163.273543
172.453617
170.018381
176.000710
174.843501
178.614809
177.491549
180.303217
176.434832
170.033085
168.876434
166.569055
161.583570
158.953610
156.656471
151.678113
153.796131
147.432188
142.580679
143.315212
136.989963
135.208173
137.980071
133.313540
123.929415
134.143580
129.160753
126.357627
127.742906
117.193217
122.050195
90.808865
111.046162
109.162723
116.122780
112.847242
120.550819
125.700040
147.283740
150.779641
186.677529
189.664177
190.295822
183.582407
213.120858
217.334995
113.209982
103.580886
109.562767
111.413644
115.412304
114.745370
140.508007
127.469604
129.924978
141.531799
143.670630
134.258147
140.929947
147.462707
144.676363
150.046659
150.046659
152.820156
151.162165
151.162165
133.962681
130.096118
130.667517
140.616500
130.084588
130.172962
126.935023
129.106545
128.811878
126.942901
132.183584
130.224806
130.776527
128.142499
125.101958
124.717681
127.438220
139.414849
148.312171
154.901582
162.980060
160.643238
146.308749
151.902107
151.529700
151.031454
148.568166
149.941655
142.451746
141.564473
143.459053
149.621188
138.861442
135.116616
126.974407
126.832567
100.580813
104.940459
104.271281
102.208121
106.134349
108.933466
116.800043
109.592427
106.246176
102.883429
100.319490
97.529483
89.470666
91.903482
82.707315
84.007440
77.841184
75.134879
78.294317
75.584390
81.407923
86.609757
84.007440
87.334128
85.400527
84.464490
82.257219
77.461281
81.958831
78.270365
80.089013
79.827940
82.525754
82.355935
84.832187
83.513472
83.285653
84.216982
88.307701
79.323704
166.241541
166.722074
167.207207
167.207207
167.696899
169.930133
169.440993
165.593629
166.827006
165.958579
168.191112
164.537230
160.457159
159.099026
161.333506
166.266353
162.118784
146.500853
75.581082
71.808774
75.316001
73.092407
76.606136
73.051352
74.635782
67.885934
66.966409
67.708936
69.357768
77.152446
77.152446
74.070912
74.016890
72.266867
71.389775
69.602442
78.920846
68.647651
79.577007
79.765281
72.225342
77.707786
79.577007
81.464716
78.208056
80.090574
80.015623
80.848624
84.454130
85.290679
79.577007
81.464716
80.439418
82.319500
84.216982
80.947514
81.807701
83.692891
80.811509
82.671035
77.346622
78.208056
80.811509
78.577987
79.451243
73.746186
77.346622
78.208056
71.711226
74.259680
72.556874
75.116576
69.198988
71.711226
70.032135
72.556874
67.900663
70.331359
68.938378
69.760304
67.264404
69.803295
66.981341
68.501825
64.517440
66.981341
62.100725
65.700076
64.517440
65.333759
68.938378
85.396136
64.903775
64.594891
67.974260
70.060688
63.674956
65.897648
62.948392
65.057667
65.897648
72.128358
62.996032
63.737744
65.821729
61.518290
62.229414
62.948392
62.325757
63.075352
62.549980
63.075352
66.921596
67.708936
72.804533
71.501748
71.151247
66.426651
67.055947
68.952882
73.242747
72.377483
78.539799
79.451243
80.364793
79.451243
81.427882
84.454130
75.818863
78.501592
76.708865
80.294769
76.356074
76.689308
74.163670
79.544013
77.751206
85.195364
82.598426
85.513157
81.758792
