0.000000
3.605551
4.123106
4.609772
4.924429
3.535534
7.158911
10.111874
9.055385
9.513149
11.101802
9.192388
10.111874
10.198039
11.543396
12.539936
12.369317
13.152946
11.543396
13.829317
13.285330
12.747549
13.341664
16.031220
14.080128
18.200275
21.965883
20.130822
19.235384
20.988092
18.828170
17.585505
16.620770
20.396078
19.416488
16.620770
16.492423
20.012496
20.886599
20.260800
15.976545
16.770510
18.069311
16.867128
20.886599
18.200275
17.262677
23.345235
20.880613
20.081086
19.313208
22.276669
21.476732
18.553975
15.652476
13.829317
15.700318
19.906029
21.840330
16.688319
13.341664
15.524175
11.884864
12.257651
16.278821
12.083046
12.500000
16.194135
15.572412
15.132746
17.464249
12.369317
13.729530
12.816006
10.307764
11.423660
12.747549
12.854960
12.369317
12.165525
9.823441
11.101802
8.246211
14.713939
15.532225
9.000000
12.298374
18.248288
19.026298
22.141590
18.741665
21.708293
14.577380
24.331050
22.192341
17.356555
23.021729
25.597851
23.086793
20.500000
23.537205
23.648467
25.223997
23.926972
23.086793
21.708293
21.731314
14.534442
15.652476
15.297059
15.508062
15.660460
12.539936
12.903488
11.045361
9.656604
9.013878
7.280110
6.670832
3.807887
5.500000
5.147815
6.103278
5.830952
8.200610
7.106335
6.946222
4.609772
6.082763
2.121320
6.020797
2.549510
3.905125
2.915476
5.852350
3.535534
1.581139
3.535534
11.768602
10.606602
13.009612
10.012492
10.688779
13.341664
14.008926
14.035669
13.009612
11.597414
13.462912
11.704700
12.649111
18.337121
18.200275
14.866069
15.041609
16.347783
10.295630
10.295630
8.062258
8.246211
9.708244
10.735455
9.013878
9.708244
6.103278
9.552487
7.500000
9.899495
11.926860
11.510864
11.510864
9.192388
12.529964
16.507574
14.849242
24.515301
84.628600
82.537870
86.052310
89.434333
86.880665
88.617154
86.501445
89.938868
88.670739
90.311959
88.670739
90.311959
88.827079
90.553851
92.143909
89.567014
89.700892
88.827079
90.644912
92.521619
91.490437
92.521619
88.477398
88.025564
91.292114
88.729927
88.090862
86.366950
84.417119
86.297451
89.817871
87.900512
81.610355
82.826626
80.603970
84.403791
81.100247
85.000000
83.117387
84.902886
84.749631
82.097503
78.900253
80.163895
81.024688
80.448741
82.234421
81.541401
81.124904
78.717851
80.993827
80.032806
81.917642
84.257047
83.501497
86.314831
82.537870
85.276022
85.119034
82.850769
85.041167
86.123458
85.276022
83.482034
85.529235
87.863531
86.828855
87.911888
86.452299
86.938196
83.737686
84.257047
85.529235
85.796270
84.765854
85.146932
87.070374
84.504438
86.501445
87.488571
88.154694
86.828855
86.828855
87.114867
87.488571
86.679006
87.488571
87.114867
86.742435
85.330241
85.796270
88.569182
84.386018
85.041167
86.036330
83.943433
82.711849
82.007622
83.800358
81.444767
80.207543
81.565924
82.392354
83.302161
84.958814
84.185806
84.958814
82.619610
84.442288
84.960285
84.386018
83.033126
80.984566
85.606659
84.060990
82.270894
84.007440
81.758792
82.328610
83.033126
82.392354
78.600254
80.919713
82.270894
80.984566
82.392354
83.254129
81.524536
81.001543
81.524536
81.624139
82.147733
78.600254
80.120222
83.356164
82.007622
81.303444
81.946629
79.577007
79.964054
79.260646
80.481364
80.280757
79.882727
78.906590
78.525474
79.807581
80.207543
76.697458
80.700062
80.400560
78.705146
79.701004
79.506289
80.908899
82.226820
78.805139
80.400560
78.200064
80.822336
80.984566
83.868945
82.778318
80.741873
81.444767
83.630138
84.335639
80.537258
81.241923
83.737686
84.504438
83.800358
87.705473
82.328610
85.295076
82.537870
80.103059
8.902247
10.124228
10.688779
11.543396
12.589678
11.280514
12.539936
9.708244
9.013878
7.017834
9.513149
8.077747
8.015610
7.905694
7.566373
5.700877
3.640055
1.581139
4.609772
4.272002
4.031129
4.301163
5.099020
5.220153
5.315073
1.581139
2.549510
3.605551
6.576473
14.080128
9.823441
12.257651
16.492423
14.577380
12.854960
13.009612
15.508062
15.532225
12.500000
15.787653
15.508062
16.530275
13.500000
11.510864
13.000000
14.430870
16.278821
14.773287
13.656500
15.811388
15.041609
16.763055
15.787653
19.235384
15.508062
15.074813
16.378339
12.257651
14.807093
11.045361
13.583078
15.524175
13.601471
16.155494
18.248288
13.462912
17.007351
17.720045
15.652476
16.101242
15.508062
12.971122
12.349089
13.892444
15.206906
14.866069
11.629703
11.629703
13.209845
12.419742
11.926860
13.209845
14.577380
14.089003
14.560220
16.224981
12.903488
15.041609
13.829317
14.508618
16.278821
82.100548
87.387070
84.257047
83.408633
85.428333
86.916627
85.616879
83.715291
86.130715
85.036757
85.700058
84.023806
87.005747
89.202018
86.523118
85.513157
86.523118
85.400527
88.005682
82.129471
83.804833
81.304981
83.815273
87.374195
82.419658
85.505848
86.552007
83.600239
90.102719
85.207101
82.006097
82.975900
93.319344
93.236259
90.027773
89.253851
88.090862
91.752384
88.103632
86.609757
87.847880
88.814413
85.909836
86.552007
88.940992
90.156808
93.319344
91.800054
86.400231
91.439871
89.902725
85.908381
88.409558
87.847880
89.724579
88.629848
88.005682
85.513157
85.349282
89.724579
93.713660
88.408144
94.880188
92.100489
93.521388
91.501366
87.311225
94.335836
89.505586
95.210294
91.400219
91.915722
89.403579
88.600226
88.200057
88.408144
95.603347
88.629848
88.714429
92.223912
94.493386
89.505586
90.102719
92.800862
90.603532
89.956934
89.956934
88.804561
88.501412
89.202018
88.501412
87.144994
86.880665
87.311225
91.521855
90.202550
86.523118
92.617493
89.022469
89.918018
90.852903
90.700055
88.302038
86.501445
90.700055
86.297451
89.810912
91.609224
88.900225
87.070374
85.400527
92.500000
92.533778
89.300056
88.704566
87.711174
91.100220
89.700892
87.618491
89.700892
88.865066
88.629848
90.000000
90.975271
90.512430
93.115520
88.005682
86.916627
87.847880
88.005682
84.811556
86.916627
87.927527
83.006024
88.302038
87.200917
82.800966
88.200057
83.868945
84.334157
86.442177
85.276022
80.400560
78.920846
82.013718
82.006097
80.603970
81.610355
77.950305
81.100247
80.537258
80.919713
81.513803
81.444767
82.596913
83.737686
80.156098
82.328610
82.548471
81.565924
84.926439
85.295076
82.392354
80.537258
82.134037
82.548471
80.430094
81.303444
84.291162
82.219219
82.924665
81.055537
82.007622
82.462113
82.924665
85.330241
83.321666
81.891697
82.270894
82.596913
84.879326
82.439372
84.252596
84.219950
84.193230
81.513803
82.651376
82.807005
81.624139
83.959812
80.431648
87.362749
84.219950
81.624139
83.302161
82.392354
83.868945
82.548471
83.212078
84.926439
83.356164
84.193230
83.302161
85.295076
83.212078
81.186514
84.335639
83.882358
83.546394
80.103059
81.444767
84.120449
82.537870
84.219950
85.091128
87.414244
85.208568
84.997059
86.742435
84.665518
85.746720
84.765854
84.335639
84.386018
84.007440
83.416126
83.033126
84.060990
85.702975
83.737686
84.335639
84.257047
83.013553
82.500000
82.975900
84.926439
82.779828
81.565924
81.444767
81.917642
83.585286
84.442288
87.157903
86.655929
86.655929
83.085799
84.291162
84.559151
85.212968
14.326549
13.756816
14.326549
13.756816
11.672618
9.013878
9.055385
10.770330
7.632169
9.013878
7.382412
9.848858
8.902247
13.462912
11.313708
13.901439
13.038405
11.067972
10.404326
9.300538
4.716991
7.382412
8.514693
6.082763
6.708204
8.514693
8.732125
8.631338
5.700877
4.609772
8.062258
3.640055
7.500000
6.964194
7.071068
7.648529
6.519202
8.062258
4.123106
5.000000
6.264982
7.433034
7.632169
7.017834
5.024938
5.500000
8.000000
4.000000
6.000000
6.708204
7.000000
5.408327
4.609772
5.700877
7.905694
6.264982
2.828427
3.535534
4.301163
2.915476
9.124144
8.246211
12.539936
14.080128
12.020815
12.500000
11.661904
12.257651
12.649111
16.568042
15.435349
14.916434
12.980755
15.231546
19.906029
14.300350
12.500000
17.269916
9.013878
10.547512
11.101802
12.971122
11.401754
9.013878
8.860023
9.486833
14.866069
10.404326
12.539936
12.093387
10.735455
13.453624
13.892444
13.729530
15.264338
15.231546
14.008926
14.230249
16.155494
17.066048
14.577380
15.692355
17.677670
18.788294
18.343936
16.560495
15.692355
14.080128
18.309833
14.577380
13.865425
14.326549
16.918924
17.867568
15.882380
12.093387
13.756816
15.182226
15.231546
13.209845
12.349089
11.853270
13.729530
15.231546
16.007811
17.755281
12.658989
15.041609
26.076810
27.802878
23.005434
22.671568
24.413111
28.853076
25.739075
17.677670
19.006578
18.200275
22.192341
20.615528
21.224985
19.448650
20.796634
21.029741
22.209232
21.708293
22.022716
23.753947
26.315395
28.714108
29.261750
28.469282
30.700163
29.538111
26.504717
26.575365
26.631748
24.839485
24.397746
23.817011
20.303941
23.690715
23.430749
19.144190
20.000000
19.293781
19.474342
20.112185
20.402206
18.821530
20.229928
22.901965
21.639085
21.592823
19.137659
20.402206
22.203603
18.337121
18.721645
18.384776
18.117671
17.888544
11.884864
17.029386
11.011358
13.901439
11.510864
14.142136
8.077747
10.965856
3.807887
11.423660
9.013878
3.201562
10.965856
8.602325
6.184658
8.746428
12.103718
