0.000000
22.051077
22.051077
22.051077
22.051077
24.046829
24.005208
24.005208
24.046829
24.046829
26.119916
26.119916
26.043233
27.000000
27.518176
29.567719
29.068884
31.196955
30.761177
28.071338
30.203477
30.265492
29.107559
28.504386
26.172505
26.730133
24.418231
22.073740
24.135037
22.455512
23.632605
21.000000
22.022716
23.690715
22.945588
24.046829
25.578311
25.000000
23.000000
24.000000
22.500000
22.500000
20.554805
21.523243
20.006249
21.523243
21.552262
21.005952
19.000000
22.022716
20.024984
22.090722
20.303941
21.023796
22.090722
23.086793
22.588714
25.504901
25.044960
22.588714
25.044960
22.505555
23.005434
22.141590
22.022716
21.289669
19.729420
21.868928
20.796634
20.597330
23.194827
22.588714
20.303941
20.554805
18.741665
21.644861
22.852790
24.253866
23.632605
20.155644
21.708293
20.988092
22.141590
21.377558
18.248288
21.587033
24.026028
24.824383
23.837995
23.345235
22.638463
19.163768
19.729420
22.090722
21.592823
24.005208
24.500000
24.020824
25.243811
24.046829
27.294688
24.581497
24.005208
23.584953
22.588714
22.051077
23.547824
22.000000
23.086793
21.505813
21.213203
22.090722
23.005434
21.552262
22.022716
23.135471
20.223748
20.597330
24.418231
25.495098
24.331050
23.537205
24.026028
24.331050
21.708293
19.906029
20.597330
20.597330
19.602296
20.597330
19.235384
20.524376
21.644861
20.024984
22.051077
19.557607
20.000000
21.023796
19.506409
22.522211
22.141590
23.690715
22.549945
18.560711
20.886599
20.796634
16.124515
17.755281
16.620770
15.700318
17.951323
20.396078
21.213203
18.248288
23.162470
21.783021
20.500000
21.224985
19.924859
17.356555
19.416488
23.345235
23.436083
25.894015
21.587033
23.048861
18.927493
22.360680
22.945588
23.648467
21.708293
22.852790
20.402206
21.289669
24.135037
22.677081
23.345235
23.194827
25.243811
23.837995
20.500000
19.319679
18.828170
21.783021
19.906029
20.796634
17.564168
18.027756
21.148286
20.500000
21.053503
22.141590
20.000000
18.110770
18.110770
20.155644
19.163768
18.062392
18.248288
18.172782
18.607794
19.525624
19.557607
18.248288
19.163768
21.289669
21.377558
23.162470
24.738634
25.480385
25.985573
23.345235
27.504545
26.043233
25.675864
24.738634
23.717082
21.095023
17.846568
16.194135
17.720045
22.141590
20.718349
22.455512
26.683328
18.337121
20.130822
18.607794
21.783021
20.223748
19.659603
20.718349
18.927493
19.319679
21.377558
18.668155
19.235384
19.300259
19.608672
18.821530
20.886599
21.213203
19.163768
18.439089
18.248288
17.846568
19.602296
18.927493
18.607794
18.927493
18.200275
21.023796
21.148286
20.396078
20.130822
20.500000
21.470911
21.914607
22.051077
21.272047
23.409400
21.242646
23.307724
21.476732
21.691012
23.264780
22.655022
23.048861
21.360009
23.505319
20.248457
21.691012
15.231546
19.500000
16.867128
20.426698
19.780040
18.200275
16.620770
16.977927
15.572412
15.890249
15.660460
16.286497
16.378339
17.464249
17.066048
16.500000
13.509256
14.000000
13.038405
16.007811
13.086252
16.194135
16.007811
17.564168
16.688319
19.811613
18.553975
18.927493
18.973666
17.846568
20.303941
18.741665
18.741665
18.027756
19.059119
21.708293
21.552262
20.554805
17.613915
20.024984
22.638463
22.770595
20.554805
23.307724
24.166092
21.360009
23.505319
21.213203
24.505102
22.500000
20.353132
21.005952
20.591260
19.962465
17.867568
21.077239
20.303941
18.527007
15.976545
16.770510
17.557050
19.300259
19.163768
17.951323
21.644861
21.189620
18.828170
19.678669
19.697716
19.313208
18.607794
17.677670
20.573041
20.155644
16.807736
19.608672
16.807736
17.670597
17.007351
16.807736
15.882380
18.601075
14.637281
16.770510
18.741665
18.248288
20.012496
17.867568
20.651876
19.906029
20.056171
23.048861
24.020824
26.617663
26.086395
29.300171
64.629715
46.567156
48.664669
52.787309
53.835397
53.893413
56.535387
59.356971
61.400326
67.418469
71.611801
29.618406
28.182441
27.101660
30.663496
26.706741
31.216983
38.121516
74.284924
69.794341
67.601775
69.300072
68.836763
69.039844
70.507092
69.231496
63.186233
56.608303
54.020829
39.156736
44.229515
42.854405
44.102154
48.210476
46.596674
21.552262
23.505319
27.018512
28.284271
26.730133
25.739075
22.051077
25.109759
25.932605
26.800187
26.315395
23.769729
23.264780
23.926972
25.223997
23.264780
20.742469
21.029741
22.940139
24.989998
22.594247
25.739075
26.800187
23.505319
22.505555
20.223748
23.521267
25.622256
23.537205
24.500000
22.000000
25.544080
24.083189
24.046829
26.086395
25.401772
28.284271
27.000000
24.505102
26.000000
26.617663
24.129857
23.584953
26.518861
24.500000
25.578311
31.064449
26.019224
28.004464
29.017236
26.537709
29.398129
30.000000
26.100766
24.622145
22.940139
24.989998
22.005681
26.405492
24.423349
24.520400
25.495098
24.909837
24.026028
26.315395
26.076810
27.294688
28.935273
26.925824
26.172505
26.575365
27.554491
27.681221
28.040150
28.460499
27.681221
28.792360
28.692333
26.683328
28.783676
29.567719
30.207615
31.622777
51.655106
54.113307
56.180513
56.641416
54.230987
52.787309
56.073612
55.382759
53.106026
54.451814
54.776820
32.626676
32.760495
34.630189
34.003676
31.784430
30.041638
29.567719
31.320920
27.536340
30.103986
57.716982
56.720807
29.038767
27.540879
26.542419
25.544080
25.500000
26.504717
52.345009
26.076810
52.469038
51.792857
51.538820
50.039984
44.679414
47.066442
47.265209
48.041649
44.102154
45.044423
47.381431
47.817361
22.638463
22.638463
20.554805
20.000000
17.804494
19.474342
18.179659
21.592823
22.000000
22.549945
22.141590
23.000000
25.985573
24.418231
24.909837
24.026028
27.721833
24.505102
21.708293
22.051077
22.770595
21.708293
20.500000
20.718349
17.846568
19.525624
27.041635
20.718349
22.360680
23.086793
23.286262
25.480385
23.837995
25.283394
25.347584
23.853721
22.209232
13.000000
19.962465
19.500000
12.206556
17.613915
16.401219
16.650826
20.615528
18.200275
13.601471
46.295248
23.505319
30.870698
27.294688
27.771388
30.207615
30.450780
29.618406
27.064737
30.083218
23.286262
22.321514
20.130822
24.052027
23.048861
23.926972
22.388613
23.409400
22.561028
22.803509
21.224985
22.203603
26.305893
26.234519
25.622256
26.315395
25.622256
24.909837
24.824383
21.708293
27.372431
26.669271
28.517538
27.073973
27.540879
28.160256
27.721833
27.540879
29.504237
26.518861
25.019992
20.012496
19.906029
22.561028
18.343936
20.742469
19.137659
15.508062
15.976545
15.041609
16.101242
17.923448
19.241881
17.029386
16.688319
17.182840
19.557607
18.110770
20.796634
29.124732
23.759209
21.053503
18.828170
19.039433
18.027756
21.505813
18.069311
18.439089
14.000000
12.509996
11.011358
8.514693
10.307764
10.770330
15.337862
9.848858
17.585505
16.007811
54.520638
56.002232
48.510308
14.713939
49.365980
47.023930
11.629703
14.221463
14.560220
12.257651
48.626125
51.538820
47.668124
50.522272
50.561843
53.115440
55.056789
51.521840
53.584046
52.559490
56.055776
55.509008
56.535387
54.536685
55.056789
54.020829
53.688919
53.558379
52.009614
52.521424
52.060061
51.538820
52.538081
52.117655
50.539588
48.564390
50.509900
50.522272
47.002659
49.040799
49.010203
47.510525
48.510308
48.502577
50.500000
49.502525
50.022495
49.010203
52.021630
53.502336
50.500000
50.502475
49.590826
49.040799
49.022954
49.510100
50.009999
51.088159
53.084838
53.021222
51.061238
50.539588
47.502632
47.542087
44.070965
44.525274
42.526462
40.577087
44.570169
39.080046
44.102154
41.647329
44.229515
41.800120
41.800120
43.603326
39.550601
41.012193
43.046487
43.545953
43.525854
42.526462
43.011626
42.002976
41.512046
42.511763
42.502941
43.002907
46.043458
42.011903
44.002841
47.066442
48.023432
47.000000
47.010637
46.510751
45.024993
45.044423
45.099889
47.042534
49.040799
47.594643
46.067885
48.523190
15.206906
13.729530
13.086252
14.637281
14.221463
15.532225
14.221463
17.507141
16.007811
17.528548
17.029386
17.528548
23.759209
24.824383
17.951323
18.172782
15.206906
13.829317
15.206906
16.031220
15.033296
15.628500
14.035669
16.124515
16.070159
17.356555
15.524175
13.756816
17.356555
14.080128
14.560220
15.041609
17.557050
17.392527
16.620770
16.446884
16.763055
14.705441
14.317821
14.560220
14.713939
14.430870
13.086252
13.829317
12.658989
11.543396
14.577380
13.086252
15.700318
15.628500
13.038405
14.807093
17.356555
18.248288
