0.000000
3.500000
3.500000
3.500000
3.500000
4.500000
3.500000
3.500000
3.500000
3.500000
3.500000
3.500000
3.640055
3.500000
2.500000
2.500000
3.500000
5.590170
5.500000
4.472136
5.220153
5.590170
3.535534
3.807887
4.301163
2.915476
2.549510
2.692582
3.201562
3.354102
4.031129
4.031129
4.031129
5.024938
6.020797
6.184658
6.519202
7.648529
6.184658
7.433034
7.280110
8.544004
8.732125
8.732125
8.732125
8.077747
7.762087
7.158911
7.280110
7.280110
5.590170
6.500000
6.946222
8.200610
6.800735
7.632169
6.264982
6.964194
6.500000
5.830952
20.248457
5.000000
3.605551
2.236068
2.828427
2.828427
5.385165
2.236068
2.236068
3.162278
3.162278
4.472136
3.605551
5.000000
3.905125
3.605551
5.000000
5.315073
4.609772
5.408327
6.264982
7.158911
7.158911
7.905694
6.964194
7.762087
6.800735
8.062258
8.000000
5.385165
6.082763
4.743416
2.915476
3.354102
3.905125
4.031129
2.915476
3.807887
5.147815
5.000000
5.000000
5.830952
5.000000
5.000000
5.656854
5.656854
5.408327
5.408327
6.363961
5.147815
6.041523
6.670832
6.576473
7.566373
8.062258
8.246211
9.055385
8.544004
7.615773
7.615773
6.708204
6.708204
6.020797
4.949747
4.743416
3.535534
3.535534
3.535534
3.535534
4.527693
3.535534
4.500000
3.500000
3.162278
3.041381
1.802776
3.201562
2.500000
2.061553
1.500000
1.118034
1.802776
2.692582
3.201562
3.905125
5.000000
6.020797
4.949747
5.700877
6.363961
4.949747
4.609772
3.500000
3.807887
4.716991
3.605551
3.162278
2.500000
2.915476
2.692582
1.500000
2.000000
0.500000
0.707107
1.802776
2.549510
4.031129
6.020797
6.576473
7.071068
6.708204
7.433034
6.500000
6.800735
8.062258
7.158911
6.103278
6.403124
6.020797
3.807887
6.020797
3.807887
5.590170
3.905125
3.905125
5.385165
3.605551
6.103278
3.201562
1.802776
2.121320
2.549510
1.118034
2.549510
1.118034
2.061553
1.000000
0.707107
1.802776
1.118034
1.581139
3.000000
4.527693
4.609772
4.031129
6.041523
5.852350
5.147815
6.041523
4.716991
6.363961
6.103278
5.000000
4.949747
5.000000
4.031129
4.301163
5.147815
4.272002
2.915476
3.354102
3.905125
3.162278
3.807887
3.201562
3.905125
2.915476
3.354102
2.500000
2.500000
2.549510
2.500000
2.549510
2.121320
2.500000
3.535534
3.201562
3.535534
3.807887
5.656854
4.716991
5.000000
5.000000
5.000000
5.590170
6.041523
8.276473
7.615773
8.246211
7.158911
7.280110
9.055385
7.516648
7.158911
7.648529
6.184658
5.700877
5.385165
4.123106
4.924429
2.500000
4.031129
4.472136
2.500000
3.605551
3.605551
4.716991
4.716991
5.590170
4.609772
3.162278
4.301163
4.031129
3.640055
3.500000
4.609772
4.500000
3.640055
3.000000
3.162278
3.041381
3.354102
4.123106
2.828427
2.061553
1.414214
1.414214
2.500000
1.802776
1.802776
1.000000
1.802776
1.118034
1.118034
1.000000
2.500000
2.061553
3.041381
3.162278
4.031129
4.272002
6.000000
5.000000
4.924429
4.609772
5.700877
7.826238
10.124228
11.067972
11.543396
11.236103
12.020815
11.510864
11.280514
44.322680
76.550637
75.493377
73.077014
71.867934
5.522681
4.272002
3.905125
4.301163
6.264982
6.363961
6.264982
6.519202
6.519202
6.264982
7.433034
6.403124
7.211103
6.103278
8.746428
9.013878
8.944272
9.219544
8.077747
8.860023
9.219544
8.077747
6.184658
6.670832
6.184658
4.272002
4.716991
4.716991
4.272002
6.184658
4.716991
8.276473
8.321658
8.746428
4.272002
6.800735
6.082763
6.082763
6.324555
7.158911
6.670832
6.184658
6.184658
6.519202
9.124144
9.617692
8.381527
7.500000
11.926860
11.884864
23.264780
13.124405
11.543396
10.547512
7.017834
8.139410
8.381527
7.433034
7.433034
7.158911
5.220153
8.321658
7.158911
5.220153
4.031129
6.020797
4.272002
6.500000
7.826238
9.178780
6.800735
6.800735
6.020797
7.433034
8.139410
7.826238
11.101802
6.500000
5.220153
7.017834
5.500000
6.800735
6.576473
6.576473
7.566373
6.576473
5.852350
8.077747
8.077747
5.500000
5.852350
7.158911
3.640055
4.716991
5.590170
5.500000
5.852350
4.031129
4.924429
6.264982
6.800735
6.264982
7.158911
7.762087
10.307764
7.566373
6.576473
5.500000
6.576473
8.500000
9.013878
9.013878
9.013878
9.013878
6.800735
6.800735
6.576473
4.609772
5.590170
4.609772
4.924429
3.905125
4.031129
1.500000
1.802776
1.500000
2.692582
2.692582
1.802776
1.802776
2.692582
3.041381
4.924429
4.609772
4.609772
4.609772
4.609772
3.500000
3.905125
3.354102
2.500000
3.041381
3.905125
4.609772
4.609772
4.609772
4.609772
3.905125
4.609772
2.061553
3.201562
5.408327
3.640055
3.640055
4.609772
4.609772
4.609772
