0.000000
4.924429
2.692582
7.632169
9.394147
8.077747
8.062258
8.544004
10.295630
7.280110
9.219544
7.071068
6.103278
6.946222
4.609772
8.200610
6.500000
8.139410
7.500000
8.139410
11.884864
9.178780
12.257651
7.648529
6.670832
5.147815
5.024938
2.000000
4.472136
4.242641
7.211103
8.062258
5.147815
5.147815
3.535534
2.549510
1.581139
1.118034
1.581139
0.707107
2.000000
1.000000
2.236068
0.000000
1.000000
2.828427
1.000000
1.414214
3.162278
1.000000
2.236068
2.236068
2.000000
3.605551
3.162278
3.605551
3.162278
2.236068
1.414214
2.000000
3.162278
2.500000
2.061553
1.118034
1.500000
1.802776
2.500000
4.609772
3.201562
3.640055
2.692582
2.500000
3.500000
3.640055
4.500000
3.500000
4.609772
5.500000
6.576473
7.500000
9.552487
4.500000
5.590170
4.609772
4.500000
5.852350
4.500000
4.609772
2.500000
2.692582
3.640055
2.692582
7.433034
5.408327
3.905125
4.609772
5.408327
3.640055
5.590170
2.692582
4.609772
3.640055
2.061553
2.692582
3.354102
4.716991
2.692582
1.000000
1.000000
3.162278
1.000000
1.000000
1.414214
2.236068
0.000000
2.000000
1.414214
3.000000
7.071068
8.246211
9.219544
8.062258
7.433034
8.015610
9.013878
10.111874
9.340771
10.049876
10.198039
10.049876
12.041595
14.142136
15.132746
12.165525
12.000000
15.033296
18.000000
16.031220
16.000000
16.124515
18.439089
16.031220
19.416488
17.029386
17.000000
14.317821
15.033296
17.029386
18.000000
17.000000
17.000000
20.024984
20.000000
16.124515
18.110770
16.000000
13.000000
16.000000
17.000000
13.341664
11.045361
10.198039
11.280514
13.009612
13.009612
11.543396
9.552487
9.552487
7.566373
6.800735
6.800735
5.852350
4.500000
4.924429
3.201562
4.031129
2.828427
3.605551
4.000000
5.830952
5.099020
5.000000
3.162278
4.472136
3.605551
3.162278
3.807887
5.099020
3.162278
4.123106
2.236068
4.123106
1.414214
0.000000
0.000000
1.802776
1.802776
3.201562
1.118034
0.500000
5.220153
2.500000
3.905125
4.500000
5.315073
6.576473
4.609772
3.905125
5.408327
3.905125
8.077747
8.500000
9.708244
8.077747
9.604686
6.946222
10.062306
8.381527
8.139410
9.013878
11.011358
12.010412
11.011358
9.013878
9.340771
9.124144
8.514693
10.606602
8.015610
10.307764
11.101802
9.340771
9.013878
10.111874
11.011358
10.012492
11.101802
11.101802
8.381527
9.013878
9.124144
8.381527
7.158911
8.139410
7.017834
8.015610
6.184658
7.158911
6.500000
6.020797
6.519202
7.648529
11.884864
12.816006
15.660460
14.705441
13.462912
12.816006
8.514693
7.516648
12.747549
14.230249
18.560711
16.286497
14.326549
16.446884
13.656500
13.656500
14.230249
12.509996
10.124228
7.516648
12.980755
15.182226
14.089003
15.508062
14.508618
13.583078
14.508618
14.916434
12.020815
12.020815
14.089003
10.511898
11.800424
13.462912
12.379418
8.500000
9.219544
10.049876
9.486833
9.055385
10.049876
10.049876
8.485281
7.071068
9.300538
9.617692
10.977249
10.124228
11.510864
13.435029
14.577380
15.041609
16.710775
17.755281
14.603082
17.464249
20.814658
7.211103
9.486833
7.211103
11.280514
12.589678
13.509256
16.688319
14.508618
17.846568
16.918924
19.780040
18.553975
18.200275
18.580904
16.770510
21.476732
19.780040
24.253866
22.073740
19.163768
28.231188
24.351591
26.000000
27.513633
22.472205
23.409400
25.298221
23.119256
24.989998
25.347584
24.052027
24.989998
25.811819
21.708293
23.963514
19.474342
22.743131
24.418231
23.817011
20.229928
22.276669
23.113849
24.703239
22.743131
24.964975
25.811819
21.360009
24.377243
18.821530
21.731314
19.500000
20.500000
19.300259
20.892582
19.608672
21.965883
19.906029
20.130822
22.321514
24.253866
23.690715
21.100948
19.416488
17.846568
18.553975
14.807093
14.773287
14.080128
11.101802
7.017834
8.500000
8.246211
6.800735
6.576473
4.609772
4.949747
4.123106
6.020797
5.852350
3.605551
3.000000
1.414214
3.162278
1.000000
3.162278
2.236068
3.162278
2.236068
1.414214
4.123106
4.000000
2.236068
4.123106
7.211103
4.123106
4.242641
2.236068
1.414214
5.656854
5.000000
4.123106
6.082763
6.082763
4.123106
6.082763
4.472136
6.000000
7.071068
8.485281
6.403124
5.099020
7.810250
10.000000
6.403124
7.810250
12.083046
7.211103
11.704700
9.433981
11.661904
14.317821
10.630146
10.965856
10.965856
8.139410
7.158911
6.020797
6.403124
4.472136
4.000000
5.385165
5.385165
5.099020
3.605551
3.162278
6.264982
5.852350
6.576473
6.500000
11.629703
22.360680
22.561028
22.360680
23.345235
23.086793
23.086793
19.235384
20.396078
20.024984
20.000000
21.023796
23.264780
21.476732
20.742469
21.289669
19.525624
17.867568
17.585505
17.356555
16.918924
22.561028
19.235384
21.377558
22.203603
21.095023
21.377558
23.086793
22.203603
21.377558
23.690715
24.824383
25.179357
22.090722
24.186773
25.317978
26.172505
25.000000
27.518176
26.518861
27.018512
28.284271
26.476405
24.331050
24.083189
31.016125
36.124784
39.204592
33.376639
35.128336
55.036352
53.000000
53.009433
55.036352
54.083269
53.084838
56.000000
55.145263
56.080300
57.035077
58.008620
57.078893
54.451814
53.338541
54.147945
52.345009
53.460266
49.497475
50.159745
51.788030
52.773099
53.338541
54.230987
55.326305
55.731499
56.885851
51.351728
54.744863
48.662100
50.447993
51.195703
50.447993
48.507731
50.219518
48.836462
50.447993
51.923020
50.447993
51.923020
52.630789
53.366656
53.758720
54.120237
53.450912
53.851648
53.160135
55.713553
54.781384
53.488316
54.129474
53.665631
131.125894
54.120237
54.203321
57.775427
132.834483
59.506302
57.245087
132.483961
58.180753
57.271284
134.647688
57.697487
133.270402
133.719856
135.506457
132.834483
132.412235
134.718224
131.228808
131.483839
132.412235
130.648383
130.598622
131.487642
130.598622
131.946959
132.834483
131.061054
132.003788
132.412235
132.412235
134.164079
135.532284
134.647688
134.614264
134.182711
133.281657
131.487642
130.188325
130.678996
131.590273
131.095385
128.809938
129.282636
129.711218
128.825463
129.251692
131.061054
130.176803
128.413395
128.362767
129.711218
129.769026
130.648383
134.238594
135.694510
134.825814
132.969921
135.118467
136.952547
135.532284
136.077184
135.694510
58.008620
58.309519
99.322706
95.131488
92.048900
133.195345
132.774244
140.527577
137.800581
137.753403
141.620973
143.716735
142.697232
138.609163
140.008928
139.479389
135.795803
139.393328
57.554322
79.569152
87.385640
65.155583
70.514183
42.086221
113.583670
106.279114
111.437202
118.139748
57.502174
39.654760
50.044980
57.135803
45.853026
55.894991
60.301327
67.173283
69.180922
126.142776
130.613935
138.924440
145.962324
151.162165
160.580976
164.335784
172.186672
181.989698
184.694342
189.465036
196.163197
201.526673
208.925824
214.972091
220.327030
226.645097
236.400085
239.169396
243.402958
251.321010
253.705045
260.096617
262.160733
266.961139
272.600899
277.200289
283.114818
285.490805
293.482538
296.138481
299.793262
301.478026
303.169919
305.439028
311.512440
314.014331
313.805672
316.537518
322.818835
321.636441
325.189176
324.003086
322.262316
316.493681
309.078065
304.965982
304.875794
302.049665
299.723206
294.278779
290.167193
281.618536
279.485241
270.765581
267.344347
261.030650
259.665169
