0.000000
6.519202
6.519202
7.000000
6.000000
6.519202
6.964194
5.700877
5.700877
6.576473
6.800735
6.576473
8.077747
6.500000
7.500000
8.139410
7.433034
7.158911
7.071068
7.017834
7.017834
8.544004
6.800735
8.246211
7.615773
7.280110
8.381527
8.062258
8.015610
8.015610
8.015610
8.015610
7.017834
7.017834
7.017834
7.017834
8.015610
8.015610
7.017834
7.017834
7.017834
7.017834
7.017834
7.017834
7.158911
8.139410
7.762087
6.576473
8.732125
8.077747
7.905694
6.800735
7.158911
7.158911
7.158911
7.158911
6.264982
7.158911
9.823441
8.860023
9.823441
9.340771
6.103278
8.000000
8.000000
8.500000
8.015610
7.566373
9.124144
9.013878
7.516648
5.590170
8.062258
8.732125
8.732125
8.077747
8.860023
9.013878
9.394147
9.861541
9.861541
9.013878
8.732125
8.246211
8.015610
7.158911
7.017834
7.500000
7.566373
8.077747
7.566373
7.071068
7.017834
6.082763
5.852350
7.516648
6.519202
25.700195
7.516648
28.714108
27.613403
28.504386
6.184658
6.184658
4.031129
6.082763
5.830952
6.519202
1.500000
6.020797
8.139410
11.011358
8.139410
1.581139
5.220153
4.000000
3.640055
5.147815
2.915476
4.743416
0.707107
3.807887
3.535534
5.522681
5.522681
6.041523
4.500000
7.000000
3.905125
5.408327
4.031129
4.031129
3.162278
7.017834
5.590170
6.519202
6.264982
6.800735
5.852350
5.220153
6.020797
6.103278
8.902247
9.899495
3.041381
6.103278
5.220153
5.700877
17.564168
20.597330
19.729420
18.607794
19.557607
16.620770
16.500000
54.150254
17.500000
6.726812
6.020797
6.946222
7.211103
6.946222
6.946222
8.732125
5.590170
7.500000
7.632169
6.708204
8.485281
7.826238
6.670832
7.648529
8.139410
6.500000
6.946222
6.500000
6.500000
8.381527
10.124228
7.615773
10.295630
9.848858
10.404326
8.902247
8.514693
8.200610
10.630146
7.500000
10.295630
9.219544
8.485281
6.519202
7.433034
7.810250
6.726812
8.276473
7.905694
9.552487
8.200610
5.590170
4.924429
4.031129
3.905125
4.609772
2.236068
2.000000
2.061553
1.802776
1.500000
2.500000
1.118034
3.041381
3.905125
2.500000
5.315073
5.000000
5.000000
7.826238
4.609772
6.103278
6.500000
6.264982
5.590170
6.708204
6.500000
5.315073
6.800735
6.500000
5.830952
5.830952
6.500000
8.062258
9.552487
7.500000
7.810250
11.011358
12.041595
11.672618
9.899495
12.093387
13.453624
12.747549
10.124228
11.101802
13.209845
13.038405
12.349089
13.038405
12.727922
12.806248
13.200379
12.041595
11.661904
13.901439
13.313527
9.013878
9.178780
11.672618
9.604686
12.041595
11.661904
11.629703
13.038405
12.816006
10.965856
13.729530
15.041609
16.140012
18.506756
17.356555
21.005952
23.005434
24.253866
27.041635
27.408940
28.635642
31.894357
30.364453
29.546573
32.310989
33.811980
35.923530
35.418921
34.828150
36.417715
30.232433
31.088583
24.824383
24.191941
23.711811
24.622145
24.824383
28.111386
38.265520
37.406550
17.442764
17.240940
10.511898
13.601471
14.534442
13.946326
12.747549
13.209845
11.423660
46.930800
52.117655
57.212324
60.299254
68.117545
86.145226
87.173677
90.534524
110.419654
92.349878
98.393343
99.730888
110.730529
123.840623
156.029645
165.904340
154.231158
129.604205
133.788079
140.304134
139.797175
151.823088
158.960687
176.580010
178.958794
181.163600
184.036002
184.978377
187.771137
188.957667
188.175450
189.676040
192.391528
196.113488
195.285688
196.571870
195.116632
191.213232
189.517809
191.441897
190.213038
191.316492
189.095214
187.096232
187.580649
193.841430
189.980262
189.911822
219.855634
232.405895
231.409810
230.413758
210.761714
209.872580
212.339351
212.897276
212.398211
215.522621
