309 23 94 67
315 46 94 67
321 75 94 67
329 108 94 67
333 140 94 67
331 158 94 67
323 150 94 67
319 127 94 67
315 100 94 67
304 75 94 67
277 55 94 67
252 45 94 67
235 39 94 67
218 33 94 67
207 34 94 67
205 40 94 67
206 53 94 67
214 71 94 67
223 94 94 67
234 118 94 67
247 137 94 67
212 147 94 67
219 129 94 67
233 95 94 67
242 76 94 67
283 46 94 67
265 32 94 67
245 25 94 67
238 20 94 67
235 20 94 67
240 26 94 67
249 36 94 67
263 50 94 67
280 71 94 67
301 98 94 67
329 129 94 67
353 161 94 67
375 183 94 67
394 188 94 67
413 176 94 67
430 153 94 67
428 135 94 67
405 120 94 67
371 112 94 67
345 109 94 67
332 103 94 67
323 98 94 67
316 96 94 67
313 96 94 67
314 102 94 67
322 114 94 67
336 132 94 67
344 153 94 67
346 167 94 67
351 165 94 67
358 147 94 67
374 127 94 67
389 103 94 67
395 78 94 67
394 53 94 67
376 29 94 67
355 14 94 67
345 4 94 67
345 0 94 67
343 0 94 67
339 3 94 67
338 11 94 67
343 25 94 67
353 41 94 67
366 60 94 67
