3.640054944640259
2.0615528128088303
2.5
3.605551275463989
3.905124837953327
2.692582403567252
4.527692569068709
5.70087712549569
12.816005617976296
11.853269591129697
13.901438774457844
7.615773105863909
5.70087712549569
5.408326913195984
4.949747468305833
8.602325267042627
4.031128874149275
5.1478150704935
12.816005617976296
11.280514172678478
11.76860229593982
13.729530217745982
13.601470508735444
10.51189802081432
6.18465843842649
5.656854249492381
8.845903006477066
4.6097722286464435
8.860022573334675
10.111874208078342
14.080127840328723
15.890248582070704
15.787653403846944
13.285330255586423
13.656500283747663
10.700467279516348
8.077747210701755
8.077747210701755
8.631338250816034
7.280109889280518
6.363961030678928
4.031128874149275
4.527692569068709
4.242640687119285
5.0
5.0
5.024937810560445
5.5901699437494745
5.5901699437494745
4.272001872658765
5.0
4.716990566028302
5.70087712549569
6.324555320336759
7.566372975210778
9.5
11.597413504743201
11.672617529928752
12.093386622447824
12.165525060596439
8.200609733428363
8.32165848854662
9.82344135219425
8.381527307120106
7.211102550927978
9.340770846134703
11.543396380615196
12.041594578792296
12.5
11.10180165558726
9.12414379544733
8.139410298049853
7.280109889280518
7.615773105863909
10.111874208078342
12.041594578792296
13.509256086106296
12.747548783981962
13.152946437965905
10.688779163215974
12.5
17.528548142958105
7.0178344238090995
5.852349955359813
11.5
19.5
23.837994882120434
28.935272592460574
26.443335644354704
15.787653403846944
20.71834935510066
17.755280904564703
22.588713996153036
19.60229578391266
19.525624189766635
21.592822881689184
22.699118925632334
21.592822881689184
23.286262044390035
24.82438317461282
25.985572920372565
30.103986446980738
34.44198019858905
38.939054944875075
42.61748467472007
48.57211133973898
53.115440316352455
58.208676329220886
62.659795722616266
68.39042330619105
72.34120540881248
77.28680353074515
81.24807690031808
84.09667056429761
86.96694774453108
88.95645001909642
92.04482603601356
97.12491956238625
98.23568598019764
102.32912586355852
103.45167954170681
107.55115062146011
113.2486203006465
115.02717070327341
118.0614246907092
121.14660540023398
124.03426945808162
127.0216516976535
129.01356517824007
129.84798804756275
128.9282746336117
129.77865772152214
129.84798804756275
128.85068878356842
128.96995774210365
130.05479614377933
131.05056276109616
130.15087398861368
127.16622979391974
127.89155562428662
126.89464133681926
125.89777599306511
123.90419686193039
123.90419686193039
122.40914998479485
119.50732195141852
119.41942890501528
116.52038448271615
113.44161493913951
108.46197490364999
106.38138934982942
103.4842983258813
99.50376877284599
95.63472172804185
93.64827814754524
86.70063436907483
80.62257748298549
76.53103945458993
71.56814934033156
65.76473218982953
61.0
55.10898293381942
51.19570294468082
47.29693436154187
42.44997055358225
37.36308338453881
32.28002478313795
27.51363298439521
23.53720459187964
21.587033144922902
14.317821063276353
15.231546211727817
15.0
17.0
17.92344832893492
17.95132307101624
20.59732992404598
25.53918557824427
33.32041416309227
39.38591118661596
41.270449476592816
47.940066750057824
53.48130514488217
60.11031525453847
65.20927848090331
68.96557112066861
77.85403008194245
81.81228514104713
88.88335052190595
96.46890690787369
99.36422897602537
107.61621625015442
114.68325945838826
119.76330823753993
122.74465365139127
131.9137976104092
136.7707936658993
141.4681943052925
149.30254518929007
155.2908561377649
160.2817831196047
165.2187943304272
171.45626264444235
176.63804799646084
184.69434208984313
190.67249408344142
198.4943324127921
204.47982785595258
213.19005605327843
219.22819161777528
225.22211259110415
230.17601960239037
237.30360300678117
244.3460660620506
246.20316813558676
246.0995733437992
250.01799935204664
250.01799935204664
250.04999500099976
255.04901489713697
255.03137061938085
240.05207768315609
244.05122413132864
250.01799935204664
254.00787389370433
261.00766272276377
264.0075756488817
270.0074073057997
270.0074073057997
274.0456166407337
274.02919552485645
274.0164228654918
278.0071941515183
278.0071941515183
281.00177935379696
281.0284683088174
286.04370295463593
286.02797066021355
287.0069685565143
287.0435507026765
290.06206232459976
294.1874402485599
296.35493921984835
301.34905010635094
301.34905010635094
304.29960565206125
309.34002327535956
314.33461470223097
319.329375410406
322.3728431490469
327.86658872169335
