85 202 35 131
88 196 35 131
91 195 35 131
97 196 35 131
103 196 35 131
106 199 35 131
110 199 35 131
113 204 35 131
115 213 35 131
119 212 35 131
124 212 35 131
125 204 35 131
125 200 35 131
128 206 35 131
130 206 35 131
136 210 35 131
139 206 35 131
144 205 35 131
149 212 35 131
150 211 35 131
152 212 35 131
151 213 35 131
151 212 35 131
156 209 35 131
162 205 35 131
163 202 35 131
165 205 35 131
171 201 35 131
175 205 35 131
178 206 35 131
180 209 35 131
182 210 35 131
185 209 35 131
186 209 35 131
188 208 35 131
192 205 35 131
197 201 35 131
202 199 35 131
207 198 35 131
213 198 35 131
219 199 35 131
223 194 35 131
230 196 35 131
230 195 35 131
233 194 35 131
236 193 35 131
241 193 35 131
245 194 35 131
251 192 35 131
257 193 35 131
262 195 35 131
266 196 35 131
271 196 35 131
275 196 35 131
278 195 35 131
280 194 35 131
283 193 35 131
288 193 35 131
293 193 35 131
298 193 35 131
307 196 35 131
314 198 35 131
320 200 35 131
324 199 35 131
326 198 35 131
326 197 35 131
329 195 35 131
334 197 35 131
338 198 35 131
345 197 35 131
350 197 35 131
355 200 35 131
359 201 35 131
363 201 35 131
364 200 35 131
365 200 35 131
369 200 35 131
373 199 35 131
377 199 35 131
382 199 35 131
383 198 35 131
378 197 35 131
396 205 35 131
390 200 35 131
384 198 35 131
376 198 35 131
368 202 35 131
362 208 35 131
364 206 35 131
368 206 35 131
363 200 35 131
360 200 35 131
355 201 35 131
350 202 35 131
350 205 35 131
348 206 35 131
347 207 35 131
348 208 35 131
347 212 35 131
346 214 35 131
347 219 35 131
344 222 35 131
339 222 35 131
334 222 35 131
330 222 35 131
324 223 35 131
319 224 35 131
314 225 35 131
310 226 35 131
304 225 35 131
300 225 35 131
295 225 35 131
291 225 35 131
288 224 35 131
285 223 35 131
283 223 35 131
280 224 35 131
278 225 35 131
277 226 35 131
276 227 35 131
275 228 35 131
273 229 35 131
272 228 35 131
273 229 35 131
274 228 35 131
277 227 35 131
282 226 35 131
288 226 35 131
296 226 35 131
305 226 35 131
314 225 35 131
322 225 35 131
330 224 35 131
337 224 35 131
343 223 35 131
346 223 35 131
349 223 35 131
353 224 35 131
356 224 35 131
359 224 35 131
363 225 35 131
368 225 35 131
374 225 35 131
380 225 35 131
386 225 35 131
394 226 35 131
400 225 35 131
406 225 35 131
412 224 35 131
417 224 35 131
419 223 35 131
420 224 35 131
419 224 35 131
415 223 35 131
409 223 35 131
405 222 35 131
401 221 35 131
397 220 35 131
396 221 35 131
395 221 35 131
397 222 35 131
399 221 35 131
403 221 35 131
407 221 35 131
412 221 35 131
417 220 35 131
422 219 35 131
425 216 35 131
427 212 35 131
429 212 35 131
430 211 35 131
430 209 35 131
432 212 35 131
433 215 35 131
432 217 35 131
437 219 35 131
439 222 35 131
441 224 35 131
459 217 35 131
462 216 35 131
464 216 35 131
468 216 35 131
471 215 35 131
473 215 35 131
476 216 35 131
479 215 35 131
483 215 35 131
487 214 35 131
491 213 35 131
494 213 35 131
497 212 35 131
500 212 35 131
504 212 35 131
506 212 35 131
509 212 35 131
513 214 35 131
516 215 35 131
520 214 35 131
524 214 35 131
528 214 35 131
533 214 35 131
538 213 35 131
541 213 35 131
546 214 35 131
551 215 35 131
557 215 35 131
562 215 35 131
568 215 35 131
575 215 35 131
581 216 35 131
587 216 35 131
592 215 35 131
598 215 35 131
602 214 35 131
603 210 35 131
603 207 35 131
603 203 35 131
603 197 35 131
603 195 35 131
603 194 35 131
603 195 35 131
584 193 35 131
588 193 35 131
591 193 35 131
595 194 35 131
599 194 35 131
602 194 35 131
603 194 35 131
603 194 35 131
603 194 35 131
603 195 35 131
603 196 35 131
603 197 35 131
603 197 35 131
603 195 35 131
603 198 35 131
603 198 35 131
603 197 35 131
603 195 35 131
603 198 35 131
603 197 35 131
603 197 35 131
603 196 35 131
603 196 35 131
603 196 35 131
603 196 35 131
603 197 35 131
603 199 35 131
603 200 35 131
603 202 35 131
603 201 35 131
