121 68 114 162
123 66 114 162
123 65 114 162
123 65 114 162
122 65 114 162
122 65 114 162
122 65 114 162
121 65 114 162
121 65 114 162
120 66 114 162
119 67 114 162
119 67 114 162
118 68 114 162
116 69 114 162
114 70 114 162
112 71 114 162
109 72 114 162
106 73 114 162
103 74 114 162
100 74 114 162
98 71 114 162
93 81 114 162
94 72 114 162
94 71 114 162
93 71 114 162
93 68 114 162
93 65 114 162
93 61 114 162
94 60 114 162
93 57 114 162
92 58 114 162
92 56 114 162
92 55 114 162
92 55 114 162
93 55 114 162
93 55 114 162
94 55 114 162
95 55 114 162
97 55 114 162
98 54 114 162
100 54 114 162
102 54 114 162
104 54 114 162
106 54 114 162
108 53 114 162
112 54 114 162
114 53 114 162
117 54 114 162
119 54 114 162
121 55 114 162
124 56 114 162
126 57 114 162
127 59 114 162
128 60 114 162
133 61 114 162
134 63 114 162
136 63 114 162
137 65 114 162
137 68 114 162
138 71 114 162
139 75 114 162
140 77 114 162
140 80 114 162
140 81 114 162
140 81 114 162
140 83 114 162
140 86 114 162
141 87 114 162
142 91 114 162
143 93 114 162
144 93 114 162
145 94 114 162
145 94 114 162
145 94 114 162
145 94 114 162
145 96 114 162
143 94 114 162
142 92 114 162
142 93 114 162
140 88 114 162
139 82 114 162
141 79 114 162
139 83 114 162
139 77 114 162
138 77 114 162
137 77 114 162
136 78 114 162
135 77 114 162
133 79 114 162
132 79 114 162
131 79 114 162
130 79 114 162
128 79 114 162
127 79 114 162
126 79 114 162
125 80 114 162
124 80 114 162
124 80 114 162
123 80 114 162
123 80 114 162
121 80 114 162
121 80 114 162
121 80 114 162
120 79 114 162
120 79 114 162
120 79 114 162
120 79 114 162
120 79 114 162
120 79 114 162
120 80 114 162
120 80 114 162
120 80 114 162
120 80 114 162
120 80 114 162
120 80 114 162
120 81 114 162
120 81 114 162
120 81 114 162
121 81 114 162
121 81 114 162
120 82 114 162
120 82 114 162
120 82 114 162
120 82 114 162
120 82 114 162
120 82 114 162
120 82 114 162
120 81 114 162
120 81 114 162
120 81 114 162
120 82 114 162
120 82 114 162
120 81 114 162
120 81 114 162
120 81 114 162
120 79 114 162
119 78 114 162
119 77 114 162
119 76 114 162
119 78 114 162
119 78 114 162
119 78 114 162
119 78 114 162
119 78 114 162
119 78 114 162
118 78 114 162
118 77 114 162
117 77 114 162
117 78 114 162
116 78 114 162
117 77 114 162
117 77 114 162
117 76 114 162
117 76 114 162
117 76 114 162
116 76 114 162
116 76 114 162
116 76 114 162
116 76 114 162
116 76 114 162
116 76 114 162
116 76 114 162
116 76 114 162
116 77 114 162
117 77 114 162
117 77 114 162
117 69 114 162
117 69 114 162
117 79 114 162
115 78 114 162
114 76 114 162
112 74 114 162
114 69 114 162
116 63 114 162
113 63 114 162
113 66 114 162
113 66 114 162
112 67 114 162
112 67 114 162
112 68 114 162
112 69 114 162
112 70 114 162
112 71 114 162
112 71 114 162
112 72 114 162
112 72 114 162
112 72 114 162
113 72 114 162
113 72 114 162
113 72 114 162
113 72 114 162
113 72 114 162
114 72 114 162
114 72 114 162
114 73 114 162
114 73 114 162
114 73 114 162
114 73 114 162
114 74 114 162
114 74 114 162
113 74 114 162
114 74 114 162
114 74 114 162
114 74 114 162
114 74 114 162
114 75 114 162
114 75 114 162
114 76 114 162
114 77 114 162
113 78 114 162
113 79 114 162
113 80 114 162
114 82 114 162
114 83 114 162
114 84 114 162
115 84 114 162
115 84 114 162
114 84 114 162
114 84 114 162
114 84 114 162
113 83 114 162
113 82 114 162
113 80 114 162
113 76 114 162
114 73 114 162
115 72 114 162
115 73 114 162
116 74 114 162
117 78 114 162
117 80 114 162
118 85 114 162
118 88 114 162
117 92 114 162
113 99 114 162
110 106 114 162
112 114 114 162
114 122 114 162
115 124 114 162
126 124 114 162
126 124 114 162
126 124 114 162
125 124 114 162
129 124 114 162
128 123 114 162
129 106 114 162
130 109 114 162
131 111 114 162
132 110 114 162
132 113 114 162
133 111 114 162
133 113 114 162
134 112 114 162
134 113 114 162
134 115 114 162
134 115 114 162
134 117 114 162
134 117 114 162
134 116 114 162
133 118 114 162
133 117 114 162
133 118 114 162
133 118 114 162
133 119 114 162
133 119 114 162
133 116 114 162
134 115 114 162
134 111 114 162
133 117 114 162
133 119 114 162
133 123 114 162
133 116 114 162
131 111 114 162
131 109 114 162
132 112 114 162
131 116 114 162
131 114 114 162
130 113 114 162
129 112 114 162
128 111 114 162
127 111 114 162
126 111 114 162
126 111 114 162
125 111 114 162
125 112 114 162
124 112 114 162
124 112 114 162
123 112 114 162
122 112 114 162
122 112 114 162
121 112 114 162
120 113 114 162
120 113 114 162
119 113 114 162
119 113 114 162
119 114 114 162
119 114 114 162
119 114 114 162
119 114 114 162
119 114 114 162
118 114 114 162
118 115 114 162
118 115 114 162
118 117 114 162
118 117 114 162
118 118 114 162
118 119 114 162
118 119 114 162
118 118 114 162
118 118 114 162
119 118 114 162
119 118 114 162
119 119 114 162
119 120 114 162
118 122 114 162
119 123 114 162
120 124 114 162
119 124 114 162
119 124 114 162
117 124 114 162
115 124 114 162
111 124 114 162
111 124 114 162
108 124 114 162
107 124 114 162
109 124 114 162
105 124 114 162
105 124 114 162
104 122 114 162
104 121 114 162
104 120 114 162
103 121 114 162
102 121 114 162
102 120 114 162
101 120 114 162
100 120 114 162
99 120 114 162
99 119 114 162
98 119 114 162
97 120 114 162
96 120 114 162
94 120 114 162
92 121 114 162
90 122 114 162
88 122 114 162
85 123 114 162
83 123 114 162
80 123 114 162
78 121 114 162
75 120 114 162
74 119 114 162
72 118 114 162
71 116 114 162
71 116 114 162
71 115 114 162
71 117 114 162
71 118 114 162
72 119 114 162
72 120 114 162
73 120 114 162
73 120 114 162
73 120 114 162
73 120 114 162
73 120 114 162
73 120 114 162
74 120 114 162
75 120 114 162
75 119 114 162
76 119 114 162
77 119 114 162
78 119 114 162
79 119 114 162
80 119 114 162
81 119 114 162
82 119 114 162
82 119 114 162
83 119 114 162
84 119 114 162
84 119 114 162
85 119 114 162
85 119 114 162
86 118 114 162
86 118 114 162
87 117 114 162
88 116 114 162
89 115 114 162
89 115 114 162
89 114 114 162
89 114 114 162
90 114 114 162
91 114 114 162
91 114 114 162
92 114 114 162
92 114 114 162
92 114 114 162
93 113 114 162
93 113 114 162
93 113 114 162
93 113 114 162
94 112 114 162
94 113 114 162
94 113 114 162
94 113 114 162
95 114 114 162
97 112 114 162
98 112 114 162
99 112 114 162
100 113 114 162
100 114 114 162
102 115 114 162
103 116 114 162
102 117 114 162
100 121 114 162
99 122 114 162
100 118 114 162
99 119 114 162
99 120 114 162
98 120 114 162
99 121 114 162
99 122 114 162
99 124 114 162
99 124 114 162
99 124 114 162
99 124 114 162
99 124 114 162
98 124 114 162
98 124 114 162
99 124 114 162
97 123 114 162
98 123 114 162
99 123 114 162
101 122 114 162
102 120 114 162
101 120 114 162
102 114 114 162
102 110 114 162
101 104 114 162
100 101 114 162
101 101 114 162
100 98 114 162
98 98 114 162
97 96 114 162
99 99 114 162
97 98 114 162
97 91 114 162
97 88 114 162
97 92 114 162
97 88 114 162
98 85 114 162
99 82 114 162
100 78 114 162
100 75 114 162
100 73 114 162
100 72 114 162
100 72 114 162
100 72 114 162
101 71 114 162
101 72 114 162
101 72 114 162
101 73 114 162
100 73 114 162
100 73 114 162
100 73 114 162
99 74 114 162
100 73 114 162
100 74 114 162
100 74 114 162
100 74 114 162
100 74 114 162
100 74 114 162
100 74 114 162
100 75 114 162
100 74 114 162
100 74 114 162
100 74 114 162
100 74 114 162
100 73 114 162
100 73 114 162
100 73 114 162
100 72 114 162
100 72 114 162
100 72 114 162
100 72 114 162
100 72 114 162
99 73 114 162
99 73 114 162
99 73 114 162
101 73 114 162
101 73 114 162
101 73 114 162
101 73 114 162
101 73 114 162
100 73 114 162
100 72 114 162
100 72 114 162
100 72 114 162
100 72 114 162
100 72 114 162
100 72 114 162
100 72 114 162
98 76 114 162
99 77 114 162
100 74 114 162
101 74 114 162
100 75 114 162
100 75 114 162
101 75 114 162
101 75 114 162
99 75 114 162
98 78 114 162
99 78 114 162
99 77 114 162
98 77 114 162
97 77 114 162
95 78 114 162
95 78 114 162
93 77 114 162
92 77 114 162
91 76 114 162
91 75 114 162
91 75 114 162
90 75 114 162
90 75 114 162
89 75 114 162
88 76 114 162
86 77 114 162
86 77 114 162
86 77 114 162
86 77 114 162
85 78 114 162
85 78 114 162
83 80 114 162
83 80 114 162
86 80 114 162
85 80 114 162
84 80 114 162
83 81 114 162
83 81 114 162
84 82 114 162
83 82 114 162
83 82 114 162
83 82 114 162
82 82 114 162
82 82 114 162
83 82 114 162
82 82 114 162
82 82 114 162
82 82 114 162
82 82 114 162
82 81 114 162
82 82 114 162
81 82 114 162
81 82 114 162
81 82 114 162
81 81 114 162
81 81 114 162
81 80 114 162
81 80 114 162
81 80 114 162
81 80 114 162
81 80 114 162
81 80 114 162
81 80 114 162
81 80 114 162
81 80 114 162
81 82 114 162
81 82 114 162
82 82 114 162
81 84 114 162
81 84 114 162
81 84 114 162
81 84 114 162
81 84 114 162
82 83 114 162
82 84 114 162
82 84 114 162
82 85 114 162
82 85 114 162
82 85 114 162
82 86 114 162
83 88 114 162
83 91 114 162
84 92 114 162
82 96 114 162
83 102 114 162
81 103 114 162
78 109 114 162
75 119 114 162
72 124 114 162
72 124 114 162
68 124 114 162
65 124 114 162
65 120 114 162
67 114 114 162
68 118 114 162
68 119 114 162
68 120 114 162
68 120 114 162
68 119 114 162
68 120 114 162
68 120 114 162
68 120 114 162
68 120 114 162
68 121 114 162
68 121 114 162
68 122 114 162
69 122 114 162
69 121 114 162
69 121 114 162
69 119 114 162
70 117 114 162
69 121 114 162
68 119 114 162
69 120 114 162
69 119 114 162
69 117 114 162
69 115 114 162
69 114 114 162
69 114 114 162
68 113 114 162
68 113 114 162
68 112 114 162
68 111 114 162
68 111 114 162
68 111 114 162
67 112 114 162
67 112 114 162
67 110 114 162
67 109 114 162
67 109 114 162
67 108 114 162
67 108 114 162
67 108 114 162
67 108 114 162
67 108 114 162
67 107 114 162
67 108 114 162
67 108 114 162
67 108 114 162
67 108 114 162
67 108 114 162
67 108 114 162
67 109 114 162
66 109 114 162
66 109 114 162
67 108 114 162
67 107 114 162
67 107 114 162
66 109 114 162
66 109 114 162
67 108 114 162
67 108 114 162
67 108 114 162
67 108 114 162
67 108 114 162
67 108 114 162
67 106 114 162
67 106 114 162
67 107 114 162
67 107 114 162
67 107 114 162
67 108 114 162
67 108 114 162
67 108 114 162
68 108 114 162
67 108 114 162
67 108 114 162
67 109 114 162
67 109 114 162
68 111 114 162
66 111 114 162
65 112 114 162
63 112 114 162
62 114 114 162
60 116 114 162
60 118 114 162
57 124 114 162
55 124 114 162
55 124 114 162
55 124 114 162
53 124 114 162
50 124 114 162
48 123 114 162
47 121 114 162
45 116 114 162
45 110 114 162
41 110 114 162
38 110 114 162
36 108 114 162
37 99 114 162
41 88 114 162
40 94 114 162
42 93 114 162
42 91 114 162
42 89 114 162
43 87 114 162
46 86 114 162
48 86 114 162
49 85 114 162
50 83 114 162
52 80 114 162
53 78 114 162
53 77 114 162
53 75 114 162
53 73 114 162
54 73 114 162
53 71 114 162
53 71 114 162
53 70 114 162
53 69 114 162
53 68 114 162
53 69 114 162
53 69 114 162
53 69 114 162
54 68 114 162
54 68 114 162
54 68 114 162
54 68 114 162
54 69 114 162
54 69 114 162
54 69 114 162
54 69 114 162
55 69 114 162
55 69 114 162
55 69 114 162
56 68 114 162
57 68 114 162
58 68 114 162
59 67 114 162
60 67 114 162
60 67 114 162
61 67 114 162
62 67 114 162
63 67 114 162
65 67 114 162
66 67 114 162
68 66 114 162
69 66 114 162
70 65 114 162
71 65 114 162
72 65 114 162
72 65 114 162
73 65 114 162
73 65 114 162
73 65 114 162
74 65 114 162
73 63 114 162
73 61 114 162
74 60 114 162
75 60 114 162
75 59 114 162
75 59 114 162
75 59 114 162
75 59 114 162
76 59 114 162
76 58 114 162
76 58 114 162
76 58 114 162
76 58 114 162
76 58 114 162
76 58 114 162
76 59 114 162
75 58 114 162
74 58 114 162
72 57 114 162
71 56 114 162
70 56 114 162
69 57 114 162
68 56 114 162
68 54 114 162
67 55 114 162
67 56 114 162
68 56 114 162
69 57 114 162
70 61 114 162
71 62 114 162
71 59 114 162
70 61 114 162
72 69 114 162
72 78 114 162
70 89 114 162
68 100 114 162
65 113 114 162
66 124 114 162
59 124 114 162
60 124 114 162
55 124 114 162
54 124 114 162
52 124 114 162
53 124 114 162
54 124 114 162
54 124 114 162
55 124 114 162
55 124 114 162
55 124 114 162
56 124 114 162
57 124 114 162
57 124 114 162
59 124 114 162
60 124 114 162
61 124 114 162
62 124 114 162
63 124 114 162
63 124 114 162
63 123 114 162
64 122 114 162
65 118 114 162
66 113 114 162
66 111 114 162
67 122 114 162
67 121 114 162
69 122 114 162
68 123 114 162
71 123 114 162
69 124 114 162
73 116 114 162
76 114 114 162
77 114 114 162
78 117 114 162
81 114 114 162
84 111 114 162
86 110 114 162
89 106 114 162
92 104 114 162
94 102 114 162
95 99 114 162
96 98 114 162
98 97 114 162
100 95 114 162
102 93 114 162
104 91 114 162
103 92 114 162
104 91 114 162
105 90 114 162
106 89 114 162
107 89 114 162
108 90 114 162
108 90 114 162
109 91 114 162
109 91 114 162
109 91 114 162
109 91 114 162
110 91 114 162
110 91 114 162
110 91 114 162
110 91 114 162
110 91 114 162
110 91 114 162
110 91 114 162
110 91 114 162
110 92 114 162
109 92 114 162
109 92 114 162
108 93 114 162
107 93 114 162
105 93 114 162
104 94 114 162
103 93 114 162
102 93 114 162
100 93 114 162
99 92 114 162
98 92 114 162
97 92 114 162
96 92 114 162
95 91 114 162
94 91 114 162
94 91 114 162
93 91 114 162
93 92 114 162
92 91 114 162
91 91 114 162
89 90 114 162
87 90 114 162
85 91 114 162
84 91 114 162
83 91 114 162
80 91 114 162
78 90 114 162
77 91 114 162
78 92 114 162
78 94 114 162
79 97 114 162
81 99 114 162
83 101 114 162
83 104 114 162
83 108 114 162
85 112 114 162
86 115 114 162
87 118 114 162
89 120 114 162
92 122 114 162
93 122 114 162
