139 113 51 36
140 115 51 36
140 116 51 36
140 118 51 36
140 119 51 36
140 119 51 36
139 119 51 36
139 119 51 36
139 119 51 36
139 119 51 36
139 119 51 36
138 119 51 36
138 119 51 36
138 119 51 36
138 119 51 36
138 118 51 36
138 118 51 36
138 117 51 36
138 117 51 36
138 116 51 36
138 116 51 36
138 115 51 36
138 114 51 36
138 114 51 36
139 114 51 36
139 113 51 36
139 113 51 36
140 112 51 36
140 111 51 36
141 111 51 36
142 110 51 36
142 110 51 36
143 110 51 36
143 110 51 36
144 110 51 36
145 110 51 36
147 109 51 36
149 109 51 36
151 109 51 36
154 109 51 36
157 109 51 36
160 109 51 36
163 110 51 36
165 111 51 36
167 112 51 36
169 114 51 36
171 114 51 36
172 114 51 36
175 113 51 36
177 111 51 36
179 109 51 36
181 108 51 36
183 106 51 36
184 106 51 36
185 105 51 36
186 104 51 36
187 103 51 36
188 103 51 36
189 103 51 36
190 104 51 36
190 104 51 36
191 105 51 36
192 106 51 36
192 106 51 36
192 107 51 36
191 107 51 36
191 107 51 36
191 108 51 36
191 108 51 36
191 108 51 36
191 108 51 36
191 108 51 36
190 108 51 36
189 108 51 36
188 108 51 36
187 108 51 36
186 108 51 36
185 108 51 36
184 108 51 36
183 107 51 36
182 107 51 36
181 106 51 36
180 106 51 36
179 106 51 36
178 106 51 36
177 106 51 36
176 106 51 36
175 105 51 36
175 104 51 36
174 105 51 36
174 106 51 36
174 106 51 36
173 107 51 36
172 107 51 36
171 108 51 36
171 108 51 36
171 109 51 36
171 110 51 36
171 111 51 36
171 111 51 36
171 110 51 36
171 110 51 36
170 109 51 36
169 108 51 36
169 108 51 36
168 109 51 36
168 109 51 36
167 109 51 36
167 109 51 36
167 110 51 36
166 110 51 36
166 110 51 36
166 111 51 36
165 110 51 36
165 110 51 36
165 109 51 36
165 108 51 36
165 108 51 36
165 107 51 36
165 106 51 36
165 105 51 36
165 104 51 36
165 102 51 36
165 101 51 36
165 100 51 36
165 99 51 36
165 97 51 36
164 96 51 36
165 95 51 36
165 94 51 36
165 93 51 36
165 93 51 36
166 92 51 36
166 91 51 36
166 91 51 36
166 90 51 36
166 90 51 36
166 89 51 36
166 89 51 36
166 88 51 36
167 87 51 36
167 87 51 36
167 86 51 36
167 86 51 36
167 86 51 36
167 85 51 36
166 85 51 36
166 85 51 36
166 85 51 36
166 85 51 36
165 85 51 36
165 84 51 36
165 83 51 36
165 83 51 36
166 82 51 36
166 82 51 36
166 82 51 36
167 82 51 36
167 82 51 36
167 82 51 36
167 82 51 36
167 82 51 36
167 82 51 36
168 81 51 36
167 81 51 36
167 81 51 36
167 81 51 36
167 81 51 36
167 81 51 36
167 81 51 36
166 84 51 36
166 85 51 36
166 85 51 36
166 85 51 36
166 85 51 36
166 87 51 36
166 88 51 36
166 89 51 36
166 89 51 36
166 89 51 36
166 91 51 36
166 92 51 36
167 93 51 36
167 94 51 36
167 95 51 36
168 96 51 36
168 97 51 36
169 98 51 36
169 99 51 36
169 101 51 36
169 102 51 36
170 103 51 36
170 104 51 36
170 105 51 36
170 106 51 36
171 106 51 36
171 107 51 36
171 108 51 36
171 109 51 36
171 110 51 36
172 110 51 36
172 111 51 36
172 112 51 36
172 113 51 36
172 114 51 36
172 115 51 36
173 116 51 36
173 116 51 36
173 117 51 36
173 118 51 36
173 119 51 36
173 120 51 36
173 121 51 36
173 122 51 36
173 123 51 36
173 125 51 36
173 126 51 36
173 128 51 36
173 130 51 36
173 131 51 36
173 133 51 36
173 134 51 36
173 134 51 36
173 135 51 36
173 136 51 36
172 136 51 36
172 137 51 36
172 137 51 36
172 138 51 36
172 138 51 36
172 139 51 36
172 139 51 36
172 139 51 36
172 139 51 36
172 139 51 36
172 139 51 36
172 138 51 36
172 138 51 36
171 136 51 36
171 135 51 36
171 134 51 36
170 131 51 36
169 129 51 36
169 126 51 36
169 124 51 36
169 122 51 36
168 120 51 36
168 119 51 36
168 117 51 36
169 116 51 36
169 115 51 36
169 114 51 36
169 114 51 36
169 114 51 36
169 113 51 36
168 113 51 36
167 112 51 36
166 111 51 36
165 111 51 36
164 110 51 36
163 109 51 36
163 108 51 36
163 107 51 36
163 106 51 36
163 105 51 36
164 104 51 36
164 103 51 36
164 101 51 36
164 100 51 36
164 99 51 36
164 99 51 36
164 98 51 36
164 98 51 36
165 98 51 36
166 98 51 36
166 98 51 36
166 98 51 36
167 98 51 36
168 98 51 36
169 98 51 36
169 98 51 36
170 98 51 36
170 98 51 36
170 98 51 36
170 97 51 36
170 97 51 36
170 97 51 36
170 97 51 36
170 97 51 36
170 97 51 36
171 97 51 36
171 97 51 36
170 97 51 36
170 97 51 36
170 97 51 36
170 97 51 36
169 97 51 36
169 97 51 36
169 97 51 36
169 97 51 36
169 97 51 36
170 97 51 36
170 97 51 36
170 97 51 36
171 97 51 36
171 96 51 36
171 96 51 36
171 96 51 36
172 96 51 36
172 95 51 36
172 95 51 36
173 95 51 36
173 95 51 36
173 95 51 36
173 95 51 36
173 95 51 36
173 95 51 36
173 95 51 36
174 95 51 36
174 95 51 36
175 95 51 36
176 95 51 36
176 95 51 36
177 94 51 36
178 94 51 36
179 94 51 36
180 94 51 36
180 94 51 36
180 94 51 36
181 94 51 36
181 94 51 36
181 94 51 36
182 94 51 36
182 94 51 36
183 95 51 36
184 95 51 36
184 95 51 36
184 95 51 36
185 95 51 36
185 95 51 36
185 95 51 36
186 95 51 36
186 96 51 36
186 96 51 36
185 96 51 36
185 96 51 36
185 96 51 36
185 97 51 36
185 97 51 36
185 98 51 36
185 98 51 36
185 98 51 36
185 98 51 36
185 99 51 36
185 99 51 36
185 99 51 36
186 99 51 36
186 99 51 36
187 99 51 36
187 99 51 36
188 99 51 36
188 99 51 36
188 99 51 36
189 99 51 36
189 99 51 36
189 99 51 36
190 99 51 36
190 99 51 36
190 99 51 36
191 99 51 36
191 99 51 36
191 99 51 36
191 99 51 36
192 99 51 36
192 99 51 36
192 100 51 36
193 100 51 36
193 100 51 36
193 101 51 36
193 101 51 36
193 101 51 36
194 102 51 36
194 102 51 36
194 102 51 36
194 102 51 36
195 103 51 36
195 103 51 36
195 104 51 36
195 104 51 36
195 104 51 36
196 104 51 36
196 104 51 36
196 104 51 36
196 104 51 36
196 105 51 36
197 105 51 36
197 105 51 36
196 105 51 36
196 105 51 36
196 105 51 36
196 105 51 36
196 105 51 36
196 105 51 36
197 106 51 36
197 106 51 36
197 106 51 36
197 106 51 36
196 106 51 36
196 106 51 36
196 106 51 36
196 106 51 36
196 106 51 36
197 106 51 36
197 106 51 36
197 106 51 36
197 106 51 36
197 106 51 36
197 106 51 36
197 106 51 36
197 106 51 36
197 106 51 36
197 106 51 36
197 106 51 36
197 105 51 36
197 105 51 36
197 105 51 36
197 105 51 36
197 105 51 36
197 105 51 36
198 105 51 36
198 105 51 36
198 105 51 36
199 106 51 36
200 106 51 36
200 106 51 36
199 106 51 36
199 106 51 36
198 106 51 36
198 105 51 36
197 105 51 36
196 105 51 36
194 105 51 36
193 105 51 36
192 105 51 36
191 105 51 36
190 105 51 36
189 105 51 36
189 105 51 36
188 105 51 36
188 105 51 36
187 105 51 36
187 105 51 36
186 105 51 36
186 105 51 36
185 105 51 36
185 105 51 36
185 105 51 36
185 105 51 36
185 105 51 36
185 105 51 36
184 105 51 36
184 105 51 36
184 105 51 36
184 105 51 36
185 105 51 36
185 105 51 36
185 105 51 36
186 105 51 36
187 106 51 36
187 106 51 36
188 106 51 36
189 106 51 36
190 106 51 36
191 106 51 36
191 107 51 36
192 107 51 36
193 107 51 36
193 107 51 36
194 107 51 36
195 107 51 36
196 108 51 36
197 108 51 36
198 108 51 36
199 108 51 36
200 108 51 36
201 108 51 36
202 108 51 36
203 108 51 36
204 108 51 36
205 107 51 36
206 107 51 36
208 107 51 36
209 107 51 36
210 107 51 36
210 107 51 36
211 107 51 36
211 107 51 36
211 107 51 36
211 107 51 36
211 107 51 36
210 107 51 36
209 107 51 36
208 107 51 36
206 107 51 36
204 107 51 36
202 107 51 36
200 107 51 36
199 106 51 36
197 106 51 36
196 106 51 36
194 105 51 36
193 105 51 36
192 105 51 36
191 104 51 36
190 104 51 36
190 104 51 36
190 103 51 36
190 103 51 36
190 103 51 36
190 103 51 36
190 103 51 36
190 103 51 36
189 103 51 36
189 103 51 36
188 103 51 36
188 102 51 36
187 101 51 36
187 100 51 36
186 99 51 36
186 98 51 36
186 96 51 36
186 95 51 36
186 95 51 36
186 94 51 36
186 94 51 36
186 94 51 36
186 94 51 36
186 94 51 36
186 94 51 36
186 93 51 36
186 93 51 36
186 92 51 36
187 92 51 36
187 91 51 36
187 91 51 36
187 91 51 36
187 91 51 36
187 91 51 36
187 91 51 36
187 91 51 36
187 92 51 36
187 94 51 36
187 95 51 36
187 96 51 36
187 97 51 36
187 99 51 36
187 100 51 36
187 102 51 36
186 103 51 36
186 105 51 36
186 107 51 36
186 108 51 36
186 110 51 36
185 112 51 36
185 113 51 36
185 115 51 36
185 116 51 36
184 118 51 36
184 120 51 36
183 122 51 36
182 125 51 36
182 127 51 36
181 130 51 36
181 132 51 36
180 134 51 36
179 136 51 36
179 137 51 36
178 138 51 36
177 139 51 36
176 139 51 36
175 139 51 36
174 139 51 36
173 138 51 36
173 137 51 36
172 136 51 36
171 135 51 36
170 134 51 36
169 133 51 36
169 132 51 36
169 132 51 36
169 131 51 36
169 130 51 36
168 129 51 36
169 130 51 36
169 131 51 36
169 132 51 36
169 131 51 36
168 128 51 36
167 125 51 36
165 122 51 36
162 120 51 36
160 120 51 36
159 121 51 36
159 122 51 36
160 123 51 36
161 125 51 36
162 126 51 36
163 127 51 36
163 128 51 36
163 127 51 36
163 126 51 36
163 124 51 36
163 122 51 36
162 119 51 36
162 117 51 36
161 116 51 36
160 115 51 36
160 114 51 36
159 113 51 36
158 113 51 36
157 113 51 36
156 113 51 36
156 113 51 36
155 112 51 36
154 111 51 36
154 109 51 36
154 108 51 36
153 106 51 36
153 105 51 36
154 105 51 36
155 105 51 36
156 106 51 36
155 108 51 36
154 108 51 36
154 108 51 36
154 107 51 36
153 106 51 36
152 105 51 36
151 103 51 36
150 102 51 36
150 101 51 36
151 101 51 36
152 102 51 36
152 104 51 36
152 106 51 36
151 108 51 36
150 109 51 36
150 109 51 36
151 109 51 36
150 109 51 36
149 109 51 36
148 108 51 36
148 106 51 36
148 105 51 36
148 105 51 36
149 106 51 36
151 107 51 36
153 107 51 36
156 108 51 36
158 109 51 36
158 110 51 36
158 110 51 36
157 111 51 36
156 110 51 36
154 108 51 36
153 107 51 36
150 107 51 36
147 109 51 36
145 111 51 36
143 114 51 36
142 116 51 36
144 117 51 36
145 117 51 36
145 117 51 36
144 117 51 36
143 117 51 36
142 117 51 36
144 115 51 36
147 114 51 36
148 114 51 36
150 114 51 36
152 114 51 36
154 114 51 36
157 114 51 36
160 114 51 36
161 114 51 36
159 113 51 36
156 112 51 36
153 112 51 36
149 112 51 36
146 114 51 36
144 117 51 36
145 120 51 36
146 121 51 36
145 122 51 36
144 123 51 36
142 123 51 36
140 124 51 36
139 125 51 36
138 125 51 36
139 125 51 36
140 124 51 36
141 123 51 36
141 122 51 36
140 121 51 36
139 119 51 36
136 116 51 36
133 114 51 36
129 112 51 36
124 110 51 36
118 108 51 36
113 107 51 36
109 106 51 36
107 105 51 36
107 104 51 36
109 104 51 36
109 103 51 36
109 103 51 36
108 103 51 36
107 103 51 36
106 103 51 36
107 103 51 36
109 103 51 36
109 103 51 36
109 104 51 36
109 104 51 36
110 105 51 36
109 105 51 36
107 104 51 36
103 104 51 36
99 103 51 36
94 103 51 36
88 102 51 36
84 101 51 36
83 101 51 36
84 102 51 36
90 104 51 36
99 107 51 36
109 110 51 36
117 113 51 36
119 114 51 36
119 114 51 36
116 114 51 36
111 113 51 36
109 112 51 36
108 111 51 36
108 111 51 36
110 112 51 36
113 113 51 36
116 114 51 36
119 115 51 36
122 115 51 36
125 115 51 36
129 115 51 36
134 116 51 36
140 117 51 36
145 118 51 36
148 118 51 36
150 118 51 36
149 117 51 36
149 117 51 36
149 117 51 36
152 116 51 36
157 114 51 36
165 113 51 36
173 113 51 36
180 114 51 36
185 115 51 36
189 116 51 36
193 117 51 36
197 118 51 36
202 119 51 36
206 119 51 36
211 121 51 36
215 122 51 36
219 122 51 36
223 122 51 36
227 122 51 36
231 121 51 36
235 121 51 36
239 120 51 36
242 120 51 36
245 120 51 36
247 120 51 36
248 121 51 36
249 121 51 36
249 121 51 36
249 121 51 36
249 121 51 36
249 120 51 36
249 120 51 36
249 120 51 36
249 120 51 36
249 121 51 36
247 121 51 36
243 121 51 36
238 120 51 36
233 119 51 36
230 117 51 36
227 116 51 36
227 116 51 36
228 118 51 36
228 120 51 36
226 122 51 36
222 122 51 36
217 121 51 36
211 120 51 36
205 119 51 36
198 117 51 36
193 116 51 36
189 115 51 36
185 115 51 36
181 115 51 36
177 115 51 36
173 115 51 36
168 114 51 36
165 114 51 36
162 114 51 36
159 114 51 36
155 114 51 36
152 114 51 36
149 114 51 36
147 115 51 36
145 116 51 36
143 116 51 36
141 117 51 36
139 119 51 36
138 120 51 36
136 121 51 36
134 121 51 36
132 120 51 36
130 118 51 36
128 118 51 36
126 119 51 36
124 119 51 36
123 119 51 36
123 118 51 36
124 116 51 36
124 115 51 36
125 114 51 36
126 115 51 36
127 118 51 36
127 122 51 36
127 127 51 36
126 130 51 36
125 132 51 36
124 133 51 36
123 132 51 36
123 128 51 36
123 121 51 36
124 115 51 36
125 109 51 36
125 103 51 36
126 100 51 36
127 97 51 36
130 97 51 36
133 99 51 36
136 103 51 36
137 109 51 36
137 117 51 36
136 124 51 36
135 128 51 36
134 130 51 36
133 129 51 36
133 127 51 36
132 124 51 36
131 121 51 36
131 118 51 36
131 113 51 36
131 107 51 36
132 102 51 36
132 98 51 36
134 97 51 36
135 98 51 36
138 102 51 36
140 108 51 36
143 114 51 36
146 118 51 36
148 119 51 36
149 117 51 36
150 114 51 36
150 110 51 36
150 106 51 36
151 103 51 36
150 100 51 36
149 99 51 36
148 98 51 36
147 97 51 36
147 96 51 36
147 94 51 36
146 90 51 36
146 87 51 36
146 87 51 36
147 88 51 36
149 90 51 36
151 95 51 36
151 102 51 36
153 110 51 36
154 115 51 36
154 118 51 36
153 120 51 36
152 119 51 36
152 116 51 36
152 112 51 36
152 108 51 36
153 105 51 36
153 102 51 36
154 98 51 36
155 93 51 36
156 91 51 36
156 92 51 36
157 96 51 36
157 103 51 36
157 114 51 36
155 127 51 36
154 139 51 36
154 146 51 36
154 146 51 36
152 141 51 36
150 134 51 36
149 127 51 36
149 118 51 36
149 108 51 36
150 101 51 36
150 95 51 36
151 93 51 36
151 94 51 36
150 100 51 36
148 109 51 36
147 121 51 36
145 134 51 36
143 145 51 36
142 153 51 36
140 153 51 36
139 147 51 36
138 137 51 36
137 125 51 36
136 114 51 36
135 104 51 36
134 98 51 36
132 97 51 36
130 101 51 36
130 110 51 36
130 123 51 36
129 137 51 36
130 147 51 36
130 151 51 36
128 148 51 36
127 139 51 36
128 127 51 36
129 114 51 36
130 101 51 36
130 90 51 36
130 84 51 36
129 80 51 36
128 79 51 36
127 81 51 36
126 88 51 36
125 99 51 36
124 113 51 36
123 128 51 36
122 140 51 36
122 149 51 36
121 151 51 36
119 145 51 36
119 136 51 36
119 124 51 36
119 111 51 36
120 100 51 36
121 91 51 36
121 85 51 36
121 83 51 36
121 86 51 36
121 95 51 36
122 109 51 36
123 127 51 36
122 144 51 36
121 159 51 36
120 169 51 36
119 171 51 36
118 165 51 36
118 154 51 36
119 141 51 36
122 127 51 36
124 113 51 36
127 104 51 36
128 98 51 36
129 97 51 36
130 101 51 36
131 112 51 36
133 127 51 36
134 143 51 36
135 159 51 36
134 170 51 36
133 175 51 36
132 170 51 36
132 158 51 36
134 144 51 36
135 127 51 36
137 111 51 36
139 99 51 36
139 90 51 36
139 86 51 36
139 89 51 36
138 97 51 36
138 110 51 36
138 127 51 36
137 142 51 36
136 153 51 36
134 155 51 36
132 150 51 36
130 139 51 36
131 126 51 36
132 110 51 36
134 96 51 36
135 84 51 36
136 76 51 36
137 74 51 36
137 76 51 36
138 86 51 36
137 97 51 36
138 113 51 36
140 132 51 36
140 148 51 36
141 161 51 36
142 167 51 36
142 165 51 36
142 156 51 36
143 143 51 36
144 129 51 36
144 117 51 36
144 108 51 36
145 104 51 36
146 104 51 36
147 109 51 36
149 122 51 36
149 136 51 36
149 151 51 36
147 159 51 36
147 160 51 36
145 153 51 36
145 144 51 36
146 133 51 36
147 123 51 36
147 114 51 36
148 110 51 36
148 110 51 36
148 116 51 36
148 130 51 36
147 149 51 36
145 164 51 36
144 170 51 36
143 165 51 36
143 154 51 36
144 143 51 36
146 130 51 36
149 115 51 36
153 102 51 36
150 84 51 36
152 79 51 36
153 79 51 36
155 85 51 36
157 96 51 36
158 109 51 36
159 118 51 36
161 123 51 36
162 122 51 36
163 115 51 36
164 104 51 36
165 91 51 36
166 79 51 36
168 70 51 36
170 65 51 36
173 66 51 36
175 73 51 36
176 84 51 36
176 100 51 36
177 117 51 36
177 132 51 36
176 142 51 36
176 143 51 36
177 136 51 36
178 123 51 36
180 108 51 36
183 94 51 36
185 81 51 36
187 71 51 36
188 64 51 36
189 62 51 36
190 64 51 36
191 73 51 36
192 85 51 36
194 101 51 36
197 119 51 36
198 133 51 36
198 141 51 36
198 141 51 36
197 133 51 36
197 120 51 36
197 105 51 36
198 89 51 36
199 75 51 36
200 65 51 36
201 59 51 36
201 57 51 36
201 59 51 36
201 65 51 36
200 75 51 36
200 88 51 36
201 104 51 36
201 118 51 36
201 128 51 36
200 132 51 36
199 130 51 36
198 123 51 36
197 113 51 36
197 102 51 36
197 91 51 36
197 81 51 36
197 74 51 36
196 70 51 36
196 68 51 36
195 70 51 36
194 75 51 36
193 83 51 36
194 93 51 36
194 104 51 36
194 113 51 36
193 117 51 36
192 117 51 36
191 113 51 36
190 106 51 36
189 97 51 36
189 88 51 36
190 82 51 36
190 78 51 36
190 78 51 36
191 82 51 36
191 90 51 36
191 100 51 36
191 112 51 36
191 122 51 36
190 128 51 36
190 130 51 36
189 126 51 36
190 119 51 36
192 111 51 36
194 104 51 36
196 98 51 36
198 93 51 36
200 90 51 36
201 89 51 36
201 91 51 36
201 95 51 36
201 102 51 36
202 109 51 36
202 116 51 36
202 121 51 36
201 121 51 36
200 117 51 36
200 110 51 36
200 103 51 36
200 97 51 36
201 93 51 36
201 90 51 36
201 91 51 36
201 93 51 36
202 98 51 36
203 104 51 36
203 110 51 36
203 114 51 36
202 114 51 36
201 112 51 36
200 108 51 36
199 104 51 36
198 101 51 36
197 99 51 36
195 99 51 36
193 100 51 36
189 102 51 36
185 103 51 36
182 105 51 36
182 107 51 36
184 110 51 36
189 112 51 36
196 114 51 36
203 116 51 36
209 117 51 36
215 118 51 36
220 119 51 36
225 120 51 36
230 123 51 36
233 125 51 36
236 126 51 36
238 127 51 36
239 128 51 36
239 128 51 36
238 128 51 36
236 127 51 36
233 127 51 36
230 127 51 36
226 126 51 36
223 124 51 36
219 123 51 36
215 122 51 36
211 121 51 36
207 120 51 36
202 119 51 36
196 118 51 36
191 116 51 36
187 114 51 36
182 112 51 36
178 110 51 36
174 109 51 36
170 108 51 36
168 106 51 36
167 105 51 36
165 105 51 36
164 104 51 36
163 104 51 36
162 104 51 36
162 104 51 36
162 104 51 36
162 104 51 36
162 104 51 36
162 105 51 36
162 105 51 36
163 105 51 36
164 106 51 36
165 106 51 36
166 107 51 36
167 108 51 36
169 109 51 36
171 110 51 36
172 111 51 36
173 113 51 36
175 115 51 36
177 117 51 36
180 119 51 36
182 121 51 36
184 122 51 36
186 124 51 36
188 126 51 36
190 128 51 36
191 129 51 36
192 130 51 36
194 131 51 36
196 132 51 36
198 134 51 36
199 134 51 36
200 135 51 36
202 135 51 36
203 136 51 36
204 135 51 36
205 134 51 36
206 133 51 36
208 132 51 36
209 131 51 36
211 130 51 36
212 129 51 36
213 129 51 36
214 128 51 36
215 129 51 36
215 129 51 36
216 129 51 36
216 129 51 36
216 130 51 36
216 130 51 36
216 131 51 36
217 132 51 36
217 131 51 36
218 131 51 36
218 130 51 36
218 129 51 36
218 129 51 36
218 128 51 36
219 127 51 36
220 125 51 36
220 123 51 36
220 122 51 36
220 120 51 36
220 120 51 36
220 119 51 36
220 119 51 36
220 119 51 36
220 120 51 36
220 120 51 36
219 121 51 36
218 121 51 36
218 121 51 36
217 122 51 36
218 122 51 36
220 123 51 36
221 123 51 36
223 123 51 36
223 123 51 36
221 123 51 36
219 123 51 36
215 122 51 36
212 122 51 36
208 122 51 36
205 122 51 36
202 122 51 36
199 121 51 36
196 121 51 36
194 121 51 36
193 121 51 36
192 121 51 36
191 121 51 36
190 121 51 36
190 121 51 36
190 121 51 36
190 122 51 36
191 122 51 36
191 122 51 36
192 122 51 36
192 122 51 36
193 122 51 36
194 121 51 36
194 121 51 36
194 120 51 36
195 120 51 36
196 121 51 36
198 122 51 36
199 124 51 36
200 127 51 36
200 130 51 36
200 132 51 36
200 134 51 36
200 136 51 36
199 137 51 36
199 138 51 36
199 138 51 36
200 138 51 36
201 138 51 36
203 138 51 36
204 138 51 36
205 139 51 36
207 139 51 36
208 139 51 36
209 139 51 36
210 138 51 36
211 138 51 36
212 139 51 36
214 141 51 36
215 144 51 36
214 149 51 36
211 158 51 36
208 171 51 36
