0.000000
0.000000
9.055385
9.000000
10.049876
10.000000
11.045361
9.219544
9.656604
9.656604
10.965856
8.746428
8.321658
7.615773
5.830952
7.632169
5.830952
7.433034
7.382412
7.762087
7.433034
7.158911
6.500000
7.211103
6.708204
7.433034
7.632169
6.670832
7.762087
5.220153
7.158911
8.077747
5.852350
6.964194
6.324555
6.800735
6.082763
7.648529
6.500000
6.082763
8.015610
7.516648
7.000000
7.566373
8.514693
8.139410
7.071068
9.055385
9.219544
6.519202
8.062258
8.558621
7.280110
7.500000
8.558621
8.062258
8.015610
7.280110
8.015610
9.124144
7.516648
7.762087
7.516648
6.708204
7.826238
7.158911
8.062258
7.516648
7.071068
8.276473
8.381527
8.631338
7.762087
6.184658
6.964194
6.082763
5.500000
6.020797
6.000000
7.017834
6.082763
6.519202
5.500000
5.522681
5.590170
7.000000
7.017834
6.519202
6.020797
6.184658
6.082763
6.500000
5.522681
6.000000
6.020797
6.519202
7.071068
7.000000
6.500000
6.519202
5.590170
7.566373
6.519202
6.000000
7.516648
4.123106
7.017834
5.500000
5.385165
7.382412
5.700877
7.280110
6.576473
6.519202
7.000000
6.800735
7.826238
6.184658
6.708204
7.280110
7.000000
8.062258
9.013878
7.280110
7.905694
9.124144
9.340771
9.486833
9.394147
8.246211
10.307764
10.594810
9.708244
9.848858
9.848858
9.219544
10.307764
11.180340
11.412712
11.236103
11.236103
12.816006
10.440307
13.200379
9.962429
13.656500
11.280514
11.704700
11.180340
11.280514
13.124405
14.317821
13.656500
14.115594
11.067972
15.508062
11.067972
15.435349
16.347783
14.230249
12.980755
14.705441
15.787653
14.115594
16.140012
17.240940
14.807093
14.983324
15.337862
15.652476
13.285330
17.102631
18.027756
14.080128
18.788294
17.442764
17.088007
16.867128
17.585505
19.780040
18.821530
18.553975
17.867568
17.392527
22.299103
20.426698
38.707234
40.871751
39.204592
41.367258
39.654760
41.743263
42.005952
43.142207
39.458839
42.664388
42.426407
41.436699
43.911844
43.350317
44.477522
44.726949
44.229515
45.276926
45.773901
45.135906
45.721986
45.634417
45.675486
46.717235
43.571780
45.224440
45.177428
45.177428
45.598794
47.447339
46.671726
47.169906
46.768045
46.024450
46.717235
45.099889
46.596674
46.067885
46.510751
47.042534
47.502632
46.502688
47.010637
46.510751
46.502688
48.564390
48.662100
61.783898
63.381780
64.251459
64.315628
65.192024
67.396217
67.262545
68.938378
69.516185
72.500000
72.708321
74.338752
76.918788
76.762621
79.953111
79.199116
81.001543
83.254129
86.683332
85.428333
86.778454
82.637764
98.348869
101.027224
105.500000
108.195425
115.616824
105.709508
100.001250
106.038908
107.566259
100.498756
87.823687
89.847092
92.728097
94.533063
98.062480
101.501232
99.239609
96.208108
103.200048
98.626822
98.716767
80.501553
88.804561
90.273196
91.111196
100.031245
91.805501
99.362971
98.898938
106.968453
119.963536
112.805142
107.447662
108.941498
105.045228
110.693270
107.335921
110.494344
102.208121
112.332097
119.816526
102.859127
114.806359
107.703296
102.528045
104.847508
95.341491
101.237345
108.030088
102.206898
103.817147
106.057767
108.078675
121.264174
115.104301
116.203485
115.907291
110.114713
112.997788
109.504566
118.600169
126.120974
110.887330
116.100172
123.004065
112.254176
113.009955
119.106045
116.121703
110.736173
113.147028
108.078675
107.912001
105.320938
102.266808
101.544325
103.781019
113.852975
112.254176
96.427434
74.701071
74.330344
79.246451
77.609600
79.224365
78.525474
79.882727
95.543184
112.943570
107.448825
104.004808
99.439680
101.976713
97.505128
100.948006
101.950969
102.782537
101.204002
102.933231
108.731320
113.147028
110.205490
108.707175
103.543469
101.599705
101.884739
99.454764
99.792284
93.554797
93.409047
94.996053
95.940085
101.435940
99.320189
103.501208
103.230325
102.670590
101.205237
91.078263
92.904521
92.769877
92.574294
91.111196
98.215325
93.287191
97.862148
101.352109
98.077775
89.423151
88.539539
87.173677
91.292114
89.700892
95.511779
93.590865
96.966489
94.607082
99.334032
94.160767
92.272694
100.192315
102.693719
94.732518
108.264722
98.976007
98.812955
100.096204
98.612879
91.078263
105.504739
103.346505
100.019998
101.544325
104.307238
92.048900
90.733125
89.813696
95.189285
97.529483
101.303998
109.382357
111.413644
98.210234
104.367140
109.738325
108.187338
98.362849
108.632408
102.913799
94.339811
95.923146
100.262156
97.894075
100.687636
102.181212
100.504975
100.531090
96.209407
97.900460
102.602388
103.451680
101.560327
103.755723
97.628121
100.124922
104.432993
94.511904
103.490338
99.782263
103.942292
99.489949
99.011363
95.257546
93.885569
95.106519
98.845840
84.120449
96.187317
100.480098
82.711849
81.624139
85.067620
89.140339
89.035105
96.582866
99.511306
101.501232
101.898234
100.404183
95.688296
91.696510
87.091905
94.547607
95.001316
91.012362
91.610589
102.060031
98.785120
100.600696
99.102220
90.918920
100.404183
94.160767
99.045444
91.501366
94.758905
95.047357
94.859106
98.062480
97.520511
98.215325
99.020200
95.605962
95.564115
99.635586
91.806862
99.247166
99.952489
96.831038
80.908899
85.000000
89.035105
96.914911
93.001344
95.505235
94.339811
91.443972
96.391130
93.633594
96.840074
90.611809
94.005319
100.044990
95.756201
104.528704
104.504785
104.043260
98.785120
99.283684
101.271911
102.259474
105.005952
103.036401
103.083704
100.501244
98.286571
103.847244
100.579570
103.947102
103.880941
101.123687
102.035533
103.490338
103.646032
103.143104
100.579570
99.454764
100.079968
103.200048
100.948006
95.693521
99.201814
99.005050
97.532046
98.626822
96.563451
101.785313
97.001289
101.138519
95.754895
97.514102
101.883512
101.470439
102.060031
103.996394
102.680329
101.519703
103.230325
103.143104
101.264505
96.293821
96.914911
92.050258
100.778222
97.621719
94.201911
98.478424
96.509067
104.068487
101.445798
107.964114
108.158449
104.938077
103.083704
100.881118
102.460968
100.315752
98.500000
99.635586
105.848949
95.123604
93.648278
95.473818
94.371606
99.665691
97.088877
102.181212
102.968442
102.079626
101.307700
106.892469
100.224747
100.662803
102.060031
101.636608
101.843016
102.338898
103.170975
94.429868
96.831038
95.126232
99.020200
91.576471
99.192994
100.086213
101.179296
91.301698
91.990489
95.817535
99.320189
104.415037
104.241307
105.642084
101.883512
101.297828
101.040833
101.040833
100.282102
101.118742
103.414216
99.147617
108.264722
99.806062
102.598733
115.104301
97.739450
101.682103
109.376643
97.243252
102.884644
108.651967
102.646237
108.908218
113.009955
103.325941
103.353761
104.292857
115.244306
106.087228
103.812331
98.615415
107.588336
107.434864
102.004902
109.709845
112.588854
109.956810
116.140002
134.575258
115.267081
123.492915
128.009765
126.950778
137.704394
125.787519
141.910183
134.901816
116.681190
131.538968
147.825911
123.622409
126.769476
137.951078
125.445207
