7 165 42 26
8 164 42 26
10 164 42 26
12 165 42 26
13 165 42 26
15 165 42 26
16 165 42 26
17 166 42 26
19 166 42 26
20 166 42 26
21 166 42 26
22 166 42 26
24 167 42 26
25 167 42 26
27 167 42 26
28 167 42 26
29 167 42 26
31 167 42 26
32 167 42 26
34 168 42 26
36 168 42 26
38 168 42 26
39 168 42 26
41 169 42 26
42 169 42 26
43 169 42 26
45 169 42 26
46 169 42 26
47 169 42 26
48 170 42 26
49 170 42 26
50 170 42 26
51 170 42 26
52 170 42 26
53 170 42 26
54 171 42 26
55 171 42 26
56 171 42 26
57 171 42 26
58 171 42 26
60 171 42 26
61 170 42 26
62 170 42 26
63 170 42 26
64 170 42 26
66 170 42 26
67 170 42 26
68 170 42 26
69 170 42 26
71 170 42 26
72 170 42 26
73 170 42 26
74 170 42 26
75 170 42 26
77 170 42 26
78 170 42 26
79 170 42 26
81 170 42 26
82 170 42 26
83 170 42 26
83 171 42 26
84 170 42 26
85 170 42 26
85 171 42 26
85 171 42 26
85 171 42 26
85 171 42 26
85 171 42 26
86 171 42 26
86 172 42 26
86 172 42 26
86 172 42 26
86 172 42 26
87 173 42 26
87 173 42 26
88 173 42 26
88 173 42 26
88 173 42 26
87 173 42 26
87 174 42 26
87 174 42 26
87 174 42 26
87 174 42 26
87 174 42 26
87 175 42 26
87 175 42 26
87 175 42 26
87 175 42 26
87 175 42 26
87 175 42 26
87 176 42 26
87 176 42 26
87 176 42 26
87 176 42 26
87 176 42 26
87 177 42 26
87 177 42 26
88 177 42 26
87 178 42 26
88 178 42 26
88 178 42 26
88 178 42 26
88 178 42 26
88 179 42 26
88 178 42 26
88 178 42 26
87 177 42 26
89 177 42 26
90 177 42 26
91 178 42 26
91 178 42 26
92 178 42 26
93 178 42 26
93 178 42 26
94 178 42 26
94 178 42 26
95 177 42 26
95 178 42 26
96 177 42 26
96 177 42 26
96 177 42 26
97 177 42 26
98 177 42 26
99 177 42 26
100 177 42 26
101 177 42 26
102 177 42 26
104 177 42 26
105 177 42 26
106 177 42 26
107 177 42 26
109 177 42 26
110 177 42 26
111 177 42 26
112 177 42 26
113 178 42 26
115 177 42 26
116 178 42 26
117 177 42 26
118 177 42 26
120 177 42 26
122 177 42 26
124 176 42 26
126 176 42 26
128 176 42 26
130 178 42 26
131 177 42 26
133 177 42 26
134 178 42 26
137 177 42 26
139 176 42 26
140 176 42 26
142 177 42 26
144 177 42 26
145 177 42 26
147 176 42 26
145 176 42 26
148 175 42 26
155 175 42 26
158 177 42 26
158 177 42 26
148 175 42 26
167 176 42 26
163 176 42 26
152 167 42 26
165 176 42 26
165 175 42 26
167 175 42 26
171 175 42 26
166 166 42 26
174 174 42 26
175 174 42 26
178 174 42 26
179 174 42 26
180 174 42 26
181 174 42 26
182 174 42 26
183 174 42 26
184 174 42 26
185 174 42 26
186 173 42 26
188 173 42 26
190 173 42 26
192 173 42 26
194 173 42 26
197 173 42 26
202 173 42 26
208 172 42 26
214 172 42 26
220 172 42 26
226 171 42 26
232 171 42 26
237 170 42 26
240 170 42 26
242 170 42 26
245 169 42 26
246 169 42 26
246 168 42 26
246 168 42 26
246 166 42 26
245 166 42 26
243 165 42 26
239 164 42 26
235 163 42 26
232 161 42 26
230 160 42 26
228 160 42 26
229 159 42 26
231 159 42 26
236 158 42 26
243 157 42 26
250 156 42 26
257 155 42 26
267 154 42 26
276 154 42 26
285 154 42 26
292 154 42 26
300 154 42 26
308 154 42 26
316 154 42 26
324 153 42 26
333 153 42 26
341 152 42 26
348 151 42 26
355 149 42 26
362 148 42 26
368 146 42 26
375 145 42 26
380 143 42 26
385 142 42 26
388 141 42 26
391 141 42 26
394 140 42 26
399 140 42 26
403 140 42 26
407 140 42 26
412 140 42 26
415 139 42 26
419 139 42 26
423 138 42 26
427 137 42 26
431 137 42 26
436 136 42 26
443 136 42 26
452 136 42 26
464 135 42 26
477 135 42 26
493 134 42 26
512 134 42 26
531 134 42 26
550 133 42 26
