307 20 95 65
320 41 95 65
326 65 95 65
332 89 95 65
335 113 95 65
331 134 95 65
322 129 95 65
321 109 95 65
318 85 95 65
308 63 95 65
289 47 95 65
267 36 95 65
246 26 95 65
227 20 95 65
215 21 95 65
212 26 95 65
213 38 95 65
221 57 95 65
229 80 95 65
238 103 95 65
251 124 95 65
261 126 95 65
270 103 95 65
276 79 95 65
287 57 95 65
284 38 95 65
268 22 95 65
251 14 95 65
244 9 95 65
242 8 95 65
246 15 95 65
254 23 95 65
269 39 95 65
283 59 95 65
299 78 95 65
308 101 95 65
332 102 95 65
338 126 95 65
358 112 95 65
352 88 95 65
365 91 95 65
386 95 95 65
385 92 95 65
375 101 95 65
355 97 95 65
340 92 95 65
331 88 95 65
324 86 95 65
322 86 95 65
320 93 95 65
326 103 95 65
339 120 95 65
344 141 95 65
348 155 95 65
350 153 95 65
357 134 95 65
373 115 95 65
386 94 95 65
397 72 95 65
395 48 95 65
382 27 95 65
364 10 95 65
355 1 95 65
353 1 95 65
351 1 95 65
346 4 95 65
348 4 95 65
350 17 95 65
356 33 95 65
366 52 95 65
