200 151 17 50
197 151 17 50
198 150 17 50
195 151 17 50
198 151 17 50
195 150 17 50
191 149 17 50
191 149 17 50
191 149 17 50
191 148 17 50
191 147 17 50
191 147 17 50
191 148 17 50
189 147 17 50
184 146 17 50
187 147 17 50
186 148 17 50
186 147 17 50
183 145 17 50
184 145 17 50
182 143 17 50
181 143 17 50
181 142 17 50
180 142 17 50
179 141 17 50
177 139 17 50
171 140 17 50
175 140 17 50
174 139 17 50
173 139 17 50
172 139 17 50
171 138 17 50
171 139 17 50
171 135 17 50
170 138 17 50
170 137 17 50
170 136 17 50
169 136 17 50
169 135 17 50
167 135 17 50
168 135 17 50
165 129 17 50
163 128 17 50
162 128 17 50
161 127 17 50
160 127 17 50
159 127 17 50
157 127 17 50
157 126 17 50
157 125 17 50
156 124 17 50
154 122 17 50
151 121 17 50
150 121 17 50
149 121 17 50
146 120 17 50
144 120 17 50
144 120 17 50
142 122 17 50
140 121 17 50
140 120 17 50
136 119 17 50
136 119 17 50
134 118 17 50
133 119 17 50
131 120 17 50
132 120 17 50
130 119 17 50
128 119 17 50
128 119 17 50
128 118 17 50
122 112 17 50
122 111 17 50
124 115 17 50
123 114 17 50
119 110 17 50
118 109 17 50
118 111 17 50
118 113 17 50
117 113 17 50
115 111 17 50
114 111 17 50
104 133 17 50
103 134 17 50
103 134 17 50
99 137 17 50
115 134 17 50
103 134 17 50
103 134 17 50
101 136 17 50
115 137 17 50
102 136 17 50
100 138 17 50
101 134 17 50
103 135 17 50
99 137 17 50
99 136 17 50
93 136 17 50
94 138 17 50
103 135 17 50
102 136 17 50
103 136 17 50
103 136 17 50
93 136 17 50
99 138 17 50
99 138 17 50
95 137 17 50
99 138 17 50
92 136 17 50
93 137 17 50
99 136 17 50
99 138 17 50
102 139 17 50
102 138 17 50
103 138 17 50
98 137 17 50
103 138 17 50
101 137 17 50
97 135 17 50
