308 22 95 65
314 41 95 65
322 23 95 65
341 19 95 65
360 20 95 65
379 19 95 65
370 9 95 65
372 15 95 65
391 10 95 65
409 3 95 65
420 19 95 65
439 20 95 65
457 13 95 65
476 8 95 65
488 4 95 65
469 1 95 65
480 1 95 65
493 1 95 65
512 1 95 65
531 1 95 65
550 1 95 65
569 1 95 65
575 20 95 65
594 17 95 65
607 18 95 65
601 37 95 65
582 31 95 65
581 20 95 65
562 22 95 65
581 21 95 65
600 25 95 65
581 31 95 65
562 37 95 65
564 43 95 65
569 62 95 65
579 79 95 65
589 96 95 65
600 86 95 65
607 81 95 65
607 100 95 65
604 94 95 65
607 80 95 65
594 65 95 65
592 65 95 65
573 61 95 65
554 57 95 65
573 52 95 65
592 47 95 65
605 38 95 65
586 32 95 65
579 22 95 65
597 14 95 65
601 5 95 65
603 14 95 65
593 5 95 65
593 1 95 65
587 16 95 65
569 24 95 65
579 17 95 65
598 11 95 65
583 17 95 65
599 28 95 65
607 25 95 65
607 17 95 65
596 1 95 65
577 1 95 65
558 1 95 65
540 9 95 65
559 9 95 65
578 7 95 65
