       1 129  93  88 123 0.815
       2 131  93  88 123 0.915
       3 132  92  88 123 0.961
       4 132  91  88 123 0.965
       5 132  91  88 123 0.973
       6 131  90  88 123 0.971
       7 130  90  88 123 0.988
       8 130  90  88 123 0.989
       9 130  90  88 123 0.983
      10 129  91  88 123 0.988
      11 128  92  88 123 0.991
      12 127  92  88 123 0.982
      13 126  93  88 123 0.991
      14 124  94  88 123 0.992
      15 122  95  88 123 0.983
      16 120  96  88 123 0.985
      17 117  97  88 123 0.979
      18 114  98  88 123 0.978
      19 111  99  88 123 0.986
      20 108  99  88 123 0.982
      21 105  98  88 123 0.979
      22 103  98  88 123 0.975
      23 100  97  88 123 0.938
      24 100  97  88 123 0.945
      25 100  97  88 123 0.917
      26 100  96  88 123 0.930
      27  99  95  88 123 0.857
      28  99  95  88 123 0.925
      29  99  92  88 123 0.814
      30  99  91  88 123 0.820
      31 100  91  88 123 0.770
      32 101  90  88 123 0.877
      33 102  90  88 123 0.867
      34 101  89  88 123 0.895
      35 101  89  88 123 0.911
      36 102  89  88 123 0.914
      37 103  89  88 123 0.930
      38 104  89  88 123 0.928
      39 105  89  88 123 0.922
      40 106  89  88 123 0.924
      41 108  89  88 123 0.901
      42 110  89  88 123 0.933
      43 112  89  88 123 0.938
      44 114  89  88 123 0.945
      45 116  89  88 123 0.944
      46 118  89  88 123 0.952
      47 120  89  88 123 0.950
      48 123  89  88 123 0.949
      49 125  89  88 123 0.939
      50 127  89  88 123 0.931
      51 129  90  88 123 0.940
      52 130  90  88 123 0.949
      53 132  91  88 123 0.946
      54 134  91  88 123 0.943
      55 136  92  88 123 0.939
      56 137  93  88 123 0.942
      57 138  94  88 123 0.939
      58 139  94  88 123 0.955
      59 140  97  88 123 0.954
      60 140  99  88 123 0.962
      61 140 100  88 123 0.971
      62 141 101  88 123 0.970
      63 142 102  88 123 0.952
      64 143 102  88 123 0.973
      65 144 102  88 123 0.970
      66 144 102  88 123 0.975
      67 144 102  88 123 0.981
      68 145 103  88 123 0.973
      69 146 103  88 123 0.971
      70 146 103  88 123 0.976
      71 147 102  88 123 0.981
      72 148 102  88 123 0.982
      73 147 102  88 123 0.980
      74 147 101  88 123 0.977
      75 148 101  88 123 0.977
      76 148 101  88 123 0.975
      77 147 101  88 123 0.978
      78 146 101  88 123 0.979
      79 145 101  88 123 0.977
      80 144 101  88 123 0.970
      81 143 101  88 123 0.964
      82 141 100  88 123 0.975
      83 140 100  88 123 0.953
      84 140  99  88 123 0.748
      85 139  99  88 123 0.755
      86 138 100  88 123 0.780
      87 138 100  88 123 0.827
      88 137 101  88 123 0.820
      89 135 101  88 123 0.875
      90 135 100  88 123 0.887
      91 134 101  88 123 0.902
      92 132 101  88 123 0.908
      93 131 102  88 123 0.911
      94 130 102  88 123 0.911
      95 129 103  88 123 0.915
      96 128 103  88 123 0.923
      97 127 103  88 123 0.928
      98 126 104  88 123 0.921
      99 126 103  88 123 0.928
     100 124 104  88 123 0.934
     101 124 104  88 123 0.934
     102 124 104  88 123 0.939
     103 123 104  88 123 0.939
     104 122 104  88 123 0.937
     105 122 103  88 123 0.940
     106 122 103  88 123 0.942
     107 122 103  88 123 0.933
     108 122 104  88 123 0.936
     109 121 104  88 123 0.940
     110 122 104  88 123 0.941
     111 122 104  88 123 0.941
     112 122 105  88 123 0.941
     113 122 105  88 123 0.947
     114 122 105  88 123 0.944
     115 122 105  88 123 0.946
     116 122 105  88 123 0.950
     117 122 106  88 123 0.950
     118 122 106  88 123 0.952
     119 122 106  88 123 0.950
     120 122 106  88 123 0.952
     121 122 106  88 123 0.954
     122 122 106  88 123 0.956
     123 122 106  88 123 0.953
     124 122 106  88 123 0.956
     125 121 106  88 123 0.955
     126 122 105  88 123 0.959
     127 122 105  88 123 0.959
     128 122 105  88 123 0.957
     129 121 106  88 123 0.960
     130 121 106  88 123 0.957
     131 122 106  88 123 0.952
     132 121 106  88 123 0.957
     133 121 105  88 123 0.960
     134 121 104  88 123 0.958
     135 121 104  88 123 0.957
     136 122 103  88 123 0.955
     137 122 103  88 123 0.963
     138 121 103  88 123 0.968
     139 123 102  88 123 0.969
     140 122 102  88 123 0.971
     141 123 102  88 123 0.967
     142 121 102  88 123 0.951
     143 120 101  88 123 0.985
     144 120 101  88 123 0.985
     145 120 100  88 123 0.985
     146 119  99  88 123 0.986
     147 118  99  88 123 0.984
     148 118  99  88 123 0.990
     149 117  99  88 123 0.991
     150 117  99  88 123 0.987
     151 116  99  88 123 0.989
     152 116  99  88 123 0.986
     153 116  98  88 123 0.990
     154 115  98  88 123 0.987
     155 115  97  88 123 0.983
     156 115  97  88 123 0.982
     157 114  97  88 123 0.983
     158 114  97  88 123 0.980
     159 114  97  88 123 0.984
     160 114  97  88 123 0.985
     161 113  97  88 123 0.988
     162 114  97  88 123 0.989
     163 114  97  88 123 0.988
     164 113  98  88 123 0.989
     165 114  98  88 123 0.992
     166 114  98  88 123 0.992
     167 114  98  88 123 0.983
     168 114  98  88 123 0.981
     169 114  99  88 123 0.970
     170 114  98  88 123 0.944
     171 116  98  88 123 0.834
     172 117 101  88 123 0.673
     173 119 101  88 123 0.728
     174 116 102  88 123 0.687
     175 126  94  88 123 0.364
     176 120  90  88 123 0.504
     177 118  88  88 123 0.422
     178 116 105  88 123 0.298
     179 115 104  88 123 0.576
     180 115 103  88 123 0.571
     181 116 103  88 123 0.555
     182 116 101  88 123 0.555
     183 117 100  88 123 0.514
     184 117  99  88 123 0.450
     185 117  98  88 123 0.510
     186 116  96  88 123 0.569
     187 116  97  88 123 0.704
     188 115  97  88 123 0.722
     189 114  98  88 123 0.647
     190 113  99  88 123 0.654
     191 113  99  88 123 0.628
     192 113  99  88 123 0.682
     193 113  99  88 123 0.682
     194 114  99  88 123 0.728
     195 114  99  88 123 0.729
     196 115  99  88 123 0.729
     197 114  99  88 123 0.723
     198 114  99  88 123 0.772
     199 114 100  88 123 0.773
     200 114 100  88 123 0.771
     201 114 100  88 123 0.783
     202 113 100  88 123 0.711
     203 113 100  88 123 0.739
     204 113 100  88 123 0.739
     205 113 100  88 123 0.730
     206 113 100  88 123 0.762
     207 112 101  88 123 0.701
     208 112 102  88 123 0.729
     209 112 103  88 123 0.816
     210 111 104  88 123 0.723
     211 111 105  88 123 0.739
     212 111 106  88 123 0.724
     213 112 108  88 123 0.792
     214 112 109  88 123 0.837
     215 112 109  88 123 0.795
     216 113 110  88 123 0.863
     217 113 110  88 123 0.826
     218 113 111  88 123 0.866
     219 113 112  88 123 0.874
     220 113 113  88 123 0.912
     221 113 113  88 123 0.916
     222 113 113  88 123 0.811
     223 112 109  88 123 0.642
     224 115  93  88 123 0.365
     225 116  93  88 123 0.592
     226 116  94  88 123 0.873
     227 113  87  88 123 0.744
     228 115  88  88 123 0.828
     229 115  82  88 123 0.852
     230 116  81  88 123 0.548
     231 116  80  88 123 0.928
     232 117  78  88 123 0.834
     233 117  77  88 123 0.925
     234 116  77  88 123 0.948
     235 116  77  88 123 0.945
     236 116  77  88 123 0.949
     237 116  77  88 123 0.956
     238 116  77  88 123 0.949
     239 116  78  88 123 0.954
     240 117  79  88 123 0.935
     241 117  80  88 123 0.920
     242 118  80  88 123 0.950
     243 118  81  88 123 0.952
     244 119  81  88 123 0.959
     245 120  82  88 123 0.956
     246 120  82  88 123 0.955
     247 121  83  88 123 0.961
     248 122  84  88 123 0.954
     249 122  85  88 123 0.966
     250 122  86  88 123 0.949
     251 123  86  88 123 0.961
     252 123  88  88 123 0.952
     253 123  89  88 123 0.951
     254 124  90  88 123 0.961
     255 124  91  88 123 0.958
     256 123  91  88 123 0.956
     257 123  92  88 123 0.961
     258 122  93  88 123 0.959
     259 122  93  88 123 0.971
     260 122  95  88 123 0.967
     261 122  96  88 123 0.964
     262 122  97  88 123 0.962
     263 122  97  88 123 0.950
     264 122  97  88 123 0.958
     265 122  98  88 123 0.959
     266 122  98  88 123 0.963
     267 121  98  88 123 0.965
     268 121  99  88 123 0.959
     269 121  98  88 123 0.964
     270 121  99  88 123 0.966
     271 121  99  88 123 0.962
     272 121  99  88 123 0.951
     273 120 100  88 123 0.888
     274 120 100  88 123 0.888
     275 119 100  88 123 0.924
     276 119 102  88 123 0.917
     277 118 102  88 123 0.902
     278 117 100  88 123 0.847
     279 116 101  88 123 0.847
     280 115 102  88 123 0.812
     281 114  97  88 123 0.798
     282 114  97  88 123 0.795
     283 113 101  88 123 0.808
     284 113  98  88 123 0.815
     285 112 103  88 123 0.861
     286 111 103  88 123 0.851
     287 110 104  88 123 0.835
     288 109 104  88 123 0.852
     289 109 104  88 123 0.840
     290 108 103  88 123 0.835
     291 108 104  88 123 0.798
     292 108 104  88 123 0.811
     293 107 104  88 123 0.797
     294 107 104  88 123 0.814
     295 107 105  88 123 0.798
     296 107 104  88 123 0.789
     297 107 104  88 123 0.830
     298 107 104  88 123 0.822
     299 107 104  88 123 0.807
     300 107 105  88 123 0.806
     301 107 105  88 123 0.815
     302 106 105  88 123 0.825
     303 106 106  88 123 0.811
     304 106 105  88 123 0.811
     305 106 106  88 123 0.802
     306 106 106  88 123 0.810
     307 106 106  88 123 0.818
     308 106 105  88 123 0.816
     309 106 105  88 123 0.837
     310 106 105  88 123 0.837
     311 106 104  88 123 0.811
     312 106 105  88 123 0.815
     313 107 104  88 123 0.851
     314 107 104  88 123 0.885
     315 107 104  88 123 0.863
     316 108 105  88 123 0.915
     317 108 105  88 123 0.925
     318 109 105  88 123 0.933
     319 109 104  88 123 0.922
     320 109 103  88 123 0.934
     321 110 103  88 123 0.938
     322 110 103  88 123 0.928
     323 110 102  88 123 0.957
     324 110 102  88 123 0.974
     325 110 102  88 123 0.978
     326 110 101  88 123 0.973
     327 109 100  88 123 0.971
     328 108  99  88 123 0.970
     329 108 100  88 123 0.966
     330 107  99  88 123 0.969
     331 106  99  88 123 0.968
     332 105  99  88 123 0.957
     333 104  99  88 123 0.966
     334 104  99  88 123 0.966
     335 103 100  88 123 0.940
     336 102  98  88 123 0.955
     337 102  98  88 123 0.975
     338 101  98  88 123 0.963
     339 101  98  88 123 0.963
     340  99  98  88 123 0.949
     341  98 100  88 123 0.952
     342  96 100  88 123 0.966
     343  94 101  88 123 0.970
     344  92 102  88 123 0.969
     345  89 102  88 123 0.964
     346  87 102  88 123 0.955
     347  85 102  88 123 0.949
     348  83 103  88 123 0.903
     349  83 102  88 123 0.872
     350  85  95  88 123 0.699
     351  89 103  88 123 0.420
     352  91 104  88 123 0.458
     353  92 103  88 123 0.536
     354  95 103  88 123 0.574
     355  97 103  88 123 0.596
     356  98 102  88 123 0.610
     357 100  99  88 123 0.633
     358 101 103  88 123 0.693
     359 100 104  88 123 0.529
     360  97 104  88 123 0.524
     361  96 104  88 123 0.651
     362  95 104  88 123 0.661
     363  94 104  88 123 0.666
     364  94 104  88 123 0.760
     365  94 104  88 123 0.774
     366  95 104  88 123 0.780
     367  96 104  88 123 0.774
     368  96 104  88 123 0.780
     369  97 104  88 123 0.786
     370  99 104  88 123 0.787
     371 101 104  88 123 0.786
     372 102 104  88 123 0.786
     373 103 104  88 123 0.793
     374 105 104  88 123 0.796
     375 105 104  88 123 0.788
     376 106 104  88 123 0.793
     377 107 104  88 123 0.794
     378 107 103  88 123 0.796
     379 108 103  88 123 0.802
     380 109 103  88 123 0.805
     381 109 102  88 123 0.799
     382 110 102  88 123 0.804
     383 111 100  88 123 0.806
     384 111  99  88 123 0.798
     385 112  98  88 123 0.813
     386 112  98  88 123 0.800
     387 113  97  88 123 0.810
     388 113  97  88 123 0.797
     389 114  97  88 123 0.813
     390 114  97  88 123 0.815
     391 114  97  88 123 0.810
     392 114  96  88 123 0.822
     393 114  96  88 123 0.820
     394 114  96  88 123 0.820
     395 113  96  88 123 0.821
     396 113  96  88 123 0.822
     397 113  95  88 123 0.867
     398 112  95  88 123 0.869
     399 111  96  88 123 0.819
     400 110  96  88 123 0.887
     401 109  96  88 123 0.902
     402 109  95  88 123 0.965
     403 108  95  88 123 0.953
     404 108  95  88 123 0.942
     405 109  95  88 123 0.947
     406 111  95  88 123 0.942
     407 115  98  88 123 0.680
     408 104  93  88 123 0.894
     409 105  94  88 123 0.982
     410 105  94  88 123 0.984
     411 106  95  88 123 0.981
     412 104  95  88 123 0.984
     413 105  95  88 123 0.972
     414 103  95  88 123 0.982
     415 104  95  88 123 0.975
     416 103  96  88 123 0.987
     417 103  97  88 123 0.989
     418 104  98  88 123 0.976
     419 103 100  88 123 0.988
     420 103 101  88 123 0.985
     421 104 102  88 123 0.984
     422 102 104  88 123 0.986
     423 103 105  88 123 0.977
     424 102 107  88 123 0.970
     425 102 107  88 123 0.976
     426 102 106  88 123 0.969
     427 102 106  88 123 0.982
     428 103 106  88 123 0.982
     429 102 106  88 123 0.986
     430 103 105  88 123 0.972
     431 102 106  88 123 0.972
     432 103 106  88 123 0.977
     433 103 105  88 123 0.971
     434 103 105  88 123 0.974
     435 103 106  88 123 0.981
     436 103 105  88 123 0.975
     437 103 105  88 123 0.975
     438 102 105  88 123 0.987
     439 103 105  88 123 0.980
     440 103 105  88 123 0.966
     441 103 105  88 123 0.931
     442 104 106  88 123 0.976
     443 105  97  88 123 0.919
     444 104 107  88 123 0.898
     445 105 104  88 123 0.895
     446 105  97  88 123 0.846
     447 102 109  88 123 0.790
     448 102 109  88 123 0.817
     449 102 108  88 123 0.862
     450 104 106  88 123 0.846
     451 102 108  88 123 0.847
     452 104 107  88 123 0.852
     453 105 109  88 123 0.873
     454 104 109  88 123 0.884
     455 104 109  88 123 0.881
     456 105 107  88 123 0.880
     457 103 109  88 123 0.869
     458 104 109  88 123 0.871
     459 104 108  88 123 0.891
     460 103 109  88 123 0.889
     461 103 109  88 123 0.891
     462 103 108  88 123 0.904
     463 103 108  88 123 0.872
     464 103 108  88 123 0.881
     465 103 109  88 123 0.884
     466 103 109  88 123 0.885
     467 103 109  88 123 0.871
     468 103 109  88 123 0.882
     469 103 109  88 123 0.882
     470 103 109  88 123 0.875
     471 103 109  88 123 0.879
     472 103 108  88 123 0.875
     473 103 109  88 123 0.874
     474 101 108  88 123 0.868
     475 102 109  88 123 0.880
     476 102 108  88 123 0.877
     477 101 108  88 123 0.844
     478 101 108  88 123 0.871
     479 102 107  88 123 0.882
     480 101 107  88 123 0.888
     481 101 107  88 123 0.892
     482 101 107  88 123 0.875
     483 102 107  88 123 0.880
     484 102 107  88 123 0.879
     485 102 108  88 123 0.881
     486 102 108  88 123 0.889
     487 102 108  88 123 0.875
     488 103 108  88 123 0.881
     489 101 108  88 123 0.874
     490 102 108  88 123 0.880
     491 102 108  88 123 0.882
     492 101 108  88 123 0.883
     493 101 108  88 123 0.883
     494 101 108  88 123 0.885
     495 101 112  88 123 0.883
     496 101 108  88 123 0.887
     497 101 112  88 123 0.883
     498 101 108  88 123 0.887
     499 101 112  88 123 0.886
     500 101 108  88 123 0.896
     501 101 108  88 123 0.883
     502 101 108  88 123 0.891
     503 101 109  88 123 0.881
     504 101 110  88 123 0.892
     505 102 110  88 123 0.897
     506 102 110  88 123 0.900
     507 102 110  88 123 0.896
     508 102 113  88 123 0.889
     509 101 114  88 123 0.877
     510 101 114  88 123 0.868
     511 101 113  88 123 0.851
     512 105 109  88 123 0.822
     513 105 109  88 123 0.814
     514 105 109  88 123 0.832
     515 103 110  88 123 0.837
     516 103 110  88 123 0.797
     517 105 109  88 123 0.756
     518 105 109  88 123 0.724
     519 105 110  88 123 0.562
     520 104 109  88 123 0.520
     521 107 109  88 123 0.487
     522 107 108  88 123 0.550
     523 107 107  88 123 0.529
     524 107 108  88 123 0.509
     525 107 104  88 123 0.534
     526 107 104  88 123 0.500
     527 108 104  88 123 0.467
     528 108 104  88 123 0.477
     529 109 106  88 123 0.490
     530 109 106  88 123 0.539
     531 109 106  88 123 0.576
     532 109 106  88 123 0.585
     533 109 106  88 123 0.568
     534 106 111  88 123 0.643
     535 106 111  88 123 0.658
     536 106 111  88 123 0.654
     537 106 112  88 123 0.681
     538 106 112  88 123 0.687
     539 106 109  88 123 0.698
     540 106 108  88 123 0.707
     541 106 108  88 123 0.712
     542 105 112  88 123 0.758
     543 105 111  88 123 0.743
     544 105 112  88 123 0.760
     545 105 112  88 123 0.768
     546 105 112  88 123 0.764
     547 105 113  88 123 0.775
     548 105 113  88 123 0.779
     549 104 111  88 123 0.775
     550 104 112  88 123 0.769
     551 104 112  88 123 0.786
     552 104 113  88 123 0.792
     553 104 113  88 123 0.793
     554 103 112  88 123 0.783
     555 103 112  88 123 0.790
     556 103 112  88 123 0.797
     557 103 112  88 123 0.809
     558 103 112  88 123 0.799
     559 103 112  88 123 0.798
     560 103 113  88 123 0.813
     561 103 112  88 123 0.812
     562 103 113  88 123 0.811
     563 103 113  88 123 0.819
     564 103 113  88 123 0.822
     565 103 114  88 123 0.807
     566 103 114  88 123 0.815
     567 103 115  88 123 0.819
     568 103 115  88 123 0.822
     569 104 114  88 123 0.837
     570 104 115  88 123 0.835
     571 104 115  88 123 0.834
     572 104 114  88 123 0.837
     573 104 115  88 123 0.828
     574 104 116  88 123 0.855
     575 104 117  88 123 0.847
     576 104 117  88 123 0.852
     577 104 117  88 123 0.848
     578 104 118  88 123 0.853
     579 104 117  88 123 0.877
     580 104 120  88 123 0.821
     581 103 124  88 123 0.725
     582 105 110  88 123 0.670
     583 104 116  88 123 0.733
     584 103 109  88 123 0.797
     585 102 115  88 123 0.832
     586 103 116  88 123 0.771
     587 102 116  88 123 0.720
     588 104 113  88 123 0.826
     589 107 114  88 123 0.912
     590 105 113  88 123 0.900
     591 107 113  88 123 0.945
     592 106 112  88 123 0.935
     593 106 113  88 123 0.939
     594 107 112  88 123 0.948
     595 107 112  88 123 0.946
     596 108 112  88 123 0.943
     597 108 112  88 123 0.938
     598 108 112  88 123 0.938
     599 109 112  88 123 0.941
     600 109 113  88 123 0.938
     601 109 113  88 123 0.939
     602 109 114  88 123 0.936
     603 110 113  88 123 0.940
     604 110 113  88 123 0.934
     605 110 114  88 123 0.934
     606 111 117  88 123 0.942
     607 111 117  88 123 0.942
     608 111 117  88 123 0.942
     609 111 116  88 123 0.938
     610 111 117  88 123 0.934
     611 111 116  88 123 0.934
     612 111 117  88 123 0.924
     613 111 114  88 123 0.922
     614 111 117  88 123 0.898
     615 110 116  88 123 0.881
     616 110 108  88 123 0.782
     617 108 105  88 123 0.504
     618 105 110  88 123 0.433
     619 106  96  88 123 0.242
     620 107  97  88 123 0.228
     621 107  95  88 123 0.375
     622 107  95  88 123 0.443
     623 107  95  88 123 0.428
     624 106  95  88 123 0.451
     625 106  96  88 123 0.521
     626 106  97  88 123 0.662
     627 106  96  88 123 0.661
     628 106  96  88 123 0.676
     629 106  96  88 123 0.652
     630 106  95  88 123 0.656
     631 106  95  88 123 0.653
     632 106  95  88 123 0.645
     633 106  94  88 123 0.638
     634 105  95  88 123 0.598
     635 105  94  88 123 0.619
     636 105  94  88 123 0.631
     637 105  94  88 123 0.621
     638 105  95  88 123 0.606
     639 105  95  88 123 0.581
     640 104  94  88 123 0.544
     641 104  95  88 123 0.557
     642 104  94  88 123 0.553
     643 104  95  88 123 0.545
     644 104  94  88 123 0.438
     645 104  94  88 123 0.460
     646 104  94  88 123 0.459
     647 104  93  88 123 0.465
     648 104  93  88 123 0.519
     649 104  93  88 123 0.494
     650 104  92  88 123 0.478
     651 105  93  88 123 0.457
     652 105  93  88 123 0.509
     653 105  92  88 123 0.554
     654 105  92  88 123 0.566
     655 105  93  88 123 0.772
     656 105  92  88 123 0.663
     657 106  93  88 123 0.759
     658 106  93  88 123 0.758
     659 106  94  88 123 0.824
     660 106  94  88 123 0.831
     661 106  94  88 123 0.852
     662 106  94  88 123 0.868
     663 106  94  88 123 0.870
     664 106  94  88 123 0.870
     665 107  94  88 123 0.869
     666 107  95  88 123 0.868
     667 107  95  88 123 0.865
     668 107  95  88 123 0.862
     669 106  96  88 123 0.871
     670 106  96  88 123 0.872
     671 105  97  88 123 0.872
     672 104  95  88 123 0.868
     673 103  95  88 123 0.912
     674 102 103  88 123 0.928
     675 101 103  88 123 0.933
     676 100 109  88 123 0.948
     677  99 101  88 123 0.945
     678  99 108  88 123 0.951
     679  97 104  88 123 0.964
     680  95 102  88 123 0.966
     681  94 107  88 123 0.965
     682  92 102  88 123 0.986
     683  91 102  88 123 0.970
     684  89 102  88 123 0.964
     685  87 103  88 123 0.971
     686  85 101  88 123 0.941
     687  82  98  88 123 0.913
     688  79  92  88 123 0.705
     689  93 109  88 123 0.411
     690  90 110  88 123 0.549
     691  89 110  88 123 0.769
     692  90 111  88 123 0.747
     693  93 110  88 123 0.727
     694  94 101  88 123 0.716
     695  95 101  88 123 0.686
     696  94 102  88 123 0.495
     697  94 102  88 123 0.477
     698 106 136  88 123 0.502
     699 105 136  88 123 0.497
     700 105 137  88 123 0.510
     701 112 142  88 123 0.475
     702 112 141  88 123 0.625
     703 112 140  88 123 0.479
     704 112 139  88 123 0.663
     705 112 138  88 123 0.623
     706 112 138  88 123 0.619
     707 112 138  88 123 0.662
     708 112 137  88 123 0.644
     709 112 137  88 123 0.647
     710 112 137  88 123 0.638
     711 112 136  88 123 0.637
     712 112 136  88 123 0.616
     713 112 136  88 123 0.619
     714 114 107  88 123 0.607
     715 114 107  88 123 0.624
     716 112 136  88 123 0.588
     717 112 136  88 123 0.581
     718 115 108  88 123 0.582
     719 115 107  88 123 0.598
     720 115 107  88 123 0.601
     721 115 108  88 123 0.599
     722 113 137  88 123 0.625
     723 115 105  88 123 0.615
     724 114 137  88 123 0.607
     725 116 107  88 123 0.606
     726 115 137  88 123 0.620
     727 116 137  88 123 0.631
     728 117 137  88 123 0.641
     729 118 137  88 123 0.657
     730 120 133  88 123 0.660
     731 121 133  88 123 0.663
     732 122 133  88 123 0.692
     733 123 134  88 123 0.702
     734 125 133  88 123 0.713
     735 127 134  88 123 0.708
     736 128 133  88 123 0.715
     737 129 133  88 123 0.718
     738 131 131  88 123 0.732
     739 132 130  88 123 0.728
     740 133 131  88 123 0.729
     741 133 131  88 123 0.730
     742 134 132  88 123 0.725
     743 134 132  88 123 0.732
     744 134 131  88 123 0.739
     745 134 131  88 123 0.724
     746 134 130  88 123 0.723
     747 135 131  88 123 0.710
     748 134 128  88 123 0.713
     749 134 126  88 123 0.737
     750 134 124  88 123 0.744
     751 134 124  88 123 0.750
     752 134 122  88 123 0.742
     753 135 122  88 123 0.742
     754 135 122  88 123 0.748
     755 135 121  88 123 0.760
     756 135 121  88 123 0.764
     757 135 121  88 123 0.755
     758 135 120  88 123 0.754
     759 135 121  88 123 0.748
     760 134 120  88 123 0.753
     761 134 120  88 123 0.745
     762 133 120  88 123 0.730
     763 132 108  88 123 0.738
     764 130 106  88 123 0.770
     765 132 124  88 123 0.661
     766 124  87  88 123 0.660
     767 124  85  88 123 0.639
     768 124  85  88 123 0.568
     769 123  84  88 123 0.496
     770 120  55  88 123 0.562
     771 119  51  88 123 0.616
     772 119  50  88 123 0.643
     773 122  63  88 123 0.673
     774 125  86  88 123 0.780
     775 126  90  88 123 0.791
     776 127  87  88 123 0.737
     777 131 107  88 123 0.655
     778 133 105  88 123 0.644
     779  99  80  88 123 0.552
     780  99  85  88 123 0.626
     781 100  91  88 123 0.679
     782  99  86  88 123 0.775
     783  99  86  88 123 0.805
     784  99  86  88 123 0.778
     785 100  91  88 123 0.970
     786 100  88  88 123 0.977
     787 100  89  88 123 0.976
     788 101  90  88 123 0.951
     789 101  87  88 123 0.975
     790 101  89  88 123 0.973
     791 101  87  88 123 0.975
     792 102  89  88 123 0.977
     793 102  89  88 123 0.976
     794 102  90  88 123 0.975
     795 103  91  88 123 0.978
     796 104  92  88 123 0.977
     797 104  90  88 123 0.978
     798 105  91  88 123 0.978
     799 106  91  88 123 0.979
     800 107  91  88 123 0.978
     801 108  91  88 123 0.978
     802 109  89  88 123 0.977
     803 110  91  88 123 0.978
     804 111  92  88 123 0.978
     805 111  88  88 123 0.977
     806 112  92  88 123 0.978
     807 112  88  88 123 0.977
     808 113  89  88 123 0.977
     809 114  90  88 123 0.978
     810 114  90  88 123 0.976
     811 115  91  88 123 0.978
     812 115  92  88 123 0.979
     813 116  92  88 123 0.978
     814 117  90  88 123 0.968
     815 120  94  88 123 0.969
     816 122  91  88 123 0.974
     817 125  91  88 123 0.968
     818 127  93  88 123 0.958
     819 129  91  88 123 0.951
     820 131  89  88 123 0.947
     821 132  88  88 123 0.926
     822 133  90  88 123 0.917
     823 134  87  88 123 0.862
     824 134  83  88 123 0.827
     825 136  82  88 123 0.787
     826 138  81  88 123 0.719
     827 139  81  88 123 0.674
     828 163  79  88 123 0.602
     829 165  78  88 123 0.581
     830 166  59  88 123 0.492
     831 167  59  88 123 0.517
     832 155  83  88 123 0.498
     833 137  91  88 123 0.496
     834 138  91  88 123 0.683
     835 138  91  88 123 0.646
     836 137  92  88 123 0.587
     837 154  83  88 123 0.462
     838 153  84  88 123 0.468
     839 151  84  88 123 0.419
     840 150  85  88 123 0.469
     841 150  84  88 123 0.439
     842 150  85  88 123 0.551
     843 149  84  88 123 0.596
     844 149  84  88 123 0.590
     845 149  84  88 123 0.603
     846 149  84  88 123 0.611
     847 149  83  88 123 0.560
     848 148  86  88 123 0.593
     849 148  85  88 123 0.604
     850 148  85  88 123 0.551
     851 148  85  88 123 0.563
     852 147  86  88 123 0.589
     853 146  86  88 123 0.624
     854 144  86  88 123 0.549
     855 143  87  88 123 0.619
     856 142  87  88 123 0.627
     857 140  86  88 123 0.581
     858 139  86  88 123 0.626
     859 138  85  88 123 0.643
     860 136  85  88 123 0.616
     861 135  87  88 123 0.629
     862 135  85  88 123 0.672
     863 134  85  88 123 0.686
     864 133  85  88 123 0.664
     865 132  87  88 123 0.649
     866 132  85  88 123 0.699
     867 131  87  88 123 0.668
     868 130  87  88 123 0.671
     869 129  84  88 123 0.681
     870 128  85  88 123 0.648
     871 127  85  88 123 0.644
     872 126  85  88 123 0.700
     873 125  84  88 123 0.675
     874 124  84  88 123 0.560
     875 122  81  88 123 0.493
     876 115  75  88 123 0.674
     877 113  74  88 123 0.819
     878 112  73  88 123 0.916
     879 112  73  88 123 0.803
     880 107  77  88 123 0.898
     881 110  76  88 123 0.955
     882 113  74  88 123 0.897
     883 109  91  88 123 0.931
     884 108  89  88 123 0.853
     885 112  88  88 123 0.949
     886 109  86  88 123 0.876
     887 112  95  88 123 0.906
     888 110  91  88 123 0.892
     889 109  90  88 123 0.863
     890 116  96  88 123 0.765
     891 111  88  88 123 0.723
