24.166092
2.236068
2.236068
2.236068
2.236068
5.000000
5.099020
5.099020
8.944272
6.082763
5.385165
4.242641
3.605551
5.000000
4.242641
6.324555
7.810250
8.602325
13.038405
12.041595
9.433981
10.295630
8.944272
5.830952
5.000000
3.000000
4.472136
5.099020
6.324555
6.324555
2.236068
2.000000
2.000000
4.123106
5.000000
9.486833
9.486833
10.198039
11.401754
10.440307
11.045361
15.297059
12.041595
13.152946
12.041595
10.198039
11.180340
12.369317
11.401754
12.165525
15.297059
17.262677
15.231546
12.649111
9.055385
12.041595
12.369317
13.601471
13.038405
12.000000
13.038405
13.601471
13.152946
12.369317
11.704700
13.038405
11.401754
10.049876
8.544004
12.000000
11.180340
13.152946
12.649111
13.000000
12.165525
12.165525
10.000000
7.071068
2.000000
5.385165
11.313708
13.892444
13.038405
15.811388
15.264338
12.083046
12.206556
10.630146
5.830952
7.071068
11.401754
7.810250
6.708204
15.264338
14.317821
13.892444
14.142136
11.180340
10.000000
10.198039
8.000000
6.000000
6.403124
9.219544
11.661904
8.602325
10.000000
8.062258
8.602325
10.000000
13.000000
12.529964
16.155494
18.973666
16.552945
18.681542
20.615528
19.646883
19.646883
16.492423
17.464249
16.763055
14.560220
13.416408
12.649111
11.704700
13.000000
9.219544
7.280110
9.848858
7.071068
8.246211
10.049876
16.278821
20.223748
22.203603
23.000000
22.000000
21.000000
20.099751
20.223748
17.262677
16.492423
15.132746
11.000000
15.033296
16.000000
19.104973
17.117243
16.278821
17.262677
16.763055
18.439089
19.924859
19.416488
18.027756
22.360680
23.345235
22.022716
20.880613
18.027756
17.464249
16.278821
15.132746
15.297059
13.601471
12.369317
13.152946
13.601471
15.297059
14.422205
17.464249
16.763055
18.027756
16.763055
15.033296
16.124515
18.681542
18.973666
19.313208
18.973666
13.601471
16.763055
20.223748
18.027756
19.235384
20.099751
17.262677
16.124515
16.031220
19.026298
18.110770
17.720045
18.973666
19.313208
37.483330
37.483330
37.656341
37.336309
37.215588
39.115214
37.483330
37.336309
16.401219
16.643317
14.317821
16.124515
18.357560
21.095023
20.591260
18.867962
18.027756
18.788294
17.000000
17.492856
18.357560
18.788294
16.643317
15.000000
14.422205
16.124515
18.788294
17.088007
16.552945
33.241540
32.388269
32.756679
34.713110
34.365681
35.510562
34.928498
36.345564
37.336309
38.470768
39.319207
38.327536
39.623226
39.458839
36.674242
32.756679
36.345564
35.355339
37.336309
36.878178
39.458839
38.639358
38.639358
38.470768
38.470768
38.470768
37.483330
36.400549
37.854986
38.078866
39.560081
37.363083
38.327536
40.024992
41.000000
41.000000
40.024992
36.674242
37.854986
38.470768
38.832976
38.639358
40.607881
38.639358
38.327536
39.319207
39.319207
41.194660
34.365681
33.376639
36.221541
35.902646
38.078866
35.902646
37.483330
37.483330
36.345564
38.118237
37.215588
36.124784
34.525353
37.121422
37.483330
37.215588
33.136083
34.132096
34.234486
38.118237
40.049969
37.215588
37.054015
40.199502
40.112342
43.185646
41.048752
41.048752
40.049969
41.012193
42.000000
41.012193
38.000000
40.012498
40.112342
39.115214
38.209946
36.124784
35.227830
32.557641
31.256999
28.160256
28.160256
26.476405
27.166155
28.284271
27.459060
28.635642
29.732137
27.313001
28.635642
28.178006
26.419690
26.248809
28.231188
28.460499
26.570661
28.460499
27.202941
26.570661
27.513633
30.675723
31.320920
30.675723
31.016125
30.364453
31.780497
32.310989
33.541020
34.014703
32.202484
33.120990
32.202484
33.241540
33.241540
30.364453
31.622777
30.675723
30.083218
27.892651
27.459060
27.202941
26.248809
26.248809
26.400758
22.847319
23.259407
22.135944
22.135944
21.840330
20.248457
21.931712
20.615528
19.924859
21.540659
20.615528
21.931712
22.825424
24.166092
25.079872
24.596748
22.360680
21.931712
23.769729
25.298221
24.698178
25.079872
24.351591
24.698178
22.847319
24.596748
25.079872
25.942244
26.400758
27.730849
30.016662
27.730849
26.419690
27.459060
26.076810
24.596748
25.553865
25.059928
25.059928
23.706539
22.825424
24.166092
23.853721
25.553865
23.706539
22.825424
22.472205
20.615528
21.023796
18.027756
22.360680
21.540659
21.470911
20.124612
21.470911
23.853721
21.633308
22.825424
24.186773
25.495098
24.698178
26.419690
25.632011
25.632011
26.925824
27.856777
25.079872
25.495098
25.495098
25.632011
26.248809
24.041631
22.135944
21.587033
21.189620
23.409400
22.135944
20.615528
21.540659
25.632011
21.931712
24.166092
24.596748
24.596748
25.059928
23.706539
23.706539
22.847319
20.124612
21.470911
21.954498
19.849433
15.811388
18.601075
18.027756
17.204651
14.866069
14.422205
14.764823
10.630146
14.142136
15.652476
16.155494
21.954498
17.492856
18.027756
16.643317
12.806248
12.806248
16.643317
13.453624
9.433981
7.071068
3.000000
3.162278
4.123106
3.605551
7.615773
9.055385
11.180340
14.317821
18.681542
13.416408
9.219544
14.142136
32.557641
35.057096
34.234486
30.149627
23.021729
21.095023
17.720045
16.278821
17.888544
19.416488
19.416488
20.248457
20.591260
19.697716
20.124612
16.124515
20.615528
15.811388
20.880613
23.194827
24.738634
26.570661
26.248809
27.294688
21.470911
19.723083
19.416488
18.027756
17.492856
17.888544
19.235384
20.124612
18.867962
18.788294
16.552945
19.697716
17.464249
16.155494
18.384776
17.888544
17.000000
17.000000
18.788294
19.924859
20.248457
18.973666
18.681542
19.313208
18.357560
17.888544
18.384776
17.088007
17.088007
18.027756
15.524175
19.697716
18.027756
18.973666
18.973666
21.587033
19.313208
21.023796
19.646883
22.803509
24.738634
20.880613
24.515301
26.305893
28.284271
29.427878
31.256999
28.635642
31.400637
30.805844
31.320920
31.320920
30.364453
29.614186
27.658633
28.160256
28.284271
29.154759
26.305893
30.265492
29.154759
29.017236
28.017851
28.017851
24.020824
26.019224
26.019224
27.018512
28.017851
25.019992
27.018512
26.000000
26.000000
24.083189
24.083189
24.331050
23.537205
20.396078
23.537205
24.515301
24.515301
25.495098
24.186773
24.186773
25.079872
25.179357
25.079872
25.317978
25.317978
24.186773
26.172505
25.179357
24.331050
25.179357
26.305893
25.317978
25.179357
25.000000
25.179357
27.018512
26.000000
27.073973
27.073973
26.305893
28.160256
26.076810
26.172505
24.020824
26.019224
25.019992
27.073973
25.079872
20.223748
19.104973
24.000000
21.095023
16.492423
15.000000
15.000000
10.198039
12.041595
13.000000
13.000000
38.118237
36.055513
39.115214
42.107007
40.112342
38.327536
34.234486
34.525353
35.355339
35.355339
34.525353
35.227830
34.234486
32.140317
32.249031
30.265492
31.780497
32.015621
30.594117
33.241540
14.035669
28.635642
18.110770
16.031220
16.031220
14.560220
13.152946
14.142136
20.223748
17.117243
38.078866
37.215588
38.118237
17.262677
13.000000
24.020824
20.024984
22.022716
21.095023
23.000000
22.000000
21.023796
21.023796
21.213203
20.000000
20.396078
18.110770
19.235384
16.031220
19.000000
18.000000
17.262677
17.029386
17.029386
18.027756
18.027756
15.000000
18.000000
17.029386
14.035669
15.000000
16.031220
16.000000
12.000000
13.000000
12.000000
12.165525
12.000000
10.049876
11.045361
6.000000
7.615773
8.944272
8.944272
7.071068
8.246211
7.280110
6.082763
4.123106
9.219544
9.055385
10.198039
12.041595
13.038405
12.165525
11.401754
11.180340
11.401754
13.601471
13.152946
9.055385
10.198039
11.180340
12.529964
19.235384
21.470911
