0.000000
3.162278
3.162278
5.000000
4.123106
5.000000
7.071068
7.017834
7.500000
7.000000
8.015610
8.631338
7.566373
7.516648
8.000000
7.500000
7.500000
7.648529
7.071068
7.158911
8.631338
8.139410
8.062258
9.617692
9.552487
10.049876
9.124144
10.111874
10.606602
9.513149
9.708244
10.920165
10.547512
11.045361
11.672618
10.307764
12.020815
10.198039
11.543396
11.011358
10.606602
10.547512
10.606602
11.280514
9.708244
11.067972
11.180340
9.823441
9.708244
9.708244
10.688779
9.823441
10.547512
11.180340
10.307764
11.180340
11.597414
10.688779
9.617692
10.198039
11.180340
11.768602
9.124144
10.198039
12.093387
10.440307
9.962429
10.770330
10.012492
10.440307
12.500000
12.649111
10.965856
12.175796
11.629703
11.704700
12.369317
12.257651
12.000000
11.672618
11.543396
11.510864
11.543396
11.045361
12.165525
11.597414
10.511898
10.000000
9.124144
9.500000
9.013878
10.920165
8.944272
9.340771
10.965856
8.381527
9.823441
8.558621
9.013878
8.015610
9.000000
9.500000
10.111874
10.111874
10.606602
12.041595
14.008926
13.009612
12.041595
11.045361
12.000000
13.601471
12.298374
12.619429
14.115594
12.041595
9.394147
9.848858
17.670597
17.240940
16.620770
14.866069
13.536986
11.101802
11.543396
12.658989
13.647344
14.983324
15.116216
15.000000
15.116216
14.008926
12.349089
17.269916
14.430870
14.008926
15.008331
14.534442
14.713939
14.221463
12.854960
14.396180
13.038405
11.543396
11.884864
10.793517
10.440307
10.594810
10.511898
11.180340
10.124228
9.486833
9.192388
9.340771
9.013878
9.848858
9.394147
7.905694
9.219544
7.071068
7.762087
7.516648
8.944272
7.071068
7.280110
8.321658
7.615773
8.746428
8.500000
7.632169
6.500000
6.403124
6.264982
5.522681
7.017834
7.615773
8.500000
8.944272
8.077747
9.192388
8.514693
8.015610
9.486833
8.276473
6.082763
5.590170
6.041523
4.500000
6.082763
5.408327
3.535534
1.414214
0.707107
1.802776
2.500000
1.000000
2.549510
1.118034
4.472136
5.220153
4.301163
4.924429
0.707107
2.061553
4.500000
6.264982
8.015610
10.259142
11.500000
11.000000
9.192388
3.162278
3.535534
1.500000
0.707107
1.414214
1.414214
0.707107
2.000000
2.236068
4.242641
6.500000
9.433981
13.647344
14.089003
14.422205
14.300350
14.916434
16.650826
12.419742
10.965856
10.307764
10.547512
5.385165
4.527693
5.852350
4.609772
7.017834
4.924429
5.500000
7.000000
10.816654
11.101802
13.829317
12.747549
11.629703
10.965856
9.708244
9.340771
10.198039
8.860023
10.049876
10.198039
8.558621
10.111874
7.648529
5.220153
5.830952
4.301163
6.500000
8.544004
8.558621
9.013878
8.732125
8.746428
8.860023
10.000000
9.604686
9.617692
8.732125
8.746428
9.219544
10.793517
11.401754
9.962429
8.944272
9.513149
8.139410
7.905694
9.433981
7.905694
8.321658
10.295630
10.062306
11.236103
8.746428
8.944272
7.433034
8.015610
7.566373
9.617692
9.656604
9.861541
8.944272
10.124228
10.259142
10.630146
7.382412
9.219544
9.013878
9.861541
9.433981
10.062306
10.307764
8.200610
8.544004
9.013878
8.139410
5.700877
6.041523
6.670832
7.826238
8.514693
8.944272
9.604686
11.236103
9.552487
9.924717
9.300538
8.200610
8.139410
8.902247
9.617692
8.944272
6.800735
5.408327
4.031129
5.700877
5.656854
5.590170
4.472136
2.549510
4.123106
4.924429
6.324555
6.103278
4.609772
5.590170
6.324555
5.590170
6.708204
7.826238
7.211103
8.381527
9.219544
6.964194
8.077747
10.735455
7.382412
9.708244
7.762087
6.324555
5.852350
7.516648
5.024938
5.500000
7.017834
6.800735
6.000000
5.024938
6.576473
5.220153
3.640055
4.472136
4.301163
5.656854
5.700877
5.000000
7.017834
6.500000
8.200610
7.433034
7.632169
4.609772
4.949747
6.403124
9.962429
11.768602
11.101802
14.142136
13.000000
15.700318
10.000000
15.074813
14.008926
15.033296
13.536986
14.534442
7.648529
5.852350
5.220153
2.692582
3.535534
3.535534
4.472136
4.031129
4.031129
3.807887
3.354102
1.802776
2.061553
4.031129
4.123106
3.807887
6.041523
5.099020
5.099020
7.500000
8.015610
10.500000
7.000000
6.082763
7.158911
6.020797
7.615773
1.581139
3.535534
5.385165
6.082763
6.519202
6.324555
5.590170
6.670832
7.433034
9.013878
9.178780
6.670832
6.184658
5.522681
5.522681
8.000000
7.158911
7.071068
7.280110
7.905694
8.558621
7.762087
10.688779
7.826238
8.602325
8.746428
6.500000
2.915476
3.354102
2.692582
7.211103
7.615773
7.826238
6.800735
7.516648
7.516648
8.139410
8.015610
5.522681
6.670832
7.280110
7.632169
6.964194
5.315073
7.158911
9.513149
8.631338
10.440307
8.732125
7.158911
8.276473
5.700877
2.692582
9.861541
9.604686
6.946222
3.162278
3.201562
3.807887
5.385165
5.000000
4.527693
6.519202
6.082763
5.099020
6.670832
7.382412
8.062258
7.158911
10.307764
11.401754
12.041595
10.700467
12.103718
9.552487
10.259142
9.433981
10.511898
7.826238
10.295630
10.770330
9.656604
9.617692
8.746428
9.394147
9.617692
8.544004
8.246211
8.381527
8.732125
9.219544
10.606602
9.823441
5.590170
4.924429
7.106335
8.139410
9.013878
10.630146
12.298374
11.510864
11.510864
13.038405
12.175796
11.180340
12.175796
8.746428
9.178780
6.519202
6.708204
4.716991
6.708204
6.500000
6.103278
4.716991
6.184658
6.519202
6.670832
7.566373
7.648529
9.013878
9.617692
8.139410
9.708244
11.704700
10.630146
10.606602
11.715375
9.604686
8.514693
8.200610
7.500000
6.363961
7.500000
6.800735
6.946222
6.184658
8.015610
9.340771
9.394147
9.617692
6.708204
6.000000
6.000000
5.099020
6.324555
6.082763
6.324555
8.246211
10.440307
10.770330
10.440307
10.770330
9.055385
11.180340
11.045361
12.041595
12.165525
15.033296
13.038405
16.278821
16.401219
19.209373
20.518285
20.518285
22.022716
20.862646
21.100948
17.414075
19.474342
18.124569
18.179659
16.807736
15.572412
15.508062
21.783021
19.091883
20.554805
21.224985
19.300259
20.554805
19.608672
18.343936
20.500000
20.500000
20.742469
22.940139
