160.773910
162.130349
163.506116
164.411830
166.722074
166.722074
166.722074
167.430583
167.685718
168.956355
168.751296
169.207713
170.242474
168.707587
167.135424
167.590274
168.915659
168.295128
168.882356
168.671278
167.738636
168.620877
169.275663
168.152461
167.482835
166.602071
167.263266
166.373075
166.388852
166.853978
165.270990
165.270990
165.736236
166.178368
165.270990
165.469030
164.575970
166.587064
166.590816
167.263266
167.258034
167.482835
167.258034
166.811271
168.376067
166.812020
167.036673
166.818015
166.620827
165.736236
165.325437
165.970630
165.325437
164.006860
165.124196
165.363992
165.654007
165.899066
167.508955
167.323788
167.323788
166.641081
168.439900
166.827006
167.451486
168.476259
168.915659
169.355396
171.918585
172.471012
173.184872
174.302180
178.532910
180.567162
184.560288
189.066787
193.246604
198.600101
203.362361
207.596965
211.240384
213.256301
214.901140
214.133720
211.615808
208.444837
204.619769
196.866071
190.262976
179.366942
171.011696
161.556492
158.395865
154.353490
151.637726
152.712148
152.385203
154.423120
157.308614
161.644672
164.837041
169.323655
176.139150
186.657440
195.607387
201.157277
201.791972
200.890517
194.695275
185.591622
174.322259
161.796941
153.052279
145.163701
138.946033
135.699116
135.781074
134.715441
135.830777
140.969855
144.589073
146.820469
148.507576
148.660687
149.714729
152.703962
157.543645
162.785902
168.707587
173.525935
179.566840
186.982620
195.108303
199.022612
208.062491
215.745220
219.127817
220.359933
218.165648
214.149481
208.154990
198.188042
191.703547
183.199345
174.470628
167.738636
161.673282
157.429349
154.325144
152.444252
154.444974
156.148167
158.622981
161.644672
162.038576
159.471784
157.042988
156.726673
151.803327
147.743866
142.704240
141.605967
137.928423
141.309058
144.104996
146.604911
150.553147
154.412597
160.070297
165.585325
170.425937
171.491253
169.051767
164.569894
160.206117
156.956204
155.700032
155.946305
160.457159
163.790262
171.613665
179.568928
187.038098
194.407433
196.624642
198.600101
197.310035
193.454129
189.792650
189.300026
190.239980
193.706608
195.640614
198.237232
195.888999
192.780315
185.006081
176.827600
169.352443
164.974240
162.500000
165.101484
171.555385
182.358164
189.848624
201.500620
211.454487
213.912365
216.112239
213.178915
209.356753
200.843845
191.416431
179.573105
173.191368
166.689082
165.140092
164.402707
167.941210
167.941210
169.381965
169.331037
169.762334
172.303511
175.017856
176.307260
178.200028
179.408054
180.853532
181.320159
177.804668
170.154342
162.200493
154.910458
146.069333
140.543588
136.939768
132.800602
134.545531
132.070057
132.046393
134.704306
139.387948
139.364630
140.361141
140.051776
139.053946
138.313051
140.089257
142.850446
148.432645
152.565560
156.426500
160.855525
159.777971
160.811225
157.435701
150.490033
143.820200
136.077184
126.357627
118.796044
108.104116
99.742168
91.571011
88.579061
91.647422
102.987863
114.198292
123.889063
128.807026
134.153830
130.947509
126.004960
120.451235
113.803559
111.786627
112.720894
115.750810
120.794247
129.496139
134.182711
138.254295
145.413204
152.303972
158.559926
160.923118
162.689889
160.112460
154.966125
151.730847
145.096520
144.839566
148.597611
149.763981
152.579487
156.634128
163.230665
161.289336
157.950942
151.064556
145.159395
139.204885
133.753505
133.088317
133.874008
133.673109
137.083916
140.961874
143.733260
147.075661
145.962324
141.351512
139.256059
135.810530
134.486059
134.849917
135.356012
138.597439
142.351677
147.588956
152.192313
157.372965
160.175685
160.064050
155.153150
148.278454
139.829360
131.769685
126.649122
121.285819
119.700668
117.525529
117.381855
119.817570
124.338248
133.583307
138.101412
142.535083
143.377125
140.321951
138.293167
137.051997
137.539085
136.606186
144.693642
150.208189
154.345392
164.198812
170.393662
180.090255
181.047646
179.300028
174.846361
175.368184
178.360590
181.044193
185.322692
191.330212
194.905105
195.075626
198.909527
205.071939
203.760276
199.752972
191.797419
185.184368
178.972763
175.620329
176.789423
176.646540
177.053664
173.787226
169.955877
160.412749
148.984060
133.958949
126.397191
127.265471
131.103966
140.307698
150.050825
170.912990
183.517029
202.406769
215.086610
225.639092
231.918089
238.933568
246.077224
250.843577
260.969347
267.808234
275.102254
278.501795
279.358193
277.252592
271.603111
261.022030
253.860198
244.541408
234.300021
222.859261
209.502387
194.823638
184.846558
174.860659
165.411608
158.746654
153.378617
155.123338
156.484025
158.094908
162.211282
164.128760
171.584527
173.900115
175.551275
177.189870
180.707637
184.182654
190.148626
195.016025
203.403540
211.906819
223.035872
237.641011
249.160591
259.178028
262.107325
261.140288
263.030416
260.927672
256.624726
252.002480
247.548985
242.863130
235.526007
233.824721
230.057058
226.634618
225.887140
223.016255
212.849712
203.855341
192.180254
180.533238
171.353436
161.680240
154.351061
149.171881
147.054412
143.961800
141.620090
140.578270
135.300591
131.280235
126.831581
133.060137
140.023212
149.773996
164.274922
174.963568
182.517122
193.019429
197.274555
202.104552
201.883630
193.371404
185.748486
176.476627
169.319963
163.444180
159.600282
157.430143
160.534264
163.973321
169.485250
180.765732
189.861133
194.833904
196.247930
194.810806
193.123018
188.283032
181.753267
176.137021
171.246168
164.207947
162.788206
159.976561
154.991129
149.820726
146.294224
140.040173
136.734231
134.617978
133.008458
132.273391
131.523762
131.568423
135.610656
139.396019
143.031465
146.179684
147.686323
144.503460
139.804328
137.588154
131.614969
123.621398
115.676272
109.765659
108.061325
106.066017
106.987149
106.954430
106.100189
113.315930
121.281697
130.339940
140.905110
146.649241
150.722427
149.000839
144.616735
132.722455
125.099960
118.713942
115.433964
114.127122
116.065714
117.844177
121.911853
125.599562
132.774244
136.672053
134.851770
130.929370
122.091154
116.710111
112.934716
113.600176
114.902132
116.975425
122.989837
129.468143
135.111991
140.206990
147.751481
152.856142
157.648343
160.124951
156.974520
151.830498
144.676363
134.893476
128.581686
119.445594
110.205490
103.200048
99.001263
94.806382
93.065837
94.716683
98.057381
104.015624
110.205490
122.238496
130.208487
139.625392
145.062917
146.052217
141.408097
134.600334
125.571693
121.417668
120.300665
121.685044
123.220331
121.656278
123.961688
134.083929
137.595421
138.825430
139.775713
143.576635
149.141711
152.401608
161.239728
163.019171
163.704765
157.379319
152.431132
144.313028
134.704306
132.231804
133.567399
132.740348
137.058382
142.298981
145.013792
