0.000000
14.422205
25.455844
19.723083
23.430749
24.083189
19.104973
27.658633
25.927784
25.927784
25.927784
25.544080
25.303162
26.248809
26.248809
26.631748
26.248809
27.335874
27.101660
28.040150
27.335874
27.280946
27.950850
26.400758
26.248809
25.927784
25.869867
27.721833
27.408940
26.518861
26.631748
25.811819
25.124689
25.544080
25.495098
25.124689
26.172505
26.162951
25.811819
26.172505
26.537709
27.613403
27.586228
27.244265
26.879360
23.817011
26.248809
26.172505
26.870058
26.201145
26.172505
26.518861
24.758837
26.537709
26.518861
26.870058
26.518861
26.870058
27.932955
27.932955
28.293109
29.347061
26.879360
25.455844
25.811819
25.104780
27.586228
26.201145
26.172505
24.748737
27.280946
24.748737
25.104780
23.711811
24.748737
24.083189
23.753947
25.223997
24.758837
25.811819
24.839485
25.465663
25.164459
23.334524
24.520400
25.455844
24.418231
24.748737
25.124689
25.104780
24.758837
25.811819
25.465663
24.758837
26.518861
25.465663
26.172505
25.455844
24.397746
24.789111
25.104780
25.811819
25.465663
24.758837
26.162951
24.839485
27.225907
26.537709
27.658633
27.613403
26.879360
27.586228
25.811819
25.465663
25.455844
26.575365
27.280946
25.811819
25.495098
26.870058
24.758837
27.018512
26.518861
26.907248
25.465663
26.518861
27.244265
26.870058
26.575365
25.455844
27.932955
27.225907
25.831183
26.248809
25.495098
26.248809
26.575365
26.248809
26.004807
25.831183
25.831183
26.537709
25.495098
25.869867
27.335874
27.613403
25.124689
26.907248
25.455844
25.811819
25.104780
26.907248
26.201145
25.811819
25.465663
26.162951
25.465663
25.811819
27.932955
26.201145
25.544080
27.500000
26.004807
25.927784
27.721833
27.408940
26.800187
27.613403
27.408940
28.319605
26.953664
26.953664
27.018512
26.631748
26.870058
27.225907
25.455844
26.201145
25.164459
27.335874
27.335874
27.335874
27.986604
30.700163
31.340868
37.205510
35.089172
35.418921
35.468296
35.146124
36.939139
37.716044
36.939139
35.920050
37.013511
37.500000
37.802116
38.600518
39.003205
40.770700
40.770700
41.188591
41.764219
41.677332
42.617485
43.660623
43.617657
44.972214
45.620719
46.287147
44.119157
45.893899
48.104054
48.466483
49.175705
49.962486
48.931074
49.979996
52.088866
52.031241
52.502381
53.141321
55.183784
55.814425
56.526542
57.567352
58.860003
59.820565
61.131007
61.613716
62.709648
62.565965
63.788714
66.590164
66.191011
66.994403
67.487036
68.066144
68.805886
68.390423
70.799011
68.647651
71.925308
70.615154
72.912619
71.780917
72.763315
71.599581
71.599581
72.341205
72.091955
72.006944
73.164199
72.584434
74.966659
73.569695
74.555349
75.048318
75.048318
75.876544
75.713275
76.034532
75.876544
76.697458
77.781746
77.929455
78.501592
78.501592
77.862058
77.435457
80.476705
80.215335
79.429214
83.852549
79.920273
80.603970
81.624139
82.469691
84.836608
85.494152
84.257047
86.638617
85.328776
86.977008
91.603766
87.328403
87.132084
86.977008
88.612922
89.244047
87.965902
88.955045
88.955045
93.629589
96.449469
93.557469
96.176920
95.762728
94.540996
97.324200
94.201911
95.351980
97.015463
97.306218
95.111776
98.615415
98.560895
106.301458
101.316336
105.304321
105.200998
104.644637
108.573708
107.594145
113.517620
118.004237
116.501073
119.000000
120.516596
116.068945
118.152444
123.698221
123.904197
122.193494
122.247699
124.628448
127.475488
130.464555
130.921732
135.079606
135.126792
135.279341
140.472417
141.028366
141.351512
142.208474
140.911320
146.239530
129.260396
130.309248
146.609174
127.891556
133.291035
151.823088
142.955413
132.740348
144.191713
135.886902
129.704472
129.207198
130.751673
130.699082
129.059095
134.893476
135.508302
130.423349
137.874037
133.042287
132.416955
138.486461
138.370878
140.532025
133.185960
135.175811
135.577469
135.673321
139.479389
135.034255
138.262432
139.364630
141.147086
142.640282
140.058916
140.200749
141.195786
137.765199
138.708327
139.309906
142.292832
141.246239
146.986394
142.095918
144.281842
141.246239
142.738397
146.452211
143.733260
142.738397
148.116508
144.997414
144.334681
150.021665
147.530505
148.162917
149.804039
152.192313
149.753130
152.598329
150.798707
148.809442
148.660687
150.463451
148.312171
152.814430
152.948521
150.194873
148.296999
156.010416
155.540991
153.375357
151.038075
158.526023
164.760432
167.904735
179.461695
184.354278
181.804840
191.126267
204.954873
205.729191
204.402789
206.037011
203.501843
206.034584
205.496959
202.653029
204.358753
206.180140
205.934456
206.496973
210.400214
214.295357
218.241266
219.391203
219.000571
219.413423
219.441336
208.689362
186.113541
163.367683
172.682512
179.048876
179.332791
177.162355
177.282261
163.359267
162.222841
167.430583
158.595397
157.874159
163.751336
159.687977
161.483745
163.982469
158.837181
171.121302
170.700029
170.801054
173.035401
175.716391
170.904944
174.724068
176.414994
174.201033
175.716391
175.360343
171.011696
170.502933
172.812760
170.608470
179.873567
181.546826
179.311182
178.797371
179.591898
185.030403
170.423003
169.000740
169.401889
167.518656
168.900118
172.861216
167.305858
175.017856
168.707587
166.421904
166.643332
166.728822
175.534897
185.548511
170.101440
151.485973
149.306731
159.471784
154.942731
153.808322
153.532570
159.224684
158.767912
155.548224
155.322246
155.322246
156.407321
151.892232
154.563903
150.779641
154.563903
158.902486
164.609386
165.312583
166.015812
169.292646
162.426907
168.125697
168.834238
168.220094
168.440642
174.300029
156.959390
155.693609
152.598329
152.529505
159.227039
156.630138
153.268555
156.540730
151.744028
149.647085
152.133165
150.719939
154.049505
153.343568
147.248090
153.304436
155.924661
154.942731
171.400117
155.219200
147.846204
160.633901
148.628732
152.775162
152.726062
155.974357
153.153518
156.847059
156.352966
157.934322
158.638741
161.722757
162.576905
162.500000
166.728822
181.009668
182.358164
184.576542
183.473431
185.685891
189.866400
189.747200
190.905736
192.509740
191.971352
212.967721
202.630822
214.026283
215.388602
214.848784
215.483758
217.002304
218.119807
218.062491
216.712367
215.826898
218.295671
219.391203
217.830209
218.245848
221.840032
220.509070
220.937208
223.188261
223.835877
222.717871
223.159696
225.842866
225.417391
226.753170
229.004913
228.554151
227.758644
229.438990
226.817658
229.930424
231.953120
234.401365
233.070805
233.283626
232.194423
235.336461
236.074670
238.447059
236.425993
239.841614
240.587822
243.648312
242.041835
243.370602
244.851486
244.191011
244.600184
237.329412
240.924262
249.775900
245.467921
251.915164
250.599781
252.436626
253.425531
242.571639
246.221445
254.541254
241.704882
255.893044
257.694102
244.299509
250.346260
251.461727
239.318303
242.467008
243.074063
245.155053
245.740208
245.423104
245.692898
260.909946
264.172765
241.423383
265.932322
265.547077
268.200019
275.340698
275.340698
276.861879
279.436039
278.392708
274.500455
282.245461
281.080949
283.532185
282.836525
283.884660
283.532185
280.724954
263.970642
283.532185
283.532185
283.532185
283.532185
