0.000000
12.041595
11.101802
10.111874
10.511898
10.547512
10.012492
9.513149
10.511898
10.547512
10.111874
10.606602
10.688779
11.280514
11.236103
13.285330
12.349089
13.285330
12.349089
13.462912
13.000000
13.928388
14.773287
14.577380
15.692355
15.976545
17.088007
18.973666
18.500000
19.448650
19.416488
19.416488
20.396078
20.396078
20.396078
22.360680
22.360680
22.090722
22.090722
21.523243
22.051077
21.552262
22.090722
40.012498
40.000000
40.549353
41.527100
42.643874
42.526462
44.544921
45.543935
46.542991
49.540388
50.522272
52.009614
54.509174
57.508695
62.018143
63.517714
66.516915
66.516915
69.007246
71.506993
75.506622
77.525802
82.013718
84.005952
87.500000
92.533778
98.011479
98.215325
98.367932
100.534820
100.534820
100.858812
87.741096
87.741096
88.309116
87.842188
89.068794
89.244047
88.776405
89.712039
90.476516
90.649049
91.118055
90.946413
90.610430
90.284273
91.392013
93.287191
93.451859
93.605555
94.711404
95.186659
96.137922
96.449469
96.923939
96.923939
97.398665
98.043358
99.474871
99.952489
100.908374
102.060031
103.781019
103.445638
103.924251
105.650367
106.128460
105.172477
105.172477
105.650367
105.320938
107.379002
106.275585
107.420901
108.380118
108.380118
108.240473
108.102960
108.102960
108.102960
108.449297
107.967588
108.102960
106.523472
107.967588
108.720973
107.967588
108.102960
107.834364
108.102960
108.449297
107.352224
107.967588
108.102960
108.102960
106.870248
105.906799
107.352224
108.102960
107.622024
108.316665
107.141262
107.760150
108.240473
108.240473
108.240473
108.042816
107.563934
107.856386
108.633558
108.633558
108.633558
106.424856
106.424856
106.424856
105.624334
106.100189
108.005787
106.729799
108.310895
108.166538
108.638161
109.582161
110.856890
110.527146
110.527146
110.527146
110.527146
110.527146
109.914740
109.276027
111.024772
111.163168
111.328343
111.163168
111.495516
110.856890
111.024772
111.966513
112.437761
112.437761
112.134963
112.437761
112.437761
112.909256
112.909256
112.909256
112.909256
112.909256
113.416269
113.589172
114.482531
115.596280
115.596280
115.232374
115.698963
116.061406
116.165830
114.876020
115.812348
115.344051
115.296357
115.767007
117.100384
116.071099
116.237903
115.906212
115.433964
114.996739
115.936405
117.046999
116.165830
117.640342
118.938009
118.938009
118.288841
118.938009
120.516596
120.260135
119.910383
119.792529
119.685003
119.970830
121.730235
122.133124
122.133124
121.490740
122.133124
123.071118
123.244675
123.420015
123.025404
124.709663
123.956646
124.532124
124.532124
125.468123
125.936492
126.112053
127.048219
125.590605
126.873953
123.516193
123.703274
125.722910
125.574679
126.530629
127.343041
127.200629
127.680265
128.640002
128.981588
128.500973
129.462350
129.673629
130.637858
131.120174
131.602622
132.567907
133.050742
122.615252
124.597351
126.084297
126.515809
129.492278
129.988461
131.602622
132.659338
134.578044
135.570093
135.508302
137.058382
137.058382
136.937942
137.058382
138.177422
139.105176
140.160622
140.787961
141.283403
141.778877
142.342018
142.411376
143.265488
143.136299
144.006944
144.066825
145.000000
145.059471
145.059471
133.803027
138.730855
141.725968
143.722824
145.623659
148.513467
148.503367
148.503367
137.274360
141.549461
142.535083
144.344207
145.331518
147.153831
149.977498
151.823088
152.686771
152.686771
151.694594
151.694594
151.823088
152.099474
152.401608
152.562282
135.570093
136.441379
138.673177
139.539421
140.414565
139.421125
140.304134
142.401720
142.190893
143.287299
144.389231
143.632343
145.743782
145.496564
143.632343
143.761087
118.584358
117.461696
118.331103
120.205033
119.210947
121.096036
120.100999
121.096036
119.210947
120.317289
119.324138
114.242068
114.242068
114.242068
114.360177
115.352720
115.478353
116.469953
117.338186
119.767483
119.767483
120.914226
121.910828
120.914226
119.917680
119.009453
117.116395
116.121703
115.127104
113.939677
112.041287
112.143881
111.149674
96.656609
97.655005
96.718664
98.714234
97.716426
98.714234
98.714234
97.716426
98.785120
97.329338
95.379505
78.193670
77.196179
77.131381
76.133107
75.700066
75.700066
74.702744
73.786855
74.783019
74.702744
74.082724
73.138567
74.136698
73.206899
72.292807
71.296914
