0.000000
4.272002
2.915476
2.549510
3.041381
4.472136
3.354102
4.472136
2.121320
3.201562
3.500000
3.535534
3.535534
2.915476
4.123106
5.220153
4.743416
4.716991
5.147815
4.527693
4.743416
4.031129
4.123106
4.272002
3.354102
4.272002
3.905125
4.000000
4.272002
3.807887
5.385165
4.716991
5.385165
4.031129
3.807887
4.272002
5.385165
4.031129
5.700877
4.609772
5.852350
6.500000
4.123106
5.590170
4.924429
5.099020
5.852350
5.385165
5.590170
4.609772
4.609772
4.527693
4.527693
5.385165
6.082763
6.184658
5.522681
6.082763
5.000000
5.522681
6.184658
7.158911
7.433034
7.762087
6.184658
6.670832
7.433034
8.077747
7.615773
7.158911
7.433034
8.732125
8.276473
7.566373
8.631338
7.762087
8.631338
8.860023
8.544004
9.219544
8.139410
9.124144
9.617692
9.708244
9.486833
9.708244
8.860023
9.823441
9.013878
9.823441
10.124228
11.067972
11.401754
11.543396
11.067972
11.067972
12.175796
11.704700
12.369317
10.688779
12.500000
12.369317
11.768602
12.257651
11.280514
12.500000
12.658989
13.341664
13.285330
13.829317
13.647344
13.238202
14.637281
12.093387
12.649111
13.238202
15.402922
14.560220
13.647344
13.829317
14.713939
14.560220
14.560220
13.946326
14.080128
15.700318
15.700318
16.194135
15.890249
15.700318
17.262677
16.194135
16.770510
17.846568
16.492423
18.828170
18.741665
18.607794
18.110770
18.439089
19.235384
19.906029
21.592823
21.289669
22.203603
21.213203
22.090722
22.276669
24.682990
23.436083
24.083189
25.243811
25.079872
26.076810
27.018512
27.018512
29.154759
26.542419
28.500000
29.274562
9.552487
9.708244
27.115494
24.581497
8.321658
26.617663
30.516389
24.682990
14.916434
22.005681
26.462237
36.704904
44.294469
59.297976
52.995283
44.319860
58.821765
60.716555
45.634417
46.219585
42.346783
47.185803
46.957428
46.738635
46.970736
47.647141
49.193496
49.421655
49.441885
50.119856
51.429563
56.200534
57.915887
57.578208
59.753661
59.154459
62.968246
63.906181
66.200453
67.514813
70.576200
71.625764
71.473771
77.884530
73.859664
76.042751
73.859664
76.689308
80.176368
80.700062
81.608823
84.118963
86.478321
86.488439
90.249654
91.001374
93.005376
95.080229
98.469538
98.718033
101.037122
102.012254
102.123700
104.073291
102.592641
104.901144
105.029758
99.040396
100.568385
102.149400
102.299804
104.198129
105.948101
105.311443
123.657794
139.933020
166.676333
155.610090
163.802473
158.254542
151.210119
176.142698
173.793700
177.209622
165.545311
162.864975
186.903719
225.712760
252.892270
297.718827
339.648348
381.284671
