0.000000
7.433034
9.656604
11.280514
11.180340
9.656604
9.340771
6.708204
5.099020
9.219544
9.000000
9.055385
11.045361
12.165525
12.041595
13.038405
7.000000
7.071068
8.062258
8.062258
11.045361
12.165525
12.000000
16.031220
26.076810
27.018512
28.071338
27.018512
29.068884
29.154759
29.274562
29.832868
32.557641
32.140317
32.249031
30.000000
30.149627
26.925824
27.313001
32.649655
33.837849
28.160256
31.304952
29.966648
27.784888
27.784888
25.059928
21.470911
23.259407
20.615528
26.419690
26.627054
26.076810
23.706539
24.041631
26.683328
26.000000
25.495098
28.460499
31.953091
31.016125
31.048349
34.176015
34.928498
36.674242
33.615473
30.364453
30.364453
32.015621
32.557641
31.575307
30.149627
34.014703
33.105891
31.384710
31.780497
33.241540
33.241540
32.500000
32.422986
35.777088
36.235342
36.674242
36.235342
36.235342
35.846897
35.341194
37.576588
36.674242
37.576588
36.769553
36.769553
36.249138
37.121422
34.438351
37.121422
36.674242
38.470768
37.576588
40.311289
39.357337
40.706265
40.706265
41.593269
43.382024
47.010637
47.423623
49.658836
50.089919
53.712196
56.462377
54.626001
52.801515
53.225934
54.129474
52.801515
50.566788
49.244289
43.829214
48.332184
48.846699
49.769469
44.777226
44.294469
44.418465
43.566042
36.878178
33.941125
30.413813
29.698485
28.319605
28.319605
29.732137
29.000000
28.284271
26.907248
24.758837
18.439089
22.022716
20.000000
19.416488
21.400935
24.207437
21.633308
22.022716
26.172505
22.803509
26.907248
30.479501
33.301652
29.832868
31.144823
31.144823
38.418745
37.802116
34.713110
35.608988
36.878178
25.495098
24.758837
26.172505
23.345235
20.248457
18.867962
24.186773
24.698178
25.000000
20.124612
25.632011
25.632011
27.202941
26.925824
28.178006
23.600847
24.083189
27.294688
32.202484
30.610456
30.805844
33.286634
34.713110
37.483330
36.124784
23.600847
22.847319
35.383612
45.276926
47.885280
47.423623
49.244289
48.383882
51.264022
56.920998
57.245087
57.775427
52.924474
49.658836
51.884487
51.478151
46.141088
45.486262
44.102154
39.408121
37.802116
34.985711
37.443290
35.510562
35.805028
38.483763
40.311289
42.544095
43.908997
39.824616
41.048752
44.102154
43.931765
44.045431
41.340053
46.400431
43.566042
42.438190
43.908997
47.507894
46.647615
45.793013
45.000000
45.486262
44.944410
48.600412
47.201695
47.201695
45.803930
46.615448
46.400431
47.801674
49.203658
46.861498
45.453273
44.045431
43.011626
38.275318
41.182521
40.706265
35.777088
32.202484
33.105891
37.696154
37.696154
36.400549
39.293765
39.560081
37.947332
40.496913
66.211781
85.615419
85.428333
89.894382
92.135769
91.678787
92.130342
92.590496
96.254870
93.150416
93.295230
95.718337
95.414884
92.962358
94.868330
91.263355
81.633327
82.661962
82.365041
77.388630
76.321688
72.945185
71.554175
56.320511
57.070132
59.665736
56.612719
63.788714
60.638272
58.249464
54.744863
53.460266
51.156622
53.150729
53.150729
55.443665
55.084027
56.568542
