0.000000
16.977927
14.560220
16.124515
15.628500
15.700318
17.528548
17.564168
14.577380
13.647344
15.628500
14.807093
17.262677
15.787653
13.341664
12.369317
16.867128
16.977927
17.262677
17.677670
18.927493
19.235384
17.356555
17.102631
18.172782
18.337121
20.223748
20.155644
18.741665
17.356555
16.007811
16.007811
14.637281
14.560220
16.378339
17.182840
16.867128
18.110770
15.628500
16.688319
13.341664
15.660460
14.080128
15.811388
14.115594
12.816006
11.715375
12.500000
11.672618
11.101802
11.510864
10.124228
12.093387
15.402922
15.297059
13.865425
14.560220
14.230249
14.396180
15.231546
13.656500
12.971122
10.735455
10.965856
11.629703
13.000000
16.867128
15.402922
16.620770
19.163768
23.717082
30.761177
49.882362
67.839885
91.083753
77.162167
71.688563
69.079664
64.251459
62.018143
58.517092
58.728187
53.333854
52.841745
49.244289
47.270498
43.545953
24.520400
27.658633
23.717082
60.582588
82.200973
80.576051
75.990131
72.154348
64.001953
59.600755
54.701463
48.399380
48.646685
59.350653
57.870545
55.081757
39.169503
45.893899
48.971931
50.062461
53.723831
57.656309
62.261545
67.007462
72.470684
72.015623
78.315069
82.826626
90.832263
96.210706
99.730888
101.707915
107.540690
114.504367
118.072012
126.831581
129.807550
135.714774
143.729781
148.355148
152.827517
164.755880
168.734259
172.523187
169.081341
172.813483
138.698414
120.640996
121.911853
132.658396
132.853303
138.673177
139.737253
