0.000000
3.354102
4.743416
2.121320
3.535534
3.162278
2.692582
3.605551
3.354102
3.354102
3.500000
3.162278
4.242641
6.264982
5.700877
3.041381
4.716991
6.946222
6.800735
5.385165
7.632169
7.106335
8.746428
8.139410
7.500000
7.433034
4.272002
4.500000
7.158911
7.905694
8.500000
8.500000
7.905694
9.013878
7.106335
9.394147
9.617692
7.905694
9.708244
8.902247
8.860023
12.083046
6.708204
4.924429
5.385165
4.609772
2.692582
3.535534
6.519202
6.184658
5.590170
5.000000
4.609772
3.354102
2.236068
4.527693
1.802776
2.915476
3.807887
5.024938
3.535534
4.272002
3.535534
4.123106
3.640055
5.000000
6.082763
5.590170
7.280110
9.340771
10.594810
10.965856
3.500000
3.041381
8.062258
6.708204
3.354102
1.581139
5.590170
8.500000
9.617692
10.062306
8.077747
31.324910
33.800888
33.514922
36.718524
36.868008
35.556293
37.121422
38.658764
44.070965
39.812058
41.871828
38.600518
42.216703
43.063906
42.240384
44.525274
44.994444
48.564390
49.882362
50.559371
52.654534
47.817361
52.595152
54.392095
53.235327
56.767068
53.235327
53.956001
57.019733
59.405387
62.403926
64.031242
67.357256
64.113181
69.758512
68.390423
64.863318
