0.000000
10.547512
11.672618
10.688779
11.180340
13.238202
14.221463
14.230249
16.324828
17.670597
16.446884
14.430870
11.401754
10.793517
9.340771
12.020815
11.704700
11.672618
13.729530
13.462912
13.462912
10.793517
13.583078
13.038405
13.656500
14.150972
15.620499
17.414075
18.901058
8.860023
10.012492
11.011358
14.508618
11.543396
9.513149
11.597414
10.606602
9.013878
11.011358
9.513149
10.000000
12.589678
12.854960
13.729530
13.341664
11.000000
11.000000
9.500000
11.500000
13.009612
11.500000
12.041595
11.543396
12.589678
11.401754
9.656604
9.340771
9.192388
8.732125
9.962429
13.038405
19.006578
20.006249
19.557607
19.006578
15.033296
16.530275
15.074813
16.031220
14.080128
13.536986
14.500000
16.500000
15.000000
15.033296
12.539936
13.038405
10.793517
10.511898
11.045361
13.462912
11.800424
15.692355
18.200275
25.005000
31.894357
36.989863
40.115458
46.035313
52.964611
54.646592
61.629944
64.778469
73.832581
73.832581
80.896539
87.864953
93.841622
97.684441
101.677185
105.670478
110.662776
114.713774
118.706571
123.758838
127.750734
132.741290
139.589577
144.624514
149.530097
155.512861
160.528035
164.512158
168.511869
172.526085
175.502849
177.502817
180.511080
185.524257
186.542891
190.594465
192.593484
195.625280
202.561719
203.539308
205.529803
208.548555
211.528958
213.528687
216.528289
216.505196
215.514501
215.500580
214.505245
213.500585
214.520978
215.537120
216.536948
214.537293
210.538001
211.502364
210.500000
209.500000
207.500000
207.500000
205.000000
204.002451
206.002427
201.000000
200.010000
195.010256
193.010362
189.010582
186.010752
183.002732
179.002793
172.002907
166.012048
162.027775
158.028478
152.003289
147.003401
141.003546
136.014705
133.015037
128.015624
124.036285
119.067208
113.039816
109.073370
104.076895
97.185390
92.000000
89.000000
83.024093
81.001543
77.001623
70.001786
60.002083
56.055776
50.062461
46.067885
40.152833
35.288100
28.359302
23.648467
24.864634
25.714782
28.412145
28.848743
28.900692
31.084562
26.744158
22.299103
18.580904
20.081086
18.062392
22.940139
28.969812
29.753151
28.412145
27.536340
26.669271
21.242646
22.135944
21.840330
24.515301
22.135944
22.135944
20.615528
21.931712
22.627417
23.345235
21.213203
19.209373
20.615528
22.803509
21.954498
23.021729
24.083189
21.931712
22.627417
19.209373
21.400935
20.000000
19.209373
17.029386
19.104973
17.691806
20.518285
21.400935
21.931712
21.931712
16.970563
19.104973
17.029386
18.439089
17.088007
15.231546
17.720045
23.021729
21.931712
17.923448
15.692355
16.770510
18.200275
18.200275
17.613915
19.602296
18.607794
16.770510
14.916434
