0.000000
3.535534
5.099020
4.609772
4.609772
5.700877
5.852350
4.924429
5.000000
5.315073
8.544004
8.544004
8.944272
8.732125
9.178780
9.848858
10.062306
10.062306
11.926860
8.558621
14.159802
13.435029
15.572412
16.620770
17.356555
17.734148
16.770510
16.867128
16.867128
18.069311
19.608672
19.608672
19.962465
21.828880
21.360009
21.982948
22.940139
23.162470
23.162470
23.436083
24.331050
24.748737
24.824383
25.317978
24.515301
24.515301
24.026028
23.537205
22.561028
21.587033
19.924859
19.924859
18.668155
18.027756
17.356555
16.278821
15.524175
15.182226
15.524175
16.155494
15.231546
14.396180
14.577380
13.416408
14.422205
19.912308
19.697716
20.718349
20.892582
20.248457
38.694315
35.777088
37.121422
36.786546
38.275318
39.408121
39.512656
42.801869
43.026155
44.308577
46.349218
46.010868
47.055818
48.469062
48.469062
49.155366
46.316844
50.209561
49.517674
50.209561
51.295711
47.023930
45.609758
45.609758
47.034562
46.690470
46.349218
45.642634
46.381570
44.687806
45.392731
45.392731
45.392731
45.392731
48.337356
48.337356
46.930800
46.930800
46.502688
46.502688
45.348649
45.348649
44.592600
44.096485
43.156691
40.031238
38.242646
38.736288
38.916577
42.077310
43.017438
43.017438
42.385139
42.101069
42.807710
39.223717
41.188591
42.005952
42.172266
42.994186
40.577087
40.577087
40.577087
39.503164
39.003205
39.512656
39.503164
40.000000
40.000000
40.003125
40.577087
40.527768
41.027430
41.027430
41.527100
42.002976
42.511763
43.511493
44.511235
44.511235
46.002717
45.510988
47.010637
47.002659
48.002604
47.502632
49.502525
50.009999
51.502427
53.002358
54.002315
55.020451
55.520267
56.020086
56.519908
56.020086
57.035077
56.519908
57.035077
56.555283
56.555283
55.536024
55.556278
55.556278
55.556278
54.612270
54.147945
53.688919
53.338541
52.900851
52.043251
51.908573
51.478151
51.478151
49.002551
48.088460
47.100955
46.035313
45.620719
45.213383
44.229515
44.059619
43.649170
43.649170
43.156691
42.664388
42.579338
42.664388
42.664388
42.664388
41.593269
41.512046
41.512046
41.018289
40.524684
40.524684
40.376354
40.447497
40.524684
40.607881
40.697051
40.792156
41.487950
41.716304
43.011626
43.488504
44.944410
46.097722
46.510751
48.127435
52.146428
52.146428
53.303377
54.353013
57.107355
58.388783
60.108236
61.522354
62.289646
64.817050
67.091356
66.454872
67.935631
67.623960
68.501825
67.900663
68.705895
70.103495
71.501748
71.501748
71.904450
72.308367
70.911917
71.205688
71.205688
71.800070
72.308367
73.805488
72.500000
73.409809
72.154348
72.154348
72.085019
73.109507
74.197372
74.582169
74.968327
76.375716
77.466122
77.312677
80.300996
79.701004
81.315743
81.966457
83.486526
86.256884
86.974134
88.245396
90.898295
93.469246
97.808486
97.808486
100.882357
103.768974
105.101142
108.904775
111.612051
114.333941
117.729563
120.276764
125.623445
124.696632
127.480391
129.989423
131.028623
132.900339
134.306552
136.356151
139.008093
140.894464
144.693642
145.000862
146.109548
147.838594
147.838594
149.733931
150.525745
150.370376
151.168780
151.494224
152.448352
153.880636
153.255506
152.925636
153.255506
153.255506
153.403064
153.733536
153.733536
153.255506
153.109438
153.255506
153.109438
152.631091
152.152884
152.299869
151.822265
151.344805
150.390325
150.692568
148.152793
148.152793
147.054412
144.860278
143.319573
140.863409
139.463257
136.624485
134.693170
131.705163
127.879826
127.879826
126.831581
125.778575
124.851912
123.405835
123.378483
123.379496
122.797598
121.988729
120.260135
121.355882
122.160755
121.264174
120.354684
120.728000
120.509336
119.402680
120.263253
119.566927
119.838433
120.108284
119.726772
119.106045
119.453966
118.019066
117.962918
118.323709
118.975838
117.171882
118.318426
118.105885
117.686023
117.273185
116.409836
115.092354
113.718952
112.859426
109.709845
108.337436
105.243765
105.646817
103.870111
102.753345
101.894553
100.580813
99.464818
97.961727
96.846528
95.923146
94.055834
94.240384
93.693650
93.590865
93.126258
91.647422
91.647422
91.181138
90.249654
90.068030
90.433677
89.319651
89.136132
88.670739
89.136132
88.255311
87.144994
86.811578
86.175693
85.248167
84.162046
84.646323
83.464064
82.565126
81.389496
80.686120
79.227520
77.603157
76.000000
75.059976
72.500000
74.111403
72.418920
71.975690
71.918356
71.920095
71.501748
72.100624
72.258218
71.808774
72.156081
71.980900
71.512237
70.869599
69.758512
70.530135
69.892775
69.256769
68.784082
68.308125
67.100671
67.100671
66.577023
66.109757
65.513357
65.306967
65.115282
64.623912
64.623912
63.641574
63.560994
63.560994
62.699681
62.579949
62.020158
62.297673
61.856689
62.116825
61.987902
63.281119
65.349063
64.924957
66.155121
67.603624
69.420818
70.883708
73.661387
74.620708
76.721900
78.501592
80.761996
80.761996
82.651376
84.185806
85.119034
86.100232
87.658428
88.896007
89.523740
91.599672
93.921510
93.477270
94.589904
95.059192
96.254870
96.772930
98.615415
98.234414
98.511421
98.511421
98.976007
99.440937
97.862148
97.771417
96.932967
95.923146
94.936821
94.021274
93.729664
91.919802
90.785461
89.667441
89.005618
87.911888
86.833173
86.018893
84.653706
83.177521
82.748112
81.144932
79.045873
78.773409
77.540312
76.316774
74.600603
73.805488
72.313553
71.063352
69.204407
67.684932
65.454182
65.454182
65.088401
64.001953
63.655322
63.287044
62.932504
62.932504
62.579949
62.579949
62.579949
62.579949
62.225397
62.261545
62.603914
62.659796
62.659796
63.366000
62.627869
63.366000
64.594891
64.594891
64.594891
65.751426
65.436993
66.219333
66.612686
