0.000000
7.905694
2.061553
5.522681
15.508062
22.638463
16.070159
14.534442
11.180340
9.708244
10.259142
13.946326
17.464249
19.235384
18.117671
13.435029
15.572412
15.572412
9.300538
12.093387
12.083046
10.511898
11.180340
9.013878
3.640055
4.716991
4.924429
4.031129
11.510864
11.800424
13.509256
11.672618
9.604686
6.264982
8.276473
18.973666
33.970576
53.612032
58.600341
72.001736
99.172829
82.469691
52.900851
26.504717
12.298374
15.945219
10.965856
11.101802
10.700467
9.924717
8.139410
8.544004
4.242641
5.220153
7.500000
7.106335
6.041523
3.605551
6.020797
6.519202
2.061553
4.031129
10.111874
11.011358
11.543396
10.735455
9.617692
11.510864
8.500000
7.648529
2.915476
