0.000000
1.000000
3.605551
4.472136
4.301163
5.315073
5.315073
4.949747
5.000000
5.408327
5.315073
5.700877
5.000000
5.315073
6.020797
5.656854
5.315073
5.315073
5.656854
5.656854
6.020797
5.656854
6.403124
5.000000
5.408327
5.408327
4.949747
4.609772
4.609772
4.609772
4.031129
4.301163
4.924429
4.301163
4.031129
3.807887
3.807887
4.716991
4.272002
3.807887
3.807887
3.640055
4.031129
3.354102
4.472136
3.640055
3.640055
4.031129
4.272002
3.535534
3.807887
3.640055
3.807887
3.807887
4.123106
3.354102
4.123106
4.123106
4.123106
3.535534
3.807887
3.162278
4.000000
3.640055
3.640055
3.640055
3.807887
3.807887
3.807887
4.272002
4.272002
3.807887
4.031129
4.272002
3.807887
3.640055
4.743416
5.147815
4.743416
5.147815
4.472136
5.000000
4.716991
5.000000
4.716991
4.301163
4.609772
4.472136
4.472136
3.605551
3.640055
2.915476
3.807887
4.272002
4.301163
4.609772
4.609772
4.716991
4.301163
3.905125
3.905125
4.301163
4.301163
4.609772
4.031129
3.640055
3.605551
3.162278
2.692582
4.031129
4.123106
4.924429
4.301163
4.609772
4.716991
4.301163
3.807887
3.807887
4.031129
3.807887
5.000000
5.000000
5.408327
5.700877
6.103278
4.609772
4.949747
3.605551
3.535534
3.640055
3.535534
3.000000
4.031129
5.000000
5.315073
3.535534
4.301163
5.315073
3.905125
4.242641
4.472136
3.905125
5.000000
4.609772
4.949747
4.949747
4.609772
4.301163
3.905125
4.609772
4.716991
5.700877
6.103278
6.519202
4.301163
4.301163
3.535534
4.301163
4.716991
4.609772
3.905125
5.147815
4.716991
4.301163
5.700877
5.408327
5.315073
4.301163
5.700877
4.716991
4.301163
5.147815
4.716991
6.500000
6.264982
6.800735
6.041523
5.590170
5.590170
4.716991
4.924429
6.041523
6.519202
6.103278
6.946222
6.041523
6.708204
6.041523
4.031129
5.000000
4.743416
1.581139
2.828427
1.802776
2.915476
2.915476
2.000000
1.802776
1.802776
1.500000
2.061553
1.500000
2.549510
2.500000
1.802776
1.000000
1.802776
1.414214
1.414214
2.692582
0.500000
2.692582
3.535534
2.061553
3.162278
2.061553
4.031129
4.527693
5.099020
5.522681
7.071068
7.017834
4.000000
5.024938
5.522681
5.024938
6.020797
3.535534
5.500000
4.031129
5.522681
4.500000
4.527693
4.527693
5.000000
5.522681
5.500000
4.527693
4.272002
4.609772
5.024938
4.123106
2.500000
3.354102
2.500000
3.162278
3.162278
3.041381
3.041381
3.640055
4.031129
3.041381
4.500000
4.000000
3.535534
4.031129
4.527693
4.031129
5.220153
7.000000
7.648529
8.139410
9.617692
8.732125
10.049876
10.547512
12.093387
12.257651
12.658989
13.341664
14.807093
15.402922
16.620770
15.628500
15.572412
15.628500
15.572412
15.628500
15.132746
15.700318
16.124515
15.297059
16.194135
17.755281
17.262677
16.770510
15.132746
16.278821
15.297059
15.402922
15.628500
15.700318
15.787653
15.787653
15.402922
15.628500
16.620770
16.620770
16.194135
15.074813
14.221463
14.713939
14.142136
14.142136
14.142136
12.658989
12.257651
12.165525
12.257651
12.980755
12.257651
11.884864
11.236103
11.543396
10.594810
10.594810
10.440307
10.440307
9.340771
9.656604
9.823441
8.381527
9.013878
8.246211
8.732125
8.077747
7.280110
8.276473
9.394147
7.382412
6.800735
7.433034
7.382412
6.324555
6.324555
5.590170
6.041523
5.385165
5.590170
4.301163
4.924429
4.472136
5.408327
4.716991
3.605551
4.609772
4.031129
4.472136
4.743416
4.472136
4.716991
3.640055
3.605551
3.605551
3.605551
3.605551
3.605551
3.605551
4.242641
3.605551
4.242641
3.605551
4.472136
4.472136
4.472136
4.472136
5.000000
4.472136
3.605551
3.605551
3.162278
3.605551
3.162278
3.162278
3.354102
3.041381
3.162278
3.000000
3.000000
3.000000
2.000000
2.000000
2.000000
2.000000
2.000000
2.236068
1.414214
2.000000
2.000000
2.000000
2.000000
2.000000
2.000000
2.000000
2.000000
2.000000
2.000000
2.000000
3.605551
3.605551
3.605551
3.605551
3.162278
3.162278
3.162278
3.162278
3.162278
3.162278
3.162278
3.162278
3.162278
3.162278
3.162278
3.162278
3.162278
3.162278
3.162278
3.162278
3.162278
3.162278
3.162278
4.000000
4.123106
4.123106
4.123106
4.123106
4.123106
4.000000
4.000000
4.000000
4.000000
4.123106
4.123106
4.000000
4.123106
5.099020
5.099020
5.099020
5.000000
5.099020
4.123106
3.500000
3.640055
4.031129
4.609772
4.031129
4.609772
4.609772
4.031129
3.905125
3.201562
3.905125
3.905125
3.201562
3.201562
3.905125
3.905125
3.905125
4.716991
4.716991
4.272002
4.272002
4.272002
3.354102
3.354102
3.354102
3.354102
2.500000
2.500000
2.500000
2.061553
1.802776
1.500000
1.802776
1.500000
1.500000
1.118034
1.118034
1.802776
1.581139
1.581139
1.581139
1.581139
2.549510
2.549510
2.915476
2.549510
2.549510
2.915476
2.121320
2.915476
2.121320
2.549510
2.549510
2.121320
1.581139
2.549510
0.707107
1.581139
0.707107
0.707107
0.707107
0.707107
0.707107
0.707107
0.707107
1.581139
2.915476
0.707107
2.549510
0.707107
1.581139
0.707107
0.707107
1.581139
2.121320
0.707107
1.581139
1.581139
1.581139
1.581139
1.581139
1.581139
2.549510
2.549510
2.061553
2.500000
2.061553
0.500000
1.118034
1.802776
1.118034
1.802776
1.118034
2.061553
1.802776
1.802776
1.802776
1.802776
2.236068
1.000000
3.000000
3.000000
3.000000
3.000000
3.000000
3.000000
4.123106
4.123106
5.099020
6.082763
5.099020
6.082763
5.099020
7.071068
6.082763
7.071068
6.082763
4.000000
5.000000
4.123106
6.082763
4.000000
3.000000
1.414214
1.414214
2.000000
1.000000
1.000000
3.162278
2.236068
2.236068
3.000000
3.000000
1.414214
2.236068
2.692582
4.031129
2.500000
3.500000
3.640055
3.640055
4.031129
3.905125
1.500000
2.692582
1.802776
1.802776
2.061553
2.061553
1.500000
0.500000
0.500000
0.500000
0.500000
1.118034
2.061553
2.061553
3.041381
2.061553
2.000000
2.000000
2.000000
2.000000
1.414214
2.000000
1.000000
1.000000
1.414214
2.061553
3.041381
3.354102
2.500000
2.061553
1.118034
2.061553
1.118034
1.118034
1.118034
1.802776
1.802776
2.500000
3.041381
3.354102
4.272002
4.031129
4.031129
2.061553
1.118034
1.802776
1.500000
1.802776
1.118034
2.500000
3.041381
3.041381
3.354102
4.000000
5.385165
4.123106
4.123106
3.162278
2.000000
1.414214
3.605551
3.000000
4.123106
5.099020
5.099020
5.099020
5.099020
4.123106
5.385165
6.403124
3.605551
3.162278
1.414214
1.000000
1.802776
2.061553
1.118034
0.500000
1.802776
1.500000
2.500000
1.118034
2.061553
2.061553
2.061553
2.500000
3.354102
4.031129
4.609772
3.905125
3.905125
4.609772
5.408327
4.924429
2.500000
4.500000
3.640055
4.609772
4.609772
3.640055
3.500000
3.500000
2.500000
3.640055
3.640055
5.590170
5.590170
5.852350
6.800735
7.158911
6.800735
5.852350
5.852350
7.566373
7.762087
7.158911
7.158911
5.852350
3.500000
3.201562
3.807887
2.915476
2.915476
2.915476
2.915476
2.915476
3.535534
4.301163
5.522681
7.017834
5.024938
5.220153
4.716991
3.905125
4.716991
2.500000
1.500000
1.500000
2.692582
3.201562
3.201562
3.201562
2.500000
2.500000
2.500000
2.061553
2.692582
1.118034
3.354102
4.031129
5.024938
6.020797
4.031129
4.031129
1.802776
3.041381
4.031129
4.272002
3.807887
2.915476
1.581139
2.549510
3.535534
2.915476
3.807887
3.807887
3.535534
3.535534
3.807887
2.915476
2.549510
1.581139
1.118034
3.041381
3.041381
4.031129
2.061553
1.118034
0.500000
1.500000
1.500000
2.061553
5.024938
3.041381
5.024938
6.020797
4.000000
5.099020
6.000000
5.000000
5.000000
5.000000
4.000000
5.220153
5.024938
6.020797
7.017834
5.024938
6.020797
8.015610
8.015610
9.013878
7.071068
7.280110
7.280110
7.280110
7.280110
7.615773
7.615773
7.615773
6.324555
6.708204
6.708204
6.324555
5.000000
5.830952
5.000000
5.830952
7.000000
7.071068
6.500000
6.800735
7.762087
5.408327
5.315073
6.020797
6.726812
5.315073
5.315073
5.315073
5.590170
5.590170
6.103278
6.946222
6.500000
5.590170
4.716991
4.716991
5.315073
5.408327
4.609772
5.315073
6.020797
5.315073
6.103278
4.609772
4.609772
4.924429
4.031129
5.852350
3.201562
3.201562
2.061553
4.031129
3.354102
4.716991
5.315073
5.315073
4.924429
5.408327
4.609772
3.201562
1.802776
0.500000
1.118034
1.118034
2.692582
1.802776
2.500000
3.354102
4.716991
5.590170
6.103278
6.363961
7.106335
6.363961
7.433034
4.609772
5.000000
4.123106
3.354102
4.031129
3.807887
2.915476
4.527693
5.147815
4.743416
5.700877
6.800735
7.632169
6.264982
7.158911
7.158911
7.778175
7.778175
9.300538
9.924717
10.700467
10.700467
9.192388
9.192388
9.192388
8.139410
7.778175
8.845903
7.106335
7.905694
6.363961
7.905694
6.946222
6.103278
9.178780
9.708244
9.552487
9.219544
10.816654
11.180340
11.401754
11.313708
9.899495
9.708244
10.307764
8.321658
10.062306
9.300538
9.192388
9.924717
8.514693
10.700467
10.124228
10.606602
9.604686
7.433034
7.017834
7.017834
6.103278
6.500000
7.211103
8.062258
7.810250
9.219544
10.630146
10.630146
10.630146
12.041595
10.965856
10.606602
9.300538
8.381527
8.514693
7.566373
7.500000
9.124144
8.381527
9.178780
9.178780
11.101802
12.500000
10.307764
10.630146
9.433981
10.295630
8.246211
10.049876
8.944272
9.848858
11.180340
14.317821
13.892444
13.601471
12.206556
13.601471
12.727922
12.806248
13.038405
13.601471
12.529964
10.062306
10.111874
11.280514
10.307764
9.656604
11.884864
12.298374
12.776932
14.150972
15.305228
16.918924
16.710775
16.918924
15.305228
15.435349
14.866069
13.038405
12.093387
13.009612
11.280514
12.257651
12.010412
13.946326
18.069311
17.219175
19.912308
21.272047
23.032586
20.940392
19.912308
17.755281
18.527007
19.729420
20.303941
18.821530
18.821530
19.104973
19.104973
20.880613
23.769729
24.186773
23.021729
22.743131
20.838666
21.360009
19.906029
18.200275
16.007811
16.194135
14.008926
13.086252
16.620770
17.670597
18.768324
20.180436
20.180436
22.276669
23.345235
22.022716
23.021729
21.470911
20.615528
19.924859
19.416488
18.681542
20.099751
20.223748
21.840330
23.769729
22.472205
23.259407
21.470911
23.323808
24.186773
23.769729
23.259407
24.738634
22.203603
22.677081
21.476732
20.500000
20.426698
23.942640
24.824383
22.743131
24.964975
23.717082
23.505319
23.032586
22.192341
20.988092
18.560711
18.343936
18.668155
21.272047
21.272047
24.438699
25.238859
25.519600
23.307724
24.413111
23.706539
25.000000
24.413111
23.021729
20.591260
22.825424
22.825424
23.436083
22.743131
23.070544
20.940392
21.360009
23.478714
22.588714
20.838666
21.029741
21.029741
20.742469
19.780040
18.337121
19.137659
19.474342
19.500000
18.607794
19.906029
20.353132
19.906029
20.359273
21.691012
19.912308
18.560711
20.260800
20.012496
21.783021
20.651876
19.811613
19.039433
19.039433
19.608672
19.006578
17.867568
17.219175
18.124569
17.923448
18.027756
16.124515
14.764823
13.416408
12.369317
15.524175
15.297059
16.124515
15.297059
15.811388
13.341664
13.601471
13.416408
12.619429
12.093387
13.038405
12.776932
10.965856
10.965856
9.340771
9.192388
8.860023
9.513149
9.513149
8.514693
11.510864
9.513149
8.631338
8.860023
8.276473
9.178780
9.178780
9.708244
7.826238
7.826238
7.158911
7.158911
9.013878
9.124144
9.013878
6.500000
7.280110
7.615773
6.800735
6.403124
8.602325
7.615773
5.385165
5.385165
5.830952
4.609772
5.590170
5.590170
5.852350
3.201562
5.147815
5.408327
5.830952
6.103278
4.716991
3.354102
2.500000
2.500000
2.692582
2.692582
2.500000
2.500000
1.581139
1.581139
2.061553
2.061553
1.118034
0.000000
0.000000
2.236068
1.414214
1.414214
2.236068
0.000000
1.414214
1.000000
3.162278
3.605551
5.000000
5.000000
7.810250
8.944272
9.178780
9.708244
10.547512
10.062306
9.656604
10.062306
8.381527
8.381527
7.433034
6.020797
5.220153
4.272002
3.905125
3.041381
3.162278
3.162278
1.414214
2.236068
1.802776
2.061553
2.061553
2.061553
1.118034
4.031129
5.147815
4.301163
4.301163
5.147815
5.147815
6.041523
6.041523
6.964194
6.041523
6.041523
6.041523
4.743416
4.743416
5.147815
6.519202
6.519202
7.106335
5.700877
6.519202
6.519202
4.949747
3.535534
4.301163
2.915476
2.121320
2.915476
2.915476
2.915476
3.807887
2.549510
2.915476
2.121320
2.121320
2.915476
3.535534
2.121320
3.535534
2.549510
1.500000
1.000000
2.000000
2.236068
2.236068
3.041381
3.041381
1.118034
3.354102
2.500000
2.500000
2.500000
3.201562
4.609772
4.609772
5.408327
5.315073
3.905125
3.354102
3.905125
3.354102
4.272002
4.272002
4.031129
4.272002
4.716991
4.716991
5.590170
5.590170
5.590170
5.590170
6.103278
6.103278
6.946222
4.716991
5.590170
5.024938
5.220153
4.272002
3.807887
2.915476
2.915476
3.807887
2.500000
2.500000
2.692582
3.201562
4.609772
5.315073
4.609772
4.716991
5.590170
4.716991
4.716991
3.905125
4.716991
4.716991
5.315073
5.315073
5.315073
4.609772
4.949747
4.301163
4.949747
4.301163
5.700877
5.147815
7.382412
5.700877
5.147815
4.949747
4.301163
6.363961
6.363961
6.363961
6.519202
5.700877
5.147815
5.147815
4.743416
5.147815
4.301163
3.535534
4.743416
5.147815
4.301163
4.301163
3.535534
2.915476
3.535534
4.743416
4.743416
4.301163
7.106335
7.106335
