0.000000
3.605551
4.242641
4.609772
3.605551
3.605551
4.716991
5.147815
5.147815
5.000000
5.000000
6.103278
6.103278
4.949747
4.609772
5.000000
5.000000
4.716991
4.609772
5.656854
5.700877
5.700877
5.315073
6.020797
4.301163
5.700877
6.020797
6.726812
6.403124
5.700877
6.020797
4.609772
4.949747
3.905125
5.700877
5.315073
6.020797
5.408327
5.700877
5.315073
5.315073
5.700877
4.609772
4.949747
5.315073
4.949747
7.071068
5.656854
6.020797
5.700877
6.363961
5.315073
6.020797
6.800735
6.800735
5.830952
6.103278
5.590170
6.041523
5.852350
6.264982
5.408327
6.264982
5.408327
6.264982
6.264982
6.041523
5.408327
6.519202
5.385165
5.852350
5.385165
4.609772
5.147815
5.408327
5.590170
5.147815
5.147815
4.716991
5.830952
5.147815
6.041523
5.700877
6.500000
7.158911
6.800735
7.382412
8.077747
6.964194
7.826238
8.062258
7.382412
8.077747
8.077747
6.946222
7.211103
6.800735
6.946222
6.946222
6.946222
6.946222
7.382412
7.382412
6.964194
7.158911
6.964194
7.905694
6.708204
7.158911
6.800735
6.800735
7.762087
7.158911
7.905694
7.905694
6.964194
7.433034
7.826238
7.762087
7.632169
7.632169
7.158911
7.632169
7.158911
7.382412
7.905694
8.276473
7.433034
7.158911
7.158911
7.905694
7.615773
7.615773
7.382412
7.158911
6.964194
7.433034
7.826238
6.800735
6.964194
6.800735
7.280110
6.800735
7.158911
7.158911
8.077747
7.158911
7.211103
7.158911
7.382412
7.615773
7.382412
7.615773
7.158911
7.905694
7.905694
7.158911
6.964194
7.433034
7.433034
7.905694
8.077747
7.433034
7.762087
7.566373
7.158911
8.139410
8.139410
6.500000
6.324555
7.280110
6.800735
7.762087
7.158911
7.158911
7.071068
6.184658
7.280110
8.139410
7.280110
7.158911
8.015610
7.516648
7.158911
7.071068
7.158911
7.762087
7.158911
8.246211
7.071068
8.139410
8.558621
8.062258
8.381527
7.905694
8.381527
8.544004
7.158911
6.964194
6.946222
7.615773
7.433034
6.576473
6.576473
7.158911
7.762087
7.280110
6.184658
5.220153
6.041523
5.385165
5.830952
5.590170
6.708204
5.220153
6.576473
5.852350
5.590170
6.800735
6.670832
6.964194
6.576473
7.615773
8.077747
8.381527
7.382412
7.632169
8.321658
7.500000
6.363961
5.315073
4.716991
5.656854
5.000000
5.700877
5.656854
5.315073
7.500000
6.519202
7.905694
8.602325
7.826238
8.321658
8.321658
7.500000
5.590170
6.519202
7.382412
7.158911
7.632169
8.077747
6.082763
6.020797
6.500000
10.124228
10.062306
10.547512
10.511898
10.770330
8.602325
10.124228
9.924717
9.604686
10.630146
11.101802
11.011358
10.404326
10.307764
10.630146
11.101802
11.412712
10.511898
9.848858
10.295630
8.732125
8.500000
6.500000
7.762087
7.280110
6.184658
5.220153
5.099020
4.527693
5.099020
4.924429
4.123106
4.472136
4.031129
4.123106
3.640055
3.640055
4.123106
3.354102
4.301163
4.716991
5.000000
5.700877
5.147815
4.716991
4.716991
5.000000
5.000000
5.000000
5.000000
5.700877
4.949747
5.147815
5.408327
4.472136
5.700877
4.716991
5.700877
5.000000
5.408327
5.315073
4.609772
5.408327
5.656854
6.020797
6.020797
6.103278
5.315073
6.726812
6.020797
6.020797
7.433034
7.433034
7.071068
8.139410
9.013878
7.778175
10.259142
9.219544
8.746428
8.746428
9.708244
7.500000
8.139410
7.905694
7.632169
7.810250
9.300538
11.101802
9.861541
11.101802
11.715375
13.124405
12.500000
13.793114
12.500000
12.903488
13.200379
14.603082
12.776932
12.529964
12.971122
14.150972
13.200379
11.629703
11.629703
11.180340
10.062306
10.307764
9.394147
9.962429
7.905694
8.500000
7.632169
7.632169
8.321658
7.500000
8.321658
8.321658
6.500000
7.158911
7.382412
7.615773
7.905694
7.382412
6.946222
6.519202
6.946222
6.519202
7.071068
6.363961
6.800735
6.800735
6.403124
6.403124
6.403124
6.403124
5.852350
5.408327
6.403124
5.408327
5.700877
6.103278
5.408327
4.924429
7.500000
7.826238
7.615773
7.826238
7.433034
7.382412
8.514693
7.810250
10.404326
9.861541
8.602325
8.845903
8.200610
8.902247
7.810250
10.816654
9.178780
8.746428
7.905694
7.500000
7.211103
5.590170
6.041523
5.700877
7.826238
6.519202
5.656854
6.020797
5.000000
5.220153
7.071068
7.905694
7.433034
9.178780
10.000000
8.602325
9.552487
8.845903
9.192388
8.485281
8.845903
6.726812
6.403124
6.519202
6.103278
4.301163
6.020797
3.605551
5.408327
4.031129
2.915476
3.162278
3.605551
2.000000
1.118034
1.581139
1.000000
2.236068
0.500000
1.414214
3.605551
6.020797
7.071068
6.363961
7.500000
7.905694
7.211103
8.139410
7.071068
7.778175
7.433034
7.500000
6.800735
6.403124
6.946222
6.964194
6.264982
6.519202
6.519202
5.590170
6.946222
6.403124
6.800735
6.800735
6.800735
7.071068
6.726812
5.408327
5.700877
6.020797
6.403124
5.656854
6.020797
6.363961
6.519202
6.800735
7.382412
7.810250
7.071068
6.403124
6.363961
5.147815
5.830952
4.472136
4.272002
4.716991
4.924429
5.852350
5.590170
9.013878
7.516648
8.139410
8.062258
8.732125
9.219544
11.768602
9.962429
10.920165
10.594810
10.965856
11.423660
10.124228
10.198039
10.049876
9.962429
9.708244
9.124144
10.000000
9.513149
9.513149
9.000000
9.513149
9.055385
10.049876
10.049876
9.513149
10.111874
9.513149
9.708244
10.198039
11.045361
10.793517
9.708244
9.124144
8.732125
8.860023
8.860023
8.860023
8.544004
8.631338
8.381527
9.340771
9.055385
7.566373
8.015610
8.015610
7.516648
7.017834
8.514693
7.071068
7.500000
7.000000
7.017834
6.576473
6.082763
6.082763
6.576473
5.590170
6.082763
6.184658
6.670832
5.500000
5.024938
5.024938
4.609772
5.024938
4.609772
3.605551
4.123106
4.743416
5.099020
5.700877
5.522681
6.020797
6.020797
7.516648
5.700877
5.522681
6.020797
4.272002
5.522681
4.123106
5.852350
5.385165
4.472136
4.609772
6.324555
5.522681
5.000000
5.830952
5.385165
5.852350
5.830952
5.590170
6.264982
7.433034
7.433034
7.433034
6.184658
6.500000
6.708204
6.946222
6.264982
7.158911
7.211103
8.200610
8.602325
8.321658
9.433981
10.000000
10.000000
9.552487
7.433034
7.106335
7.810250
5.000000
4.472136
4.609772
3.905125
3.905125
4.609772
4.609772
4.472136
4.242641
3.201562
3.201562
3.905125
4.242641
3.201562
2.828427
4.472136
5.000000
3.605551
3.905125
5.315073
4.472136
6.363961
5.408327
6.363961
6.800735
6.519202
7.382412
6.041523
7.615773
7.615773
7.615773
7.615773
7.280110
8.381527
7.433034
7.905694
9.486833
9.192388
8.077747
9.013878
8.276473
8.631338
7.762087
8.062258
7.566373
8.732125
8.246211
7.762087
8.246211
8.139410
8.139410
8.381527
8.381527
7.433034
8.077747
7.905694
9.656604
8.944272
9.861541
10.062306
10.547512
10.547512
10.124228
9.013878
8.200610
10.259142
10.000000
10.259142
10.606602
11.101802
12.500000
12.379418
12.103718
13.729530
12.806248
14.008926
14.150972
14.212670
14.212670
14.212670
14.008926
13.901439
14.603082
15.620499
14.300350
14.916434
13.793114
14.534442
13.200379
12.206556
12.349089
12.776932
12.500000
11.236103
10.977249
9.433981
8.500000
7.826238
7.211103
8.321658
7.382412
7.106335
6.946222
6.708204
6.708204
6.500000
6.946222
6.041523
7.615773
9.013878
7.632169
6.946222
7.500000
7.826238
7.778175
9.300538
9.013878
8.200610
8.944272
9.433981
11.313708
11.672618
9.300538
11.401754
11.335784
10.404326
10.700467
10.700467
12.379418
12.619429
12.619429
10.700467
11.926860
14.150972
14.008926
15.402922
13.200379
14.300350
14.705441
14.008926
15.692355
14.577380
13.200379
13.462912
12.529964
11.412712
11.926860
13.200379
13.462912
12.971122
13.865425
14.150972
13.865425
12.816006
12.747549
11.629703
12.816006
11.884864
12.500000
9.823441
11.280514
10.606602
9.486833
9.962429
9.340771
8.732125
8.860023
9.823441
8.860023
8.381527
7.648529
7.000000
7.516648
7.071068
7.516648
7.500000
8.558621
8.558621
9.552487
8.514693
8.139410
8.558621
8.062258
8.062258
8.246211
8.246211
8.732125
8.860023
7.648529
8.276473
8.381527
7.905694
8.276473
9.192388
9.848858
10.295630
9.848858
10.124228
11.180340
10.965856
11.629703
8.860023
9.013878
9.617692
10.965856
8.631338
10.111874
13.152946
11.510864
11.101802
12.257651
13.756816
12.298374
12.298374
11.423660
13.756816
12.747549
13.656500
12.971122
13.865425
13.928388
12.175796
11.661904
12.971122
11.412712
11.926860
11.180340
11.412712
11.926860
11.510864
10.816654
11.661904
11.236103
11.401754
12.103718
12.206556
12.971122
13.313527
11.510864
13.038405
11.401754
12.806248
10.700467
11.926860
11.926860
13.124405
14.212670
11.401754
11.672618
11.510864
12.041595
10.700467
11.926860
11.926860
14.230249
14.773287
16.101242
16.770510
15.890249
16.324828
16.124515
16.770510
16.552945
17.219175
18.337121
16.807736
15.882380
18.560711
17.219175
17.670597
17.888544
18.788294
19.039433
19.313208
19.780040
19.780040
16.807736
15.976545
13.200379
13.462912
17.557050
14.773287
17.269916
15.041609
17.392527
18.681542
15.297059
15.976545
17.356555
20.260800
18.200275
17.269916
16.155494
16.347783
16.286497
14.115594
14.230249
13.601471
13.124405
13.928388
13.000000
13.285330
12.083046
11.180340
11.180340
10.735455
12.419742
12.727922
12.747549
13.416408
14.764823
12.020815
12.165525
14.080128
12.500000
10.511898
10.547512
10.547512
11.180340
12.041595
11.543396
10.606602
12.093387
11.704700
12.649111
13.656500
11.704700
12.539936
12.500000
13.200379
10.965856
12.093387
12.083046
10.965856
11.884864
10.404326
10.977249
9.861541
9.300538
8.902247
9.178780
9.192388
8.500000
9.861541
9.848858
7.280110
7.280110
8.381527
6.324555
5.852350
7.566373
8.246211
8.500000
9.000000
7.516648
9.617692
8.514693
9.340771
9.823441
10.307764
9.708244
10.440307
11.067972
10.440307
10.594810
11.067972
11.101802
12.747549
10.295630
12.206556
11.661904
11.926860
11.629703
12.206556
10.816654
12.206556
13.200379
12.379418
12.806248
10.307764
10.307764
9.708244
8.062258
8.746428
8.746428
9.178780
9.394147
9.962429
9.848858
9.486833
9.340771
9.340771
9.340771
9.124144
10.198039
10.511898
10.511898
9.219544
10.547512
10.012492
9.500000
10.012492
9.000000
9.513149
10.511898
9.500000
9.055385
10.049876
9.055385
9.124144
10.049876
10.198039
9.219544
10.198039
9.219544
9.124144
8.544004
7.826238
7.433034
7.615773
7.158911
8.500000
8.062258
8.062258
8.077747
8.077747
7.762087
7.615773
7.615773
8.077747
8.246211
8.544004
7.433034
8.381527
7.648529
6.964194
7.615773
8.944272
8.544004
8.500000
6.800735
8.062258
8.544004
8.246211
9.708244
9.340771
8.860023
8.381527
8.860023
9.823441
9.962429
8.732125
9.708244
10.198039
9.013878
9.708244
8.860023
10.307764
9.708244
9.340771
9.013878
9.617692
8.631338
9.340771
9.656604
9.962429
8.077747
8.732125
8.077747
6.964194
6.500000
6.964194
7.905694
8.077747
6.964194
6.964194
7.158911
7.211103
6.264982
6.264982
6.184658
6.324555
6.324555
6.324555
5.385165
5.408327
5.099020
6.041523
6.324555
4.609772
5.024938
5.590170
4.924429
5.147815
6.708204
6.800735
5.830952
5.830952
7.433034
6.403124
6.363961
6.519202
6.726812
7.778175
7.071068
5.830952
6.020797
6.726812
6.020797
7.106335
6.103278
5.590170
6.103278
6.500000
5.315073
5.590170
5.852350
4.924429
5.590170
5.000000
6.020797
6.670832
8.077747
9.656604
8.944272
8.732125
7.905694
7.433034
5.385165
5.590170
6.324555
5.700877
4.609772
4.500000
4.031129
5.500000
3.535534
4.500000
4.031129
3.000000
4.000000
4.500000
4.500000
5.024938
4.527693
5.000000
4.031129
4.000000
4.527693
3.000000
3.041381
2.828427
3.905125
2.828427
3.354102
2.915476
2.500000
2.915476
3.354102
3.162278
3.041381
4.000000
4.031129
4.527693
4.500000
4.500000
4.500000
4.000000
4.031129
5.024938
4.123106
5.000000
6.000000
5.700877
4.527693
5.500000
5.590170
5.220153
4.123106
4.123106
4.031129
4.123106
3.640055
3.000000
4.272002
4.031129
4.272002
4.272002
3.640055
2.692582
1.581139
1.581139
1.802776
2.915476
3.201562
3.201562
2.915476
2.828427
3.201562
2.121320
3.201562
2.828427
4.031129
4.272002
5.099020
4.123106
4.527693
5.700877
5.099020
5.700877
6.576473
5.590170
6.082763
6.184658
7.615773
7.382412
7.826238
7.615773
7.826238
7.905694
8.732125
8.500000
8.200610
10.404326
9.219544
9.604686
9.219544
9.924717
9.552487
10.307764
9.552487
9.192388
9.899495
9.924717
9.924717
9.604686
9.219544
8.602325
9.013878
8.602325
8.514693
8.602325
8.321658
9.178780
9.300538
9.433981
9.178780
9.013878
9.433981
8.276473
9.013878
8.500000
8.500000
7.905694
8.732125
8.500000
9.178780
7.905694
8.631338
8.381527
7.433034
8.139410
7.158911
8.381527
8.746428
6.708204
7.211103
6.946222
6.500000
6.500000
7.433034
7.648529
8.246211
7.762087
7.905694
7.826238
8.381527
8.544004
9.394147
9.656604
10.307764
9.486833
9.486833
9.192388
10.062306
9.617692
8.732125
9.656604
10.594810
11.236103
11.067972
10.124228
9.708244
9.823441
9.823441
10.594810
9.513149
9.617692
10.688779
9.823441
9.219544
10.307764
10.307764
9.486833
9.340771
9.340771
9.340771
9.823441
9.962429
10.124228
9.486833
10.062306
10.307764
9.394147
9.433981
9.861541
9.861541
9.300538
8.062258
7.500000
8.500000
8.746428
8.732125
8.732125
8.321658
7.632169
6.946222
7.615773
7.158911
7.632169
8.077747
7.826238
6.800735
7.433034
7.433034
8.276473
7.905694
8.062258
6.964194
7.632169
8.077747
8.062258
7.615773
8.500000
8.732125
7.382412
8.276473
7.826238
8.544004
8.544004
9.486833
8.544004
9.192388
9.486833
9.708244
9.848858
9.617692
9.656604
9.178780
8.944272
7.615773
9.013878
9.013878
8.732125
9.394147
8.544004
8.544004
8.276473
9.486833
8.631338
8.139410
8.381527
8.860023
9.848858
9.656604
10.440307
10.770330
11.067972
10.440307
10.440307
9.617692
9.552487
9.513149
10.012492
11.011358
10.012492
10.111874
10.307764
9.656604
10.062306
10.700467
9.708244
10.259142
11.236103
11.661904
10.547512
10.977249
10.124228
11.101802
10.404326
8.200610
8.485281
8.200610
8.485281
9.924717
9.552487
10.307764
9.899495
9.192388
10.259142
10.259142
9.708244
10.630146
8.902247
7.810250
8.944272
8.944272
8.276473
7.762087
8.631338
8.514693
8.514693
7.516648
8.062258
7.762087
8.732125
8.544004
9.192388
8.732125
8.944272
8.500000
9.013878
7.433034
7.905694
7.433034
7.158911
6.576473
6.082763
7.017834
6.020797
6.184658
5.220153
4.743416
4.924429
4.272002
5.408327
5.000000
5.408327
5.700877
5.408327
4.272002
4.472136
4.924429
6.041523
5.220153
5.220153
5.852350
5.385165
5.590170
6.184658
5.590170
6.082763
6.324555
6.800735
5.852350
6.964194
7.433034
7.158911
7.905694
7.905694
8.381527
7.280110
9.617692
8.732125
8.139410
7.762087
7.071068
6.670832
7.071068
6.184658
6.020797
6.184658
5.220153
6.519202
6.082763
5.522681
6.000000
5.500000
5.000000
6.082763
5.024938
6.000000
6.519202
5.500000
7.000000
7.158911
7.017834
7.017834
7.017834
6.500000
7.516648
6.020797
7.017834
7.280110
7.280110
7.762087
7.632169
7.211103
8.062258
8.321658
7.905694
8.200610
7.433034
7.905694
7.905694
7.905694
7.106335
7.382412
6.800735
6.800735
6.264982
6.708204
6.708204
6.264982
6.264982
6.946222
6.946222
7.826238
7.826238
8.321658
8.746428
8.321658
9.013878
9.013878
8.845903
11.236103
11.510864
11.661904
11.853270
12.083046
11.853270
12.093387
12.971122
12.747549
13.200379
14.326549
13.647344
13.462912
14.230249
16.347783
17.088007
18.124569
17.557050
18.343936
18.384776
19.313208
20.155644
21.476732
19.608672
18.500000
20.081086
20.081086
19.906029
21.242646
21.708293
21.783021
22.638463
21.708293
22.638463
21.914607
20.524376
22.343903
19.416488
23.334524
20.886599
18.821530
14.764823
15.337862
15.206906
14.577380
14.317821
13.601471
14.317821
14.080128
14.430870
14.221463
14.430870
14.508618
11.101802
12.509996
11.101802
9.823441
12.093387
11.180340
11.672618
12.257651
10.511898
11.011358
11.011358
11.011358
10.511898
10.198039
9.124144
9.486833
11.236103
11.180340
11.629703
10.735455
12.093387
12.619429
11.236103
12.206556
12.206556
11.401754
12.041595
13.086252
11.335784
12.727922
9.708244
9.300538
8.062258
9.656604
8.944272
8.544004
7.433034
9.178780
7.905694
6.264982
7.433034
7.433034
6.500000
8.077747
6.324555
5.385165
7.648529
6.670832
6.670832
6.964194
7.433034
7.826238
7.382412
7.810250
8.062258
8.062258
8.732125
8.321658
9.178780
7.106335
9.013878
10.404326
8.944272
8.276473
8.746428
9.300538
10.124228
9.708244
9.708244
10.000000
9.861541
9.433981
9.178780
9.708244
10.000000
10.000000
10.404326
10.630146
11.672618
12.379418
12.379418
12.041595
11.313708
12.727922
11.672618
10.965856
11.672618
11.011358
10.965856
10.307764
9.604686
9.604686
10.965856
10.630146
11.011358
10.606602
9.924717
9.300538
9.300538
7.905694
8.077747
8.944272
3.000000
3.162278
4.000000
4.000000
6.000000
5.590170
6.324555
6.324555
7.762087
6.324555
7.433034
5.700877
6.670832
6.519202
6.519202
7.516648
7.516648
6.519202
7.516648
7.071068
7.905694
6.964194
7.905694
7.826238
7.382412
6.964194
7.211103
7.500000
7.211103
8.200610
8.062258
8.602325
7.632169
9.013878
9.219544
8.845903
9.552487
9.219544
9.552487
10.630146
10.630146
10.630146
9.192388
9.899495
8.845903
8.902247
8.200610
8.845903
7.778175
8.139410
7.905694
8.321658
7.905694
7.500000
7.433034
7.826238
7.211103
7.500000
6.500000
7.433034
6.964194
6.964194
7.071068
7.071068
7.017834
6.020797
6.519202
7.516648
7.762087
5.024938
6.519202
6.576473
6.519202
6.184658
7.280110
6.670832
6.708204
7.433034
6.324555
6.324555
7.648529
7.280110
6.670832
6.964194
6.964194
7.615773
8.544004
8.500000
7.826238
8.544004
8.077747
8.544004
9.433981
8.321658
7.826238
9.394147
8.746428
9.394147
9.394147
10.307764
10.511898
9.656604
10.793517
10.688779
10.606602
10.606602
11.011358
9.513149
11.000000
9.513149
10.511898
10.049876
10.111874
10.793517
11.067972
10.124228
10.511898
10.295630
10.124228
11.412712
10.735455
10.062306
10.062306
10.547512
10.547512
9.861541
8.746428
9.300538
10.124228
9.433981
8.944272
8.732125
8.062258
6.576473
7.500000
7.017834
6.576473
7.500000
6.519202
7.516648
8.015610
7.762087
7.500000
7.516648
8.062258
7.648529
7.433034
7.382412
7.382412
7.632169
8.062258
7.905694
8.746428
8.321658
8.062258
8.746428
8.276473
7.905694
8.544004
9.178780
8.500000
8.944272
9.861541
10.000000
10.735455
10.594810
10.511898
11.180340
12.776932
13.729530
13.416408
14.317821
13.865425
13.892444
14.300350
14.326549
14.326549
14.150972
13.729530
13.729530
15.264338
12.539936
11.853270
11.423660
11.423660
12.500000
11.180340
9.013878
9.513149
10.000000
10.198039
9.340771
10.606602
10.793517
11.768602
12.020815
12.020815
13.601471
12.500000
13.601471
13.462912
14.317821
15.297059
17.102631
18.681542
19.780040
20.554805
21.360009
20.892582
21.540659
21.840330
21.224985
23.584953
24.233242
22.638463
24.233242
25.460754
27.681221
28.160256
28.460499
29.732137
29.347061
29.618406
28.324018
26.315395
28.504386
28.504386
24.864634
25.347584
26.086395
21.965883
21.708293
19.729420
19.729420
18.741665
17.677670
18.668155
15.000000
16.918924
16.807736
15.660460
16.140012
16.763055
14.807093
14.317821
14.713939
14.430870
14.637281
14.008926
12.165525
12.589678
13.647344
13.946326
14.705441
14.577380
15.402922
14.560220
14.080128
14.807093
14.430870
13.946326
13.462912
14.317821
14.534442
15.435349
14.983324
15.008331
14.577380
14.422205
14.577380
14.577380
15.264338
15.692355
15.008331
12.747549
13.416408
13.892444
13.416408
11.180340
12.349089
11.423660
11.884864
11.884864
10.770330
11.543396
11.543396
11.067972
9.962429
9.708244
9.708244
10.307764
10.511898
10.049876
9.708244
10.049876
9.219544
8.732125
9.340771
9.486833
10.124228
8.732125
9.486833
9.617692
9.394147
9.394147
9.848858
10.735455
10.816654
11.180340
11.412712
11.510864
11.510864
11.510864
11.926860
11.401754
11.101802
12.103718
12.206556
12.500000
12.206556
13.601471
12.500000
12.619429
13.209845
12.093387
12.776932
11.401754
12.419742
12.419742
12.903488
12.903488
11.101802
12.103718
10.977249
10.977249
9.708244
9.617692
8.944272
9.617692
8.944272
7.826238
8.544004
7.615773
7.433034
6.964194
6.800735
7.158911
7.158911
6.670832
7.516648
6.670832
7.516648
7.648529
7.017834
6.519202
7.516648
7.017834
7.017834
8.558621
7.071068
7.516648
7.516648
7.516648
8.558621
8.246211
7.071068
8.062258
7.071068
8.500000
8.139410
7.280110
8.246211
8.631338
7.826238
8.860023
8.276473
8.860023
9.394147
9.178780
10.124228
10.062306
9.617692
10.511898
10.307764
10.124228
10.547512
9.394147
10.295630
10.404326
10.404326
11.101802
11.510864
11.715375
11.011358
11.011358
10.630146
10.630146
9.604686
8.902247
9.300538
9.617692
8.500000
8.500000
8.321658
8.514693
8.321658
8.062258
6.964194
7.905694
7.158911
7.382412
8.321658
7.826238
7.211103
7.632169
7.211103
7.905694
8.200610
8.944272
9.013878
8.602325
10.307764
8.845903
9.604686
9.604686
9.219544
9.899495
8.845903
9.552487
10.000000
10.630146
10.547512
11.236103
12.500000
12.529964
9.604686
10.606602
12.041595
12.806248
12.041595
12.041595
13.435029
12.379418
12.419742
12.379418
13.435029
13.793114
11.800424
14.008926
13.038405
13.729530
14.577380
15.264338
13.462912
14.326549
14.577380
15.953056
15.443445
15.116216
15.443445
14.150972
13.209845
15.692355
13.000000
14.773287
13.656500
12.298374
10.404326
9.617692
9.192388
9.192388
9.486833
8.077747
8.246211
8.631338
8.139410
7.516648
7.071068
7.071068
7.158911
6.670832
7.071068
7.071068
7.516648
7.071068
7.071068
7.566373
7.648529
6.964194
7.516648
7.762087
7.566373
6.964194
7.615773
7.433034
7.826238
7.826238
8.200610
8.602325
9.300538
9.300538
9.708244
9.604686
9.300538
10.404326
11.715375
12.041595
10.307764
11.672618
11.313708
12.020815
10.965856
11.313708
12.419742
13.509256
14.212670
15.239751
16.278821
16.278821
16.324828
14.866069
14.500000
15.239751
15.572412
15.206906
14.008926
15.402922
14.008926
14.422205
13.892444
15.692355
16.124515
17.442764
13.462912
13.000000
12.816006
11.543396
11.401754
11.672618
13.086252
13.238202
12.369317
11.180340
11.011358
10.547512
9.513149
10.606602
10.012492
9.513149
9.552487
10.012492
9.552487
10.012492
10.111874
10.012492
9.708244
10.198039
9.219544
10.049876
9.708244
9.708244
10.049876
10.547512
10.547512
10.000000
10.000000
10.511898
11.045361
11.000000
11.500000
10.049876
10.012492
10.012492
10.012492
9.013878
9.552487
9.513149
8.000000
9.055385
9.055385
9.013878
8.000000
8.558621
9.124144
9.219544
8.631338
8.732125
9.124144
8.558621
8.514693
8.631338
10.049876
8.139410
8.062258
9.055385
10.688779
9.500000
8.558621
10.547512
9.500000
10.049876
10.511898
9.500000
10.000000
10.000000
10.000000
11.543396
11.011358
11.101802
10.688779
10.793517
12.020815
12.020815
11.884864
11.401754
11.180340
10.688779
10.307764
10.198039
13.462912
12.854960
12.816006
9.708244
11.280514
9.178780
9.055385
11.101802
10.111874
9.617692
11.597414
11.045361
10.793517
10.049876
9.219544
9.708244
10.688779
10.440307
10.198039
12.093387
15.231546
14.080128
12.093387
14.035669
13.583078
15.008331
14.080128
13.536986
14.035669
13.946326
14.221463
14.916434
13.729530
13.583078
13.238202
14.577380
13.583078
14.577380
14.142136
14.008926
14.577380
16.000000
17.000000
15.000000
14.035669
14.534442
14.534442
14.534442
15.074813
15.008331
15.572412
15.206906
15.008331
14.508618
14.008926
14.142136
13.238202
13.536986
12.539936
13.500000
13.009612
11.597414
11.597414
13.124405
13.946326
6.670832
6.519202
8.514693
7.158911
6.403124
3.354102
4.272002
3.905125
4.000000
2.121320
2.692582
5.385165
3.000000
3.041381
4.527693
7.071068
8.500000
8.000000
7.017834
8.062258
8.015610
7.648529
8.062258
9.013878
9.340771
9.486833
8.732125
8.544004
9.219544
9.013878
8.558621
9.219544
9.013878
9.000000
9.055385
9.500000
9.552487
9.708244
9.124144
9.708244
9.055385
8.732125
8.732125
9.013878
9.486833
9.848858
10.295630
10.307764
9.848858
9.861541
9.433981
10.295630
9.617692
9.617692
10.062306
10.062306
9.192388
9.178780
9.178780
8.500000
8.732125
7.905694
7.762087
7.905694
7.433034
7.762087
7.280110
7.280110
7.648529
8.544004
8.558621
7.280110
8.631338
7.905694
9.617692
8.732125
8.860023
8.631338
8.631338
8.631338
9.340771
9.124144
8.246211
9.055385
8.139410
8.558621
8.062258
8.631338
8.558621
9.013878
9.124144
7.500000
8.062258
9.124144
8.062258
8.631338
8.732125
7.566373
8.062258
8.062258
7.762087
8.246211
7.762087
7.071068
7.648529
7.648529
7.648529
8.077747
7.762087
6.670832
7.280110
8.139410
8.139410
8.544004
8.139410
8.139410
8.381527
7.071068
6.670832
8.077747
8.276473
8.276473
8.077747
7.826238
7.905694
7.762087
6.708204
7.566373
7.905694
7.433034
7.648529
7.280110
8.276473
7.280110
8.276473
8.500000
8.381527
8.077747
7.615773
8.944272
7.826238
8.077747
8.077747
9.486833
9.013878
9.013878
8.732125
8.944272
9.617692
10.511898
10.124228
10.547512
10.062306
10.511898
10.816654
10.295630
10.977249
10.404326
11.011358
11.401754
10.404326
11.401754
10.735455
10.977249
10.124228
10.816654
10.977249
11.510864
11.510864
11.510864
11.011358
11.101802
10.700467
10.295630
9.848858
9.486833
10.198039
9.219544
8.246211
9.340771
7.762087
8.732125
9.486833
9.486833
9.394147
9.394147
9.394147
9.433981
9.394147
9.394147
9.861541
9.394147
9.848858
8.732125
9.394147
8.944272
8.544004
8.544004
7.433034
8.077747
8.062258
8.500000
8.944272
9.848858
10.735455
11.180340
10.977249
10.547512
10.295630
10.977249
11.412712
10.977249
10.977249
10.977249
11.412712
11.236103
11.661904
11.101802
11.661904
11.661904
11.236103
12.206556
11.661904
11.236103
10.816654
9.861541
10.816654
10.547512
11.101802
10.547512
9.848858
11.423660
11.067972
11.412712
12.349089
14.317821
14.983324
14.230249
19.137659
17.392527
16.155494
15.692355
16.124515
16.124515
14.773287
14.577380
14.115594
14.534442
13.928388
13.462912
13.756816
13.928388
12.649111
12.500000
12.980755
12.649111
13.124405
12.854960
12.980755
12.747549
13.124405
13.341664
12.369317
12.500000
12.020815
12.369317
11.401754
13.124405
12.854960
13.124405
13.124405
13.285330
13.285330
12.020815
13.285330
13.285330
13.285330
12.747549
12.747549
11.853270
10.965856
10.977249
11.629703
13.038405
13.892444
13.462912
14.577380
14.150972
13.729530
15.008331
15.532225
14.840822
15.402922
15.264338
15.264338
15.692355
14.300350
15.532225
14.705441
15.000000
15.305228
15.305228
15.000000
14.705441
14.534442
14.089003
14.089003
14.115594
14.115594
12.747549
12.649111
12.980755
12.649111
12.257651
12.658989
11.543396
11.543396
10.688779
10.198039
9.552487
11.045361
11.000000
11.000000
10.049876
10.000000
10.500000
9.500000
9.013878
9.513149
9.513149
10.511898
10.000000
8.514693
8.500000
9.500000
9.500000
9.055385
9.013878
9.013878
8.500000
8.500000
9.000000
9.513149
9.055385
9.617692
9.124144
8.732125
9.552487
9.219544
9.219544
9.340771
9.656604
8.860023
10.307764
9.962429
10.920165
9.708244
10.198039
10.198039
10.547512
11.180340
10.606602
10.688779
10.198039
10.511898
11.045361
9.055385
10.000000
10.049876
11.543396
11.500000
11.597414
12.369317
12.257651
11.884864
12.175796
12.349089
12.816006
13.462912
13.656500
13.416408
13.865425
12.747549
11.704700
11.236103
11.704700
11.629703
11.412712
12.776932
12.298374
11.236103
12.529964
12.298374
12.083046
12.298374
13.000000
10.920165
11.423660
10.440307
10.920165
11.884864
12.165525
12.165525
11.510864
13.086252
12.500000
13.038405
13.000000
11.543396
11.597414
13.086252
12.093387
11.011358
11.011358
11.510864
10.049876
9.500000
9.124144
10.500000
9.513149
9.500000
9.055385
9.219544
9.055385
9.055385
9.486833
9.486833
8.732125
9.486833
9.708244
9.962429
10.124228
10.307764
9.962429
10.770330
11.067972
11.280514
11.236103
12.020815
10.965856
11.853270
11.543396
12.349089
12.539936
12.175796
12.369317
12.093387
11.853270
11.629703
13.000000
12.971122
13.200379
13.200379
13.462912
13.200379
12.816006
12.747549
11.884864
12.298374
12.971122
12.539936
13.285330
11.884864
13.124405
13.000000
12.175796
11.704700
11.704700
11.884864
12.020815
12.349089
12.349089
12.020815
12.175796
12.020815
10.920165
12.369317
12.854960
13.124405
13.756816
13.462912
13.462912
12.349089
13.209845
13.647344
13.000000
14.089003
14.150972
13.200379
13.200379
13.656500
13.462912
13.462912
14.080128
14.705441
13.462912
13.601471
13.285330
13.756816
14.705441
13.647344
14.080128
13.238202
12.747549
13.756816
13.462912
12.658989
14.534442
14.230249
14.230249
15.206906
14.866069
16.155494
18.500000
18.027756
18.580904
18.500000
19.163768
19.697716
18.848077
22.655022
23.259407
24.150569
24.829418
27.730849
28.887714
29.154759
30.923292
30.675723
34.731110
32.893768
35.114100
35.468296
32.653484
35.654593
39.147158
35.846897
40.205721
39.560081
38.745968
39.223717
38.160844
36.769553
41.692325
37.884693
41.039615
41.039615
38.736288
38.013156
38.626416
39.739779
35.131894
35.584407
32.596012
33.365401
30.269622
29.769951
27.784888
28.900692
26.177280
23.706539
24.824383
24.351591
23.259407
23.879908
21.828880
22.192341
18.848077
20.880613
21.500000
22.005681
21.644861
22.090722
21.868928
22.141590
21.023796
20.524376
20.554805
20.554805
20.155644
20.303941
19.557607
19.557607
19.104973
19.557607
20.056171
20.651876
21.148286
21.377558
20.796634
19.319679
20.988092
20.396078
20.886599
20.223748
20.223748
19.416488
19.906029
21.377558
21.213203
22.276669
22.588714
22.638463
22.522211
22.505555
22.549945
22.090722
22.051077
23.547824
24.083189
24.186773
23.135471
23.135471
23.135471
23.135471
22.770595
23.135471
23.759209
23.345235
22.699119
23.194827
23.436083
22.945588
23.162470
23.926972
23.286262
23.436083
23.759209
24.026028
21.708293
21.708293
23.900837
26.315395
26.575365
24.748737
25.401772
27.225907
27.721833
28.111386
29.068884
28.517538
29.516944
29.004310
29.504237
29.504237
30.016662
29.017236
29.500000
29.000000
29.516944
29.500000
29.000000
29.017236
28.111386
28.004464
28.071338
28.500000
28.004464
27.004629
29.038767
28.004464
28.017851
28.004464
27.000000
27.018512
27.572631
27.518176
27.518176
27.018512
26.000000
25.504901
26.043233
25.578311
26.004807
26.542419
25.519600
25.044960
25.519600
26.518861
25.519600
24.581497
25.044960
25.544080
24.581497
25.544080
25.044960
25.079872
24.627221
26.076810
25.044960
24.682990
24.129857
24.627221
24.748737
24.682990
25.622256
25.124689
24.682990
24.331050
24.682990
24.824383
25.179357
24.129857
25.578311
25.578311
25.519600
24.520400
24.005208
23.505319
24.505102
25.019992
25.000000
25.019992
25.019992
25.000000
25.019992
26.518861
25.519600
26.019224
25.504901
26.043233
26.019224
26.019224
26.004807
25.519600
26.000000
25.519600
25.500000
25.000000
26.019224
25.504901
26.004807
26.019224
25.519600
25.019992
25.079872
26.076810
25.578311
24.581497
25.578311
25.578311
25.124689
23.632605
24.748737
24.186773
23.690715
24.748737
24.331050
23.690715
22.852790
23.926972
23.345235
23.759209
23.194827
23.345235
22.360680
23.345235
23.837995
24.418231
24.748737
24.331050
23.926972
23.759209
24.186773
23.690715
24.186773
24.331050
24.748737
23.837995
25.675864
23.837995
24.824383
26.119916
25.739075
26.669271
27.225907
26.305893
26.730133
27.663152
26.234519
26.967573
26.800187
26.879360
26.476405
27.372431
27.554491
27.372431
26.730133
27.225907
27.166155
26.172505
27.294688
26.730133
26.086395
28.442925
25.985573
26.967573
27.554491
27.950850
27.294688
27.064737
27.865750
28.359302
28.535066
28.146936
28.853076
27.721833
27.721833
27.073973
26.800187
26.669271
27.166155
27.613403
26.234519
26.234519
26.730133
25.894015
25.739075
26.172505
25.811819
26.305893
26.800187
27.372431
28.111386
29.154759
29.706902
29.769951
30.991934
31.674122
31.575307
30.907119
32.500000
31.780497
33.109666
34.077118
33.541020
33.734256
34.223530
32.756679
34.441980
33.948490
35.106979
33.049206
33.136083
34.234486
37.084363
37.901187
36.280160
36.912058
35.784075
35.531676
35.850384
34.532593
34.630189
34.630189
35.724641
35.089172
35.850384
36.221541
36.667424
35.227830
34.677082
36.417715
35.429507
36.776351
35.724641
36.840874
35.850384
35.724641
35.724641
35.693137
35.415392
34.615748
35.202983
32.163644
33.245300
34.928498
33.241540
30.805844
31.084562
32.380550
31.894357
31.180924
30.700163
32.901368
32.144206
32.760495
32.901368
34.340210
34.205263
33.526109
33.593154
34.481879
34.960692
34.630189
34.630189
35.114100
34.785054
35.584407
35.584407
37.636419
37.947332
38.108398
37.716044
37.165172
34.077118
34.820971
35.418921
35.106979
34.474628
35.933967
33.889526
35.288100
35.288100
34.785054
34.154063
33.109666
33.860006
32.422986
33.723137
32.097508
32.256782
32.128648
31.579265
30.923292
31.780497
32.442256
32.442256
32.897568
32.310989
32.310989
33.365401
34.311077
33.533565
33.365401
33.203915
33.526109
33.860006
32.280025
32.626676
32.380550
31.894357
32.867157
33.354160
33.245300
33.245300
32.756679
32.756679
32.163644
33.354160
34.124771
34.329288
35.305807
34.329288
35.305807
34.441980
33.955854
34.441980
34.928498
35.902646
35.902646
36.878178
36.183560
35.693137
36.003472
37.769035
37.769035
37.712730
38.658764
38.551913
38.512985
39.512656
39.028835
38.029594
38.529210
39.503164
39.003205
39.003205
38.503247
39.003205
38.013156
38.013156
38.503247
37.503333
38.512985
38.052595
37.030393
38.052595
37.513331
38.512985
38.052595
39.528471
38.529210
39.028835
38.529210
39.028835
39.550601
39.012818
38.512985
39.003205
38.500000
38.500000
38.013156
39.012818
38.529210
39.028835
39.028835
39.003205
39.503164
40.000000
39.012818
39.003205
39.000000
38.551913
39.550601
40.577087
40.049969
40.112342
40.199502
41.246212
40.252329
41.512046
41.931492
41.512046
41.512046
41.018289
41.512046
42.086221
42.426407
42.426407
43.072613
43.982951
45.398238
45.541190
44.972214
44.407207
45.047197
44.902673
44.780018
45.177428
44.726949
44.229515
46.327638
44.972214
44.726949
44.780018
44.181444
44.229515
43.732139
43.289722
42.737571
43.640577
43.185646
43.289722
43.185646
43.185646
43.786413
42.687820
42.190046
42.737571
42.605751
42.547033
42.190046
42.145581
42.573466
43.072613
41.076149
42.107007
41.608292
41.076149
40.577087
41.048752
40.549353
40.012498
41.048752
41.109610
41.527100
41.048752
42.047592
41.048752
43.011626
42.547033
42.047592
42.573466
42.605751
43.072613
43.104524
43.640577
44.229515
44.138985
44.181444
43.786413
44.601009
43.234824
43.846323
44.342418
44.780018
44.283180
44.780018
45.773901
47.668124
46.824139
47.712682
47.712682
49.254441
48.314077
48.869725
48.810859
48.757051
49.206199
47.712682
47.169906
47.169906
47.130139
47.130139
46.717235
47.214934
47.095647
46.631534
45.135906
45.634417
46.631534
45.634417
46.132960
45.598794
44.601009
45.524719
46.567156
47.066442
48.041649
47.668124
48.023432
47.510525
48.041649
48.541220
50.062461
49.540388
50.539588
51.509708
51.002451
51.509708
52.509523
53.509345
54.509174
56.002232
56.000000
56.502212
56.035703
58.008620
57.054798
59.518905
60.101997
61.131007
61.051208
58.105507
57.078893
53.084838
50.509900
46.524187
44.502809
41.743263
42.737571
40.610959
42.145581
44.138985
47.130139
47.628773
46.768045
45.773901
48.373546
50.358713
50.621142
49.307707
50.855187
50.746921
51.973551
52.153619
52.153619
51.560644
50.122350
50.122350
51.088159
50.089919
47.542087
48.127435
48.510308
45.634417
47.214934
46.631534
46.567156
43.500000
43.026155
44.011362
44.002841
44.002841
41.608292
41.800120
41.048752
41.548165
42.047592
43.502873
44.002841
44.025561
47.023930
46.010868
46.502688
48.002604
49.002551
51.022054
52.509523
55.111251
54.509174
54.557309
54.646592
53.733137
55.724770
54.886246
56.720807
57.107355
57.218878
56.500000
56.222771
54.612270
53.115440
53.235327
54.582506
53.115440
49.124841
52.500000
53.002358
53.002358
50.009999
49.661353
49.162994
51.587305
52.038447
52.117655
53.614364
56.142675
56.375970
58.604607
59.634302
59.709714
59.304300
62.741533
66.049224
65.927991
64.656786
67.041032
66.867406
67.364679
67.684932
68.762272
69.679624
70.677083
71.086215
69.615013
67.766142
69.615013
67.501852
68.007353
68.507299
68.501825
69.016302
70.507092
65.517173
65.030762
65.192024
62.072538
62.163092
62.549980
62.243474
61.599513
62.018143
61.294372
58.619536
55.939700
59.129096
56.718604
58.363088
57.378132
55.409837
52.964611
50.487622
49.497475
48.626125
46.631534
45.099889
44.070965
43.571780
42.737571
45.893899
43.185646
44.102154
42.573466
42.074339
43.502873
42.511763
42.500000
45.502747
43.026155
44.045431
45.524719
45.224440
42.502941
43.502873
43.502873
44.525274
50.509900
52.509523
51.618795
49.563091
51.244512
55.643957
56.767068
57.019733
59.602852
59.135438
60.168513
59.255801
66.001894
67.501852
68.529191
66.047332
63.031738
61.018440
63.000000
62.050383
65.122961
67.186308
67.067131
67.861992
70.017855
74.486576
75.239617
73.669872
77.467735
77.317527
79.134379
81.301906
80.896539
86.469648
88.776405
89.315452
83.505988
80.006250
77.603157
71.000000
65.568666
60.207973
55.158861
50.933781
46.585942
40.140379
37.980258
32.163644
30.565503
8.139410
10.049876
18.788294
17.007351
15.692355
23.323808
24.413111
22.610838
27.101660
29.300171
30.858548
36.878178
36.830694
35.383612
36.003472
38.013156
35.415392
37.589892
32.500000
29.618406
32.695565
31.196955
31.468238
30.700163
29.740545
30.220026
29.832868
29.231832
28.284271
28.217902
29.516944
29.124732
27.789386
27.950850
26.119916
28.535066
25.811819
53.256455
71.221486
69.758512
71.980900
73.350187
75.698415
75.382359
81.266537
82.500000
83.680942
84.517750
84.864598
85.371248
85.208568
84.504438
83.096330
82.226820
79.600565
76.305308
72.100624
66.921596
64.536811
60.582588
55.861436
51.734901
50.759236
50.825682
46.327638
45.609758
41.743263
38.082148
45.354162
38.147739
34.441980
39.560081
44.119157
42.264051
42.933087
43.908997
51.041650
49.239212
51.451433
48.954060
47.981767
48.010416
45.803930
44.905456
40.140379
39.906140
35.920050
34.205263
32.596012
31.851217
29.347061
30.070750
28.293109
26.706741
32.607514
30.700163
28.429738
26.419690
24.186773
23.926972
22.594247
23.478714
23.942640
24.824383
35.131894
40.718546
41.367258
43.416587
25.387005
25.656383
26.925824
27.459060
28.653098
28.900692
29.681644
29.841247
29.415132
