0.000000
4.000000
6.082763
6.082763
7.000000
10.049876
14.035669
19.026298
21.095023
26.019224
30.016662
31.064449
35.057096
35.057096
37.054015
38.052595
41.048752
40.549353
43.603326
46.596674
48.541220
50.509900
52.509523
56.000000
57.000000
61.008196
65.192024
66.272166
70.256672
73.705495
74.783019
76.775647
78.768649
81.844364
83.836150
84.428964
87.517141
87.134953
89.378409
91.359181
94.331861
96.314589
98.430178
100.411653
102.393847
103.385202
104.510765
105.501185
106.491784
105.643268
106.632547
107.770590
107.928217
106.941573
106.941573
105.140382
105.140382
105.140382
106.124926
106.124926
105.320938
105.320938
103.900192
104.068487
103.083704
102.099216
101.927670
104.068487
104.246103
104.246103
102.753345
103.741265
104.581308
106.213229
106.213229
106.396663
108.361663
108.550679
109.531959
111.004504
109.041277
109.238272
110.022725
111.198022
111.986606
110.643572
111.462998
111.462998
112.147225
109.823722
108.835886
108.835886
108.541467
109.531959
109.531959
109.531959
109.531959
109.531959
108.541467
108.541467
108.541467
108.835886
108.684175
108.541467
107.551151
107.551151
106.706373
104.235311
104.235311
105.380264
104.086502
101.470439
100.778222
97.181531
97.181531
94.049189
95.032889
87.374195
86.395891
82.074661
79.831072
76.485293
72.761597
69.442422
63.547227
59.424322
56.269441
53.368998
51.684137
47.362960
43.660623
37.593217
33.470136
30.842341
28.376927
22.610838
16.620770
13.829317
10.547512
6.946222
6.103278
6.264982
3.905125
2.061553
5.315073
7.632169
8.246211
5.099020
8.062258
7.280110
8.944272
11.704700
12.369317
11.704700
11.180340
11.661904
10.816654
9.055385
9.219544
10.198039
13.152946
13.152946
13.341664
11.401754
13.152946
16.124515
15.132746
12.165525
12.165525
12.041595
13.000000
11.045361
10.440307
10.049876
12.041595
11.000000
10.000000
10.049876
11.180340
12.369317
10.049876
11.045361
10.049876
10.049876
11.045361
9.055385
11.045361
9.219544
11.180340
13.000000
13.000000
14.035669
12.041595
13.152946
15.297059
11.401754
11.704700
12.083046
8.944272
8.944272
10.000000
12.206556
10.295630
8.544004
9.848858
9.219544
9.486833
10.770330
10.295630
19.849433
22.671568
33.421550
36.400549
36.235342
36.891733
36.619667
36.400549
35.468296
35.383612
38.078866
36.359318
35.510562
34.669872
33.600595
34.438351
32.649655
30.413813
38.013156
36.235342
34.000000
39.560081
37.336309
36.055513
35.114100
35.114100
35.468296
35.114100
35.468296
35.468296
35.846897
34.928498
34.928498
34.438351
34.885527
34.785054
36.400549
38.275318
39.560081
38.897301
39.849718
42.059482
37.363083
39.560081
40.804412
38.327536
40.804412
36.687873
36.674242
37.107951
34.481879
35.114100
35.227830
36.345564
35.693137
34.500000
39.503164
37.529988
33.503731
33.503731
32.534597
31.819805
32.503846
32.687918
33.593154
34.532593
35.503521
37.583241
39.654760
37.553295
39.702015
38.503247
41.647329
40.650953
44.141817
40.749233
40.503086
43.732139
40.152833
43.649170
41.246212
44.634628
43.026155
45.135906
47.320714
44.025561
45.069391
45.002778
46.067885
46.132960
45.224440
45.467021
41.003049
41.076149
41.367258
41.680331
43.061003
42.358588
39.080046
40.252329
41.512046
43.832066
45.013887
41.367258
42.500000
43.649170
45.991847
44.229515
44.477522
45.795742
47.183154
45.334865
46.607403
47.762433
48.746795
43.350317
44.477522
43.142207
45.224440
47.214934
49.307707
50.420730
51.548521
51.548521
51.548521
50.717354
49.731781
47.762433
45.991847
45.013887
44.036916
43.292609
43.292609
42.323162
42.086221
41.871828
44.322680
42.994186
40.871751
41.382363
42.573466
41.018289
40.650953
40.031238
38.762095
38.762095
36.667424
33.682340
34.329288
33.143627
32.163644
31.662280
31.945266
32.626676
34.792241
31.819805
39.755503
35.106979
36.776351
38.658764
39.755503
41.743263
43.846323
44.838599
46.824139
46.952103
45.961941
45.831212
46.567156
43.104524
43.011626
42.000000
41.303753
39.115214
37.656341
37.947332
38.078866
38.013156
38.470768
38.948684
38.948684
38.078866
37.215588
36.359318
36.249138
36.249138
35.341194
35.341194
34.438351
34.438351
33.541020
33.105891
32.202484
31.780497
31.780497
31.780497
32.310989
32.310989
31.048349
31.780497
32.756679
32.756679
32.756679
32.756679
32.756679
32.756679
32.756679
33.734256
34.713110
34.713110
34.713110
34.713110
34.525353
34.525353
33.541020
33.541020
34.525353
34.713110
34.525353
33.734256
33.734256
32.756679
31.780497
31.780497
31.780497
31.780497
31.048349
31.048349
31.048349
29.832868
29.832868
29.832868
29.832868
29.832868
29.832868
29.832868
28.861739
28.861739
31.780497
30.594117
29.068884
28.071338
28.071338
28.071338
27.073973
27.166155
26.172505
26.172505
26.172505
25.179357
25.179357
24.186773
24.186773
24.186773
24.186773
24.186773
24.186773
24.186773
24.186773
24.186773
24.186773
24.186773
24.186773
24.331050
23.345235
23.086793
23.194827
23.345235
26.000000
26.000000
26.000000
26.000000
26.019224
26.076810
27.018512
27.073973
27.000000
27.073973
29.000000
28.071338
32.015621
32.249031
32.062439
32.249031
33.060551
32.249031
32.015621
32.015621
32.062439
32.249031
32.015621
32.000000
32.062439
31.144823
31.400637
33.015148
34.014703
34.132096
34.014703
34.014703
34.132096
36.013886
37.013511
37.054015
33.015148
34.058773
31.016125
32.062439
31.000000
32.062439
33.241540
31.000000
31.064449
32.249031
32.062439
33.060551
30.149627
31.000000
32.062439
28.284271
29.017236
28.160256
29.017236
29.068884
29.017236
26.575365
26.500000
27.572631
24.500000
24.520400
24.520400
24.520400
24.500000
23.521267
22.699119
21.662179
23.086793
23.323808
28.231188
26.000000
24.698178
25.942244
24.596748
25.806976
27.784888
29.068884
27.294688
27.658633
29.529646
29.206164
28.844410
30.805844
31.400637
32.649655
32.557641
36.796739
36.431442
33.604315
35.089172
36.500000
36.431442
33.034073
35.850384
39.003205
39.436658
35.752622
32.015621
33.018934
33.018934
32.695565
26.612967
26.196374
25.144582
24.418231
24.864634
27.354159
26.744158
26.386550
28.111386
26.196374
26.405492
27.060118
25.831183
23.900837
24.622145
25.401772
21.289669
23.135471
22.638463
25.544080
23.759209
19.811613
21.224985
18.668155
20.796634
22.192341
23.759209
23.759209
24.627221
25.544080
26.504717
26.542419
19.039433
18.506756
20.012496
21.505813
20.988092
21.505813
21.552262
22.638463
19.557607
20.506097
20.988092
20.651876
18.560711
17.507141
19.811613
16.688319
19.557607
18.506756
20.554805
18.506756
15.890249
20.506097
20.554805
21.552262
23.759209
25.622256
27.540879
30.008332
29.504237
31.819805
31.144823
26.172505
28.160256
25.317978
27.294688
29.274562
26.305893
27.459060
28.635642
25.079872
24.186773
22.360680
24.331050
28.071338
23.086793
24.083189
20.099751
25.179357
22.090722
21.095023
19.026298
19.000000
21.783021
21.644861
22.549945
24.505102
24.748737
24.909837
26.086395
28.504386
29.740545
31.662280
30.516389
30.516389
28.306360
25.144582
35.531676
30.536863
35.503521
38.147739
39.131190
33.049206
38.343839
40.746165
40.326790
40.966450
40.388736
44.746508
48.283020
43.660623
47.320714
42.240384
42.240384
47.055818
46.930800
50.621142
50.343818
48.872283
50.343818
49.964988
51.229874
50.621142
51.560644
49.844759
53.539705
44.905456
44.994444
43.640577
42.690748
42.573466
36.283605
33.354160
32.163644
35.106979
27.829840
27.285527
26.580068
25.739075
26.476405
24.331050
24.331050
23.769729
25.495098
21.377558
19.608672
23.505319
22.051077
16.620770
20.155644
19.293781
17.066048
16.620770
18.337121
18.848077
18.927493
17.240940
17.613915
15.500000
14.637281
16.530275
16.770510
15.787653
16.620770
15.337862
15.787653
12.500000
13.829317
11.500000
9.013878
9.708244
5.852350
7.158911
18.110770
14.142136
16.031220
17.464249
17.528548
19.906029
18.027756
21.213203
21.868928
24.682990
22.940139
24.233242
24.622145
25.500000
26.500000
26.800187
27.280946
27.225907
28.657460
21.213203
22.671568
24.758837
21.260292
21.931712
20.248457
21.400935
20.808652
21.931712
19.104973
19.849433
20.000000
20.000000
20.000000
21.400935
21.219095
22.610838
24.005208
25.656383
27.041635
28.429738
20.229928
22.410935
16.620770
17.327723
19.602296
14.534442
15.239751
17.066048
12.379418
12.419742
12.619429
12.971122
10.965856
11.011358
10.404326
10.735455
11.629703
10.965856
11.672618
10.630146
10.630146
11.313708
12.041595
12.727922
12.727922
12.727922
13.453624
14.142136
14.866069
16.278821
17.029386
17.029386
17.804494
18.601075
11.661904
10.816654
9.486833
10.000000
13.038405
13.601471
10.770330
14.212670
11.661904
10.770330
14.866069
13.416408
16.278821
13.038405
15.556349
15.231546
15.811388
10.440307
11.180340
11.661904
12.206556
12.041595
12.041595
12.727922
13.453624
13.601471
19.416488
17.691806
20.229928
19.293781
24.459150
24.824383
28.692333
31.212978
26.575365
27.408940
25.164459
25.223997
26.100766
28.640007
25.303162
28.640007
26.706741
28.744565
32.175301
34.296501
35.710643
37.165172
26.575365
28.306360
30.793668
26.706741
27.735356
30.647186
31.705678
32.500000
35.556293
34.907019
33.712016
32.596012
32.596012
30.405592
31.563428
26.177280
27.335874
26.575365
27.244265
31.910030
26.879360
27.901613
21.783021
23.505319
24.135037
23.505319
22.726636
26.617663
27.101660
21.828880
22.638463
24.667793
22.638463
22.945588
23.769729
28.178006
31.384710
34.669872
33.143627
37.101213
45.260358
48.088460
47.130139
49.882362
51.266461
51.983170
48.592695
46.703854
50.249378
45.254834
44.598206
44.687806
44.687806
44.687806
42.520583
42.449971
42.449971
44.553339
48.083261
42.432299
36.749150
42.314300
36.034705
36.503424
38.242646
41.815069
37.821951
36.062446
35.756118
37.636419
39.044846
37.716044
38.890873
34.532593
35.724641
31.084562
26.725456
26.386550
25.387005
27.064737
29.300171
29.706902
26.879360
29.025851
28.293109
31.819805
29.538111
28.363709
29.706902
24.052027
30.438463
30.438463
34.677082
36.311155
30.438463
22.410935
18.560711
11.236103
8.944272
4.123106
6.403124
6.708204
8.558621
9.617692
13.756816
15.041609
14.534442
15.524175
19.313208
20.155644
23.005434
28.111386
35.429507
34.091788
33.034073
32.003906
32.003906
33.185087
31.324910
34.296501
32.687918
34.677082
28.853076
30.008332
30.991934
30.991934
30.991934
28.359302
28.217902
27.225907
28.111386
28.111386
29.038767
28.004464
30.004166
32.003906
28.217902
30.103986
30.103986
34.296501
30.700163
26.542419
26.504717
27.064737
28.504386
30.602287
25.504901
26.730133
27.540879
29.025851
29.605743
31.976554
27.865750
30.207615
31.503968
32.503846
29.605743
30.602287
31.599051
32.534597
27.540879
29.504237
31.535694
32.596012
26.504717
28.539446
30.536863
28.539446
29.538111
32.503846
26.504717
28.539446
30.602287
28.504386
29.538111
30.536863
32.503846
33.593154
35.672118
28.504386
30.536863
29.538111
31.599051
34.590461
34.503623
37.503333
39.528471
36.530809
38.581083
35.587919
36.530809
36.503424
34.532593
34.503623
33.800888
34.503623
34.590461
32.810059
32.534597
33.682340
33.503731
32.962099
31.535694
30.700163
30.504098
31.408598
32.163644
30.991934
31.662280
29.436372
29.470324
31.535694
30.372685
29.300171
29.740545
30.207615
27.504545
26.239284
25.739075
27.212130
32.318725
29.841247
32.318725
31.216983
31.088583
32.596012
32.101402
31.819805
30.438463
29.774150
29.908193
32.534597
32.534597
31.945266
37.503333
36.776351
36.939139
36.311155
34.907019
34.124771
34.124771
30.207615
30.207615
27.285527
26.315395
25.894015
25.347584
22.638463
20.796634
17.846568
17.677670
17.677670
17.564168
17.564168
17.564168
17.564168
16.324828
17.677670
21.272047
20.155644
25.124689
20.670027
18.445867
17.923448
25.124689
22.610838
28.040150
24.052027
27.322152
26.879360
