0.000000
1.000000
1.000000
0.000000
1.000000
2.000000
1.000000
1.000000
1.000000
1.000000
1.000000
1.414214
1.414214
3.201562
2.915476
4.301163
4.272002
4.123106
5.147815
3.041381
6.324555
6.184658
5.000000
6.800735
5.315073
5.315073
4.472136
3.535534
4.031129
3.162278
5.220153
3.500000
3.640055
6.519202
7.433034
6.403124
8.514693
6.946222
5.315073
6.103278
5.147815
5.147815
4.716991
5.147815
4.472136
5.700877
6.800735
6.708204
5.590170
8.732125
6.500000
6.184658
5.000000
6.020797
6.184658
7.158911
7.905694
9.552487
10.049876
7.648529
8.062258
6.576473
6.082763
6.000000
5.220153
5.099020
3.535534
4.527693
3.500000
3.807887
5.024938
3.807887
2.000000
2.500000
2.121320
2.500000
2.121320
3.162278
5.024938
6.403124
3.605551
6.184658
8.062258
6.576473
8.077747
5.500000
5.147815
6.964194
5.700877
6.500000
7.158911
7.280110
6.670832
7.566373
7.648529
9.219544
10.124228
9.013878
7.211103
8.246211
7.433034
7.905694
8.544004
6.670832
10.511898
10.049876
11.011358
9.552487
10.547512
10.012492
6.576473
7.500000
9.055385
8.015610
8.500000
8.062258
6.800735
7.648529
5.385165
5.315073
5.852350
4.500000
4.527693
5.590170
6.670832
6.519202
8.860023
8.860023
10.124228
9.617692
9.962429
12.509996
11.011358
14.500000
15.297059
15.008331
16.530275
17.613915
17.007351
16.867128
16.124515
16.867128
17.356555
17.007351
15.572412
16.070159
16.770510
16.568042
17.677670
17.585505
16.688319
16.500000
16.500000
15.787653
14.080128
16.007811
15.000000
15.206906
14.500000
16.124515
15.500000
16.007811
15.524175
16.347783
14.637281
14.713939
16.568042
16.620770
15.206906
15.132746
15.000000
16.568042
14.508618
16.031220
15.206906
14.035669
14.807093
15.337862
15.231546
16.807736
20.518285
26.172505
29.449109
29.449109
34.820971
39.385911
50.112374
55.894991
61.351447
75.673641
56.435804
55.072679
57.552150
58.363088
58.363088
56.356011
57.245087
58.591808
57.915887
58.137767
58.382360
56.625966
56.384838
56.127088
52.773099
48.764741
46.768045
46.510751
46.295248
45.392731
46.330336
49.419126
46.219585
48.020829
52.311567
54.509174
56.464591
50.509900
52.404675
51.623638
48.127435
45.486262
44.525274
42.438190
39.118410
46.324939
44.254943
45.918406
42.605751
44.116324
44.813502
42.901049
43.960209
43.829214
41.330981
43.683521
43.304157
42.109975
42.109975
41.146081
39.147158
37.792195
41.182521
40.929818
40.512344
40.966450
39.654760
39.855991
40.205721
39.855991
40.798284
39.385911
38.600518
38.200131
38.684622
37.363083
38.395963
38.890873
39.654760
40.115458
40.524684
43.289722
40.871751
43.846323
43.911844
42.737571
42.426407
42.296572
42.579338
40.807475
41.112650
40.512344
46.981379
41.785165
45.169127
41.182521
41.880783
42.201896
45.392731
48.213069
49.952477
53.443896
57.384667
61.502032
65.215029
66.304223
76.059187
85.349282
84.547324
84.037194
97.909397
91.443972
81.884064
79.906195
81.215762
80.537258
81.738914
78.104097
79.812280
77.009740
78.020831
78.104097
77.369245
78.705146
79.677475
79.336309
78.854296
77.281951
76.975645
77.956719
80.996914
79.159649
76.611031
77.770496
80.400560
78.667020
77.854030
78.230429
74.506711
77.001623
73.527206
74.168727
74.545288
73.881662
72.761597
72.500000
74.148500
71.137191
71.021124
72.955466
73.348483
72.993150
72.584434
69.916021
67.308989
68.282501
64.048810
64.041002
63.641574
63.075352
62.074552
61.897092
61.000000
61.678602
57.866225
57.866225
61.361633
57.395557
60.878978
59.808026
61.583277
60.466933
61.269895
59.255801
61.971768
61.094190
58.485041
59.297976
56.800088
58.309519
57.473907
55.986606
55.027266
53.851648
54.664888
47.594643
55.536024
52.538081
55.652942
49.962486
46.529560
42.500000
38.013156
36.513696
53.851648
53.967583
52.069665
53.033009
54.451814
56.080300
55.009090
53.537370
52.502381
52.616537
52.509523
52.239832
52.787309
55.321786
53.256455
54.085580
56.135996
56.180513
56.731825
56.153807
59.036006
59.600755
57.987068
55.753924
58.382360
59.491596
60.747428
61.306606
60.216277
60.878978
59.810116
59.356971
61.702917
60.400745
61.206617
61.923340
61.459336
59.600755
59.665736
60.052061
62.500000
64.031242
63.017855
60.700082
63.411355
64.070274
63.513778
61.294372
60.623840
64.228109
61.613716
62.709648
63.200079
63.413327
61.573127
61.143274
61.613716
58.251609
59.300084
61.320877
57.872705
60.301327
58.249464
56.446878
57.428216
55.301447
59.508403
61.613716
60.755658
59.600755
60.605280
64.734071
62.549980
62.709648
62.549980
58.576873
61.532512
60.307545
58.576873
58.600341
58.412327
58.721802
60.518592
62.421951
63.831810
59.927039
63.186233
61.717096
63.017855
61.664414
62.699681
62.098712
62.549980
61.993951
61.288253
59.222040
58.961852
59.348547
60.632087
60.913874
58.258047
57.710484
59.203040
58.576873
58.961852
58.721802
58.502137
62.699681
59.171361
58.898217
60.466933
57.716982
56.727418
58.757978
59.401178
60.108236
56.975872
55.599011
56.639209
57.275649
55.154329
56.923194
57.630287
58.345951
57.987068
56.586217
55.865911
57.280014
59.044475
60.108236
58.363088
62.225397
58.706899
61.554854
60.876925
60.811183
59.835190
59.095262
61.190277
60.848172
59.095262
59.801756
59.129096
58.388783
59.835190
63.031738
61.394218
58.412327
59.736923
57.812196
60.126949
56.905624
57.716982
56.535387
57.760280
58.806887
60.210049
60.210049
60.632087
59.876957
57.314920
55.599011
53.856290
54.993181
53.021222
51.613952
51.703482
53.051861
54.561891
54.187176
56.022317
53.528030
54.233292
56.502212
54.405882
54.600824
55.700090
53.814496
55.195108
52.604658
49.040799
47.801674
46.930800
45.510988
45.213383
45.961941
45.634417
44.793973
42.941821
41.246212
44.070965
41.593269
37.353045
37.151716
37.396524
32.882366
33.443983
32.882366
33.120990
29.398129
32.596012
33.109666
33.977934
33.708308
31.132780
35.131894
35.106979
34.644624
35.756118
38.736288
42.851488
40.672472
45.238258
44.119157
46.351915
40.264749
39.824616
34.441980
37.343005
36.003472
37.473324
38.330797
40.388736
39.385911
35.514082
36.400549
37.406550
34.003676
34.252737
35.640567
36.749150
40.131035
32.015621
33.977934
33.503731
34.398401
37.030393
38.849067
39.537956
38.694315
36.211186
37.047267
36.908671
40.917600
39.274674
38.551913
41.764219
39.115214
38.587563
42.109975
41.677332
42.059482
40.993902
40.131035
38.425252
44.376232
40.078049
39.115214
38.694315
39.702015
39.016022
30.108138
34.047761
38.470768
41.173414
42.500000
44.980551
48.303727
52.461891
55.894991
65.370100
68.478099
71.168813
72.603375
69.256769
69.117653
64.346717
68.178076
61.741396
61.939487
58.585408
58.180753
61.939487
60.384187
62.515998
65.180519
66.049224
62.265560
63.547227
64.498062
62.858969
59.215707
63.659249
59.785032
59.491596
58.523500
56.400355
56.614927
51.151735
50.618672
48.795492
50.224496
48.872283
48.872283
45.453273
40.607881
37.165172
37.353045
36.307713
34.077118
32.388269
32.534597
33.593154
33.541020
37.769035
38.551913
38.242646
40.388736
44.721360
44.161635
45.697374
47.754581
46.888165
48.127435
49.441885
49.882362
51.000000
49.681485
51.478151
51.886896
50.936235
50.509900
52.100864
50.982840
50.537115
50.759236
50.982840
53.218888
54.150254
51.884487
51.894123
52.100864
48.541220
50.818304
50.566788
49.872337
49.043348
48.869725
49.449469
46.486557
48.787806
49.580742
52.392748
50.975484
52.273320
50.818304
48.399380
49.510100
49.862310
50.044980
49.580742
49.216359
48.931074
48.104054
48.399380
48.749359
48.283020
48.466483
51.022054
46.703854
49.769469
51.078371
49.769469
50.618672
49.701610
50.423209
50.328918
49.862310
48.231214
49.862310
50.618672
49.502525
49.769469
50.776471
50.990195
50.361195
49.244289
49.502525
50.159745
49.421655
50.159745
48.971931
48.332184
48.088460
47.468411
48.584977
49.002551
49.056090
46.351915
47.927028
46.818800
45.853026
46.818800
48.931074
48.572111
48.749359
48.231214
48.572111
49.396356
47.539457
47.289005
46.818800
49.244289
46.524187
46.013585
45.541190
44.659825
45.708314
45.238258
45.708314
46.349218
46.173586
47.605147
46.360004
47.940067
47.801674
49.040799
47.754581
49.381171
50.084928
50.440559
50.000000
50.142298
50.621142
51.722819
50.621142
50.921508
51.732485
