0.000000
3.162278
6.708204
6.946222
9.340771
6.670832
9.013878
10.259142
9.899495
9.300538
9.178780
6.041523
8.321658
8.602325
9.861541
10.735455
8.944272
9.848858
9.394147
10.688779
9.513149
12.980755
2.236068
14.866069
13.462912
12.854960
19.811613
19.729420
22.561028
23.926972
23.926972
19.163768
20.056171
24.083189
23.194827
22.073740
21.095023
23.632605
24.682990
23.632605
20.056171
22.073740
22.770595
21.965883
25.811819
23.690715
22.135944
29.427878
26.305893
25.401772
23.194827
27.060118
26.100766
21.982948
16.492423
19.293781
19.557607
20.155644
20.248457
17.902514
14.866069
13.453624
11.926860
11.236103
12.041595
7.615773
7.762087
9.013878
9.617692
9.219544
8.246211
11.401754
12.903488
12.379418
15.402922
14.300350
15.572412
12.419742
12.041595
13.453624
10.700467
9.500000
13.000000
11.597414
15.435349
12.369317
11.236103
14.866069
15.620499
18.062392
16.101242
19.474342
16.446884
21.260292
21.965883
17.613915
18.867962
24.418231
22.022716
18.200275
24.083189
24.397746
25.124689
24.748737
25.495098
26.500000
25.401772
20.155644
21.023796
18.027756
15.572412
19.293781
18.200275
20.260800
14.317821
16.286497
15.402922
14.142136
13.729530
14.508618
13.086252
14.508618
15.500000
15.000000
17.007351
16.507574
15.500000
15.206906
11.045361
12.020815
12.658989
11.768602
14.807093
14.713939
11.011358
11.067972
12.349089
12.903488
10.606602
14.577380
14.008926
12.539936
14.705441
12.206556
14.326549
14.764823
13.462912
13.285330
9.708244
10.440307
9.848858
15.913830
13.793114
12.529964
12.093387
11.800424
10.049876
11.045361
12.041595
14.000000
10.500000
11.101802
11.011358
10.500000
12.854960
10.547512
11.543396
12.206556
13.793114
10.511898
8.514693
8.860023
7.071068
13.729530
20.359273
26.476405
28.442925
24.135037
22.360680
26.617663
25.985573
27.294688
26.086395
28.442925
26.879360
29.347061
26.879360
29.210443
29.719522
31.575307
30.602287
30.335623
28.657460
31.674122
31.819805
30.565503
29.605743
30.565503
26.234519
26.879360
28.040150
27.166155
26.305893
25.005000
22.677081
25.597851
26.800187
22.638463
20.814658
17.867568
18.788294
18.439089
17.923448
19.646883
17.734148
18.668155
15.182226
13.892444
17.414075
14.008926
13.601471
11.401754
7.905694
6.403124
6.800735
6.519202
7.071068
8.845903
10.793517
11.800424
15.953056
22.321514
27.064737
28.460499
36.718524
44.138985
48.373546
55.939700
60.406953
64.041002
58.976690
56.920998
56.464591
55.664172
55.027266
39.131190
43.829214
46.306047
42.711240
43.829214
42.793107
43.829214
41.367258
42.941821
41.382363
39.195025
40.065571
41.427648
40.561681
40.311289
38.330797
38.551913
38.330797
38.587563
38.551913
37.725986
36.619667
30.438463
38.832976
38.832976
41.764219
38.967936
33.900590
33.678628
34.763487
39.940581
39.118410
35.383612
34.007352
31.468238
29.832868
30.777427
29.206164
31.890437
30.405592
29.364094
29.732137
31.120733
32.534597
28.714108
29.398129
30.438463
29.364094
31.120733
30.413813
30.405592
31.120733
34.828150
32.526912
30.438463
31.120733
31.120733
30.103986
33.034073
33.900590
33.811980
34.007352
33.811980
38.013156
36.003472
33.634060
35.089172
35.920050
35.920050
39.528471
40.635576
42.722945
40.635576
40.496913
45.412003
45.708314
43.900456
42.323162
40.893153
46.952103
40.626346
41.367258
44.141817
40.942032
40.301985
38.343839
36.772952
39.915536
38.733061
40.140379
36.772952
35.531676
32.756679
34.223530
36.390246
35.794553
31.780497
32.163644
35.046398
34.441980
33.541020
31.400637
31.819805
29.004310
30.265492
26.669271
32.503846
29.504237
32.003906
27.613403
29.920729
28.376927
28.044607
30.335623
30.319136
33.049206
33.871079
34.817381
33.143627
35.920050
34.615748
37.020265
34.441980
37.716044
39.131190
41.599279
37.593217
38.200131
37.845079
37.980258
38.078866
38.200131
39.373214
41.188591
40.205721
41.231056
37.593217
29.516944
33.800888
31.324910
27.294688
30.207615
30.761177
30.500000
29.231832
29.601520
33.245300
30.907119
31.408598
30.103986
32.500000
34.124771
33.136083
31.100643
29.274562
32.515381
33.503731
31.000000
34.003676
30.149627
29.920729
26.476405
32.626676
32.653484
33.634060
38.939055
37.165172
44.721360
42.994186
37.483330
39.319207
38.118237
34.365681
38.823318
35.626535
34.365681
35.227830
33.737961
32.962099
35.017853
34.935655
34.132096
32.745229
31.256999
34.860436
35.017853
33.143627
32.268406
32.867157
24.989998
19.962465
14.089003
11.401754
9.861541
8.746428
7.158911
2.692582
7.778175
12.165525
2.915476
6.041523
1.118034
2.000000
6.082763
9.617692
10.111874
14.637281
18.506756
19.006578
18.506756
19.104973
22.000000
22.090722
22.522211
20.554805
21.523243
19.006578
20.099751
15.628500
20.155644
19.039433
18.110770
18.607794
17.262677
19.525624
17.528548
19.235384
22.638463
22.141590
19.646883
24.041631
27.721833
28.160256
28.071338
27.004629
26.076810
27.540879
23.500000
23.048861
24.005208
22.203603
20.506097
19.500000
24.545875
20.718349
27.613403
24.129857
22.022716
28.040150
25.544080
23.584953
23.048861
26.043233
26.504717
26.004807
18.248288
17.564168
22.770595
25.504901
26.800187
24.000000
30.103986
25.622256
25.480385
21.505813
20.524376
24.622145
23.048861
26.419690
23.706539
24.829418
23.853721
23.853721
24.703239
25.238859
32.015621
26.706741
26.631748
30.809901
33.301652
29.398129
30.108138
33.421550
32.015621
31.563428
31.563428
30.955613
30.700163
28.844410
28.991378
28.306360
28.111386
28.900692
31.642535
30.700163
27.189152
33.286634
30.528675
31.988279
31.324910
31.567388
29.295904
27.101660
30.700163
27.280946
28.844410
32.867157
29.415132
28.200177
27.041635
32.729956
33.354160
30.927334
30.372685
29.124732
32.729956
31.340868
29.206164
31.100643
31.144823
29.601520
31.622777
31.851217
31.503968
34.300146
29.154759
27.901613
29.004310
28.844410
25.806976
27.901613
28.111386
23.323808
28.570089
26.419690
20.124612
23.307724
17.888544
19.319679
18.527007
20.099751
24.824383
33.264095
40.660177
38.897301
41.773197
43.809246
44.364964
38.707234
35.089172
36.891733
36.749150
39.815198
37.646381
39.446166
38.275318
39.962482
38.330797
39.115214
37.343005
39.131190
40.650953
38.694315
37.215588
37.353045
38.948684
40.388736
38.078866
38.948684
38.684622
38.948684
37.792195
38.910153
35.587919
36.527387
40.056211
36.045111
35.192329
35.003571
32.626676
33.365401
35.418921
34.205263
32.380550
33.533565
34.630189
32.015621
34.474628
34.077118
32.775753
33.737961
32.756679
33.533565
33.380383
34.474628
35.735137
32.422986
32.422986
33.593154
35.584407
31.408598
33.380383
32.867157
34.003676
34.471002
35.106979
33.380383
33.526109
39.147158
36.704904
36.527387
36.694686
34.713110
34.561539
33.871079
35.531676
34.561539
35.202983
34.687894
34.561539
35.920050
35.784075
36.687873
36.211186
36.962819
37.423255
37.884693
37.947332
39.812058
39.147158
41.246212
46.002717
48.106652
43.600459
40.354678
40.106109
44.204072
46.002717
45.918406
39.147158
37.316216
39.654760
38.939055
38.551913
33.003788
32.015621
30.203477
26.725456
27.554491
24.824383
26.196374
21.219095
17.356555
15.882380
15.811388
17.804494
16.710775
17.327723
19.300259
22.022716
20.670027
27.280946
24.413111
27.189152
27.294688
25.347584
24.622145
22.901965
19.006578
22.594247
23.162470
19.416488
14.866069
18.398369
16.650826
19.811613
17.902514
16.378339
19.104973
14.705441
18.117671
16.263456
19.209373
19.912308
18.506756
16.401219
18.601075
15.556349
16.800298
18.309833
17.066048
19.704060
18.768324
20.229928
22.203603
18.439089
20.808652
18.357560
20.808652
17.923448
17.613915
18.179659
19.557607
19.006578
15.000000
17.734148
15.953056
16.507574
23.584953
22.203603
25.656383
23.436083
21.505813
22.743131
22.671568
24.438699
24.698178
26.162951
28.111386
29.300171
28.504386
32.557641
35.017853
32.101402
32.268406
34.340210
29.702693
29.601520
29.601520
27.500000
24.207437
25.519600
24.300206
19.697716
19.026298
26.177280
32.330326
43.026155
52.404675
58.412327
55.000000
58.843011
60.141500
60.811183
62.603914
59.434838
58.694122
59.751569
58.021548
58.337381
57.987068
55.901699
55.195108
57.630287
56.923194
55.599011
59.095262
56.608303
58.363088
59.044475
54.856631
50.835519
51.207910
51.100391
55.509008
53.108380
53.075418
57.293106
56.572962
58.021548
53.502336
48.548944
49.489898
50.766623
49.992499
48.746795
47.853944
43.657760
40.929818
40.718546
37.107951
36.530809
34.935655
34.329288
33.455194
33.185087
34.503623
34.014703
32.503846
33.003788
34.503623
33.034073
32.515381
32.638168
31.064449
31.515869
32.534597
31.819805
31.484123
29.841247
32.810059
30.991934
29.605743
31.515869
31.036269
30.000000
31.004032
29.004310
30.696091
30.565503
33.136083
30.207615
31.048349
31.800157
32.422986
30.207615
30.103986
29.124732
29.920729
32.810059
30.761177
30.203477
31.180924
30.565503
31.575307
32.422986
31.408598
29.427878
30.923292
33.837849
30.186918
35.777088
33.425290
36.335245
35.531676
34.058773
37.871493
35.017853
37.901187
33.503731
38.810437
37.165172
42.299527
44.384682
48.231214
46.802778
46.502688
