0.000000
3.162278
5.385165
5.099020
5.099020
5.099020
5.099020
5.099020
5.099020
5.099020
5.099020
6.082763
6.324555
6.324555
6.082763
6.324555
6.324555
7.615773
8.944272
7.158911
8.276473
7.905694
6.946222
6.946222
6.946222
7.500000
6.103278
6.519202
6.363961
5.147815
6.041523
6.041523
6.041523
6.964194
6.670832
7.516648
7.762087
7.158911
7.905694
7.905694
8.381527
9.656604
9.486833
10.770330
11.704700
12.369317
12.369317
12.369317
12.816006
12.816006
13.656500
12.747549
12.903488
12.903488
12.103718
12.020815
11.335784
8.902247
7.810250
7.158911
5.852350
5.852350
3.201562
3.201562
3.201562
4.031129
4.924429
4.924429
4.609772
5.500000
5.590170
4.924429
4.924429
4.924429
3.605551
4.609772
4.500000
5.385165
5.385165
6.708204
6.324555
11.045361
12.041595
13.009612
12.010412
14.000000
14.000000
15.500000
16.500000
16.530275
16.530275
16.070159
15.008331
15.890249
14.230249
6.519202
5.024938
2.500000
4.031129
3.905125
2.500000
1.500000
1.802776
1.802776
1.802776
1.118034
1.000000
1.000000
1.500000
0.500000
0.500000
0.500000
1.414214
1.414214
3.640055
5.852350
8.558621
10.688779
11.884864
12.854960
12.658989
12.539936
12.165525
11.101802
10.012492
9.013878
8.381527
6.184658
4.272002
4.716991
5.408327
5.147815
4.301163
4.031129
4.123106
7.280110
7.905694
11.067972
11.423660
12.980755
12.980755
11.401754
11.401754
10.198039
7.071068
5.500000
3.535534
2.061553
2.061553
3.041381
4.031129
3.807887
2.549510
4.031129
4.123106
3.500000
11.236103
12.206556
15.882380
15.443445
14.983324
14.773287
12.649111
15.074813
16.031220
16.007811
15.508062
15.508062
15.033296
15.628500
14.637281
15.572412
14.508618
15.000000
15.628500
15.033296
14.577380
14.637281
12.980755
12.093387
11.401754
6.103278
5.830952
4.472136
4.472136
4.031129
5.590170
7.615773
11.180340
12.980755
12.175796
12.854960
11.704700
8.500000
9.848858
8.944272
9.656604
9.861541
10.000000
9.617692
9.861541
9.552487
11.101802
10.770330
11.661904
12.816006
13.601471
14.080128
15.206906
15.572412
15.008331
13.583078
13.647344
13.086252
12.539936
12.747549
14.080128
14.080128
14.000000
13.238202
13.341664
12.369317
11.672618
12.010412
12.509996
13.583078
14.008926
15.572412
15.700318
15.700318
15.402922
14.713939
15.074813
14.008926
14.508618
15.074813
12.509996
11.280514
11.101802
9.708244
6.324555
6.264982
5.315073
5.315073
5.700877
6.184658
7.017834
6.500000
8.558621
9.000000
10.500000
13.500000
13.009612
13.583078
15.074813
12.589678
12.010412
12.658989
12.539936
13.038405
12.000000
14.000000
13.500000
13.000000
13.536986
12.854960
15.033296
16.000000
15.033296
15.508062
13.536986
14.008926
13.583078
12.747549
11.768602
13.946326
12.020815
12.020815
13.124405
14.773287
15.811388
18.027756
20.862646
27.335874
17.804494
16.378339
16.347783
15.231546
14.317821
8.246211
8.381527
7.382412
8.062258
8.062258
9.178780
9.219544
10.000000
10.000000
10.965856
10.000000
9.899495
8.902247
9.552487
10.124228
12.349089
12.539936
13.285330
12.539936
12.539936
11.853270
11.180340
9.394147
8.500000
8.276473
10.307764
10.547512
11.661904
11.661904
11.412712
11.236103
11.423660
11.853270
10.404326
9.300538
7.632169
8.514693
9.013878
8.500000
8.514693
7.106335
6.800735
6.264982
7.106335
6.726812
6.403124
7.500000
8.321658
8.602325
8.500000
8.321658
8.062258
9.617692
9.394147
10.124228
10.977249
10.511898
11.853270
11.853270
9.192388
9.617692
9.394147
8.746428
8.077747
9.300538
9.433981
7.826238
10.594810
10.965856
10.793517
11.236103
11.067972
11.067972
11.236103
10.793517
10.307764
13.285330
15.890249
15.182226
15.182226
17.846568
15.182226
15.182226
17.102631
15.890249
15.890249
15.182226
15.182226
17.102631
18.069311
18.828170
18.828170
16.688319
18.828170
17.102631
16.140012
18.069311
17.102631
17.677670
16.688319
16.446884
15.508062
14.577380
16.140012
16.140012
15.890249
16.867128
12.980755
12.020815
12.020815
11.180340
11.180340
11.180340
12.165525
10.198039
11.704700
13.601471
15.297059
16.124515
14.142136
13.601471
15.524175
14.560220
17.464249
14.560220
14.560220
14.317821
14.560220
15.524175
16.278821
17.464249
17.464249
15.524175
14.317821
14.866069
13.601471
11.704700
11.704700
12.649111
13.341664
15.297059
15.297059
15.297059
15.297059
14.866069
15.524175
12.041595
5.830952
3.605551
3.605551
2.828427
3.605551
3.000000
0.000000
2.000000
2.000000
2.000000
2.000000
2.236068
2.000000
2.828427
5.830952
9.848858
10.295630
11.180340
11.661904
12.806248
13.453624
8.944272
4.472136
3.162278
4.123106
4.123106
4.123106
4.123106
4.123106
4.123106
4.123106
4.123106
3.162278
2.236068
7.071068
7.071068
7.000000
7.000000
7.000000
7.000000
