0.000000
0.000000
1.000000
2.236068
3.162278
2.236068
1.118034
3.041381
5.220153
2.061553
5.220153
3.041381
2.549510
2.549510
2.549510
4.527693
1.581139
3.807887
2.549510
3.807887
3.807887
4.301163
6.041523
4.716991
3.201562
1.118034
3.535534
5.590170
4.609772
6.103278
6.020797
6.020797
5.852350
3.500000
5.500000
6.800735
7.566373
6.082763
8.558621
8.500000
8.015610
8.015610
10.111874
9.013878
10.012492
10.111874
8.015610
10.111874
9.656604
11.101802
11.101802
11.101802
9.124144
11.280514
10.111874
11.101802
9.340771
10.111874
8.015610
7.158911
8.381527
10.000000
10.198039
9.055385
8.246211
9.219544
8.544004
7.211103
7.615773
8.544004
7.615773
5.830952
8.062258
7.211103
7.810250
7.211103
7.810250
7.810250
7.810250
9.433981
10.295630
6.403124
6.403124
5.656854
5.656854
6.403124
7.211103
7.810250
5.830952
5.385165
4.242641
4.472136
5.099020
5.385165
3.605551
5.000000
5.830952
7.211103
10.630146
8.944272
6.403124
10.000000
9.848858
8.485281
7.071068
9.219544
12.041595
10.307764
8.902247
7.826238
9.604686
7.632169
8.139410
7.632169
9.013878
9.394147
10.735455
12.658989
13.829317
16.286497
17.007351
15.206906
13.892444
16.124515
17.492856
18.357560
20.248457
18.848077
16.560495
16.620770
18.337121
17.923448
18.337121
17.007351
18.848077
18.337121
21.219095
20.155644
21.029741
19.678669
18.821530
19.678669
20.155644
20.155644
20.155644
21.077239
20.573041
19.830532
19.293781
19.830532
21.219095
20.886599
21.800229
19.830532
23.264780
21.914607
22.005681
23.264780
25.124689
25.164459
23.563743
23.286262
19.697716
23.259407
23.769729
23.717082
23.420077
23.420077
21.783021
22.770595
24.627221
21.783021
19.506409
20.554805
20.506097
18.506756
18.527007
19.602296
19.906029
20.524376
21.100948
19.729420
18.607794
18.927493
18.607794
17.755281
18.337121
18.527007
17.951323
19.163768
16.977927
17.951323
15.337862
12.175796
12.539936
12.747549
11.510864
14.089003
12.020815
11.768602
15.620499
12.529964
14.300350
17.334936
12.903488
14.300350
14.300350
12.349089
12.103718
11.423660
13.509256
14.577380
13.509256
14.300350
14.159802
17.492856
17.804494
17.492856
19.723083
19.235384
20.248457
20.248457
19.723083
19.235384
18.867962
20.124612
17.240940
17.755281
17.464249
17.000000
18.788294
18.027756
20.248457
20.248457
21.540659
21.189620
19.697716
21.470911
19.313208
20.615528
20.591260
22.847319
22.847319
23.259407
22.847319
23.769729
21.931712
22.360680
27.313001
25.632011
27.060118
29.295904
30.870698
32.649655
33.120990
32.695565
34.539832
35.468296
31.196955
31.579265
33.811980
37.165172
39.423977
37.476659
40.031238
40.954243
43.292609
45.741119
47.278431
44.768851
49.489898
49.216359
50.509900
53.667961
54.600824
58.028010
58.354520
59.810116
61.654278
61.190277
59.424322
61.654278
64.437955
64.623912
62.837091
62.837091
64.175541
64.687711
63.200079
63.200079
63.200079
60.969255
60.969255
61.483738
63.931604
63.657286
62.699681
62.699681
62.171135
63.239624
63.239624
64.924957
67.150949
68.428795
67.412907
71.389775
68.600292
70.400639
70.657625
69.478414
73.083856
75.619111
74.886581
78.302299
76.316774
80.188840
81.266537
80.723293
82.097503
84.599054
86.284413
89.044932
90.138782
90.138782
90.138782
89.735723
93.051061
96.729003
101.796365
107.551151
89.984721
88.154694
88.950829
87.967323
86.984194
85.821035
83.643589
81.683842
79.336309
79.159649
79.982811
78.089692
76.902536
75.504967
77.129761
73.545904
69.634761
68.680419
69.123079
71.431786
68.282501
66.336265
63.737744
63.941379
61.583277
63.186233
61.404397
65.700076
70.799011
83.513472
86.663141
88.883351
98.031883
107.978007
113.486783
128.265350
137.615406
145.773797
150.651917
156.460858
166.364059
173.641153
180.250520
184.798539
194.743421
199.303788
203.887224
213.411574
220.482426
225.743217
233.566372
240.559764
246.089415
255.154855
261.159434
267.929562
272.882759
277.777789
283.545852
291.050253
293.743511
295.559216
300.806001
307.438205
309.661509
312.659959
316.514218
318.514128
319.539121
321.538878
321.506221
315.856376
300.626429
296.252004
285.010965
270.353935
261.565001
249.167113
240.543655
228.596260
218.612099
209.167995
204.184353
194.862131
187.678582
189.558039
186.188748
181.896262
173.787945
160.652575
157.614244
152.617987
142.556129
139.557336
136.532963
129.561761
127.535289
121.537031
120.566372
120.504149
115.517315
114.004386
111.000000
110.040901
109.018347
108.018517
111.540351
111.612051
110.662776
112.539993
111.517936
112.611056
110.504525
111.517936
113.000000
114.039467
112.160599
112.285351
115.156415
114.713774
114.779136
115.776725
115.776725
116.847122
115.932092
113.715654
113.610079
113.610079
111.661318
112.717567
115.509740
112.501111
110.510181
110.510181
107.501163
104.501196
105.501185
106.510563
104.501196
108.518432
107.541852
108.541467
109.573035
109.573035
109.518263
115.569243
118.516876
120.500000
124.000000
129.034879
130.515325
129.503861
133.533704
136.532963
139.532254
139.514336
141.000000
140.003571
138.514440
137.503636
134.503717
132.503774
131.515208
128.562242
130.595750
129.561761
130.561288
129.503861
128.503891
125.515935
126.503953
128.500000
127.515685
129.534744
130.515325
131.515208
130.515325
129.503861
127.500000
125.500000
129.534744
126.563225
123.601173
125.643344
123.645663
123.536432
120.566372
123.601173
122.699837
121.832877
121.832877
122.992886
123.904197
124.984999
121.763090
122.760947
122.565289
124.600361
123.601173
125.599562
121.602837
122.601998
122.601998
122.601998
125.599562
124.600361
123.601173
122.601998
121.602837
125.599562
123.601173
122.601998
118.567491
117.568065
121.537031
120.516596
120.516596
121.516460
121.504115
122.500000
122.500000
122.500000
118.651802
117.653092
117.844177
116.774355
115.655739
114.031794
112.041287
111.947532
110.951566
110.051124
110.391349
109.673379
108.283194
107.964114
109.276027
106.297930
102.460968
103.741265
101.613237
102.753345
101.115034
102.099216
105.717785
105.229511
105.053558
107.848273
107.197248
108.996560
108.181560
113.107250
112.668762
112.868286
111.688182
111.688182
113.279522
113.107250
112.477776
112.295369
112.477776
115.906212
115.906212
119.575290
121.693262
121.836981
123.964713
123.815387
125.794475
124.804848
125.941455
128.764320
129.217839
131.705163
129.515443
126.721151
131.716552
131.716552
137.427253
136.452373
143.095248
146.888563
156.064890
159.853839
163.340901
173.770682
184.486449
191.275325
199.715423
205.789334
211.863753
219.925556
230.911780
241.709019
248.483903
257.408722
268.246622
273.103003
281.036030
291.003866
302.000414
312.548396
321.612344
334.733476
349.843536
361.716049
371.710237
383.737541
396.570927
408.599131
417.108199
422.185090
425.155560
425.214358
426.240836
424.733446
389.407884
399.665485
396.791192
368.929871
370.352872
371.985551
363.501376
356.858866
352.886667
317.067816
299.015050
314.039806
294.990254
300.925655
297.500000
299.501669
310.500000
320.501560
331.554294
338.749539
346.824523
349.073416
355.906238
357.089625
347.012968
338.094661
332.601864
332.487594
336.856052
337.285117
339.788537
335.791974
335.505961
331.717123
309.863276
311.694161
312.629573
317.539368
321.524882
323.506182
327.500000
331.506033
337.505926
331.513574
328.506088
327.513740
327.506107
322.006211
323.099056
321.056070
317.014195
306.558722
304.605072
298.702611
292.834851
289.941805
293.053323
285.947985
279.757484
273.616977
272.648583
