0.000000
2.000000
2.236068
2.915476
2.915476
2.828427
2.000000
1.000000
1.414214
2.061553
2.500000
2.061553
3.354102
3.354102
3.354102
2.692582
2.692582
2.692582
2.121320
2.500000
2.500000
2.549510
2.061553
2.549510
2.915476
1.581139
2.692582
2.549510
2.500000
2.500000
2.500000
2.500000
1.802776
1.802776
1.802776
1.802776
2.500000
2.692582
1.500000
2.692582
1.500000
1.500000
1.802776
1.500000
1.802776
1.802776
2.061553
1.118034
2.500000
2.500000
2.236068
1.118034
1.802776
1.802776
1.118034
2.061553
1.118034
1.118034
1.414214
1.414214
2.236068
2.061553
2.500000
0.707107
0.707107
1.500000
2.061553
2.500000
4.031129
5.590170
2.000000
3.201562
5.522681
4.609772
3.500000
4.500000
4.000000
4.500000
5.500000
4.500000
4.500000
4.500000
4.031129
1.581139
1.118034
1.802776
1.500000
1.118034
1.802776
3.640055
1.118034
2.121320
2.692582
3.535534
3.354102
2.236068
2.236068
5.000000
5.000000
4.123106
6.403124
5.385165
3.041381
3.041381
3.201562
2.549510
2.915476
2.236068
6.576473
4.031129
2.500000
6.020797
2.500000
6.324555
3.640055
3.535534
5.500000
1.000000
5.099020
1.414214
8.062258
3.162278
4.242641
4.123106
3.000000
1.414214
2.692582
1.581139
4.716991
3.354102
3.041381
2.692582
4.743416
0.500000
3.500000
2.236068
2.061553
1.802776
2.500000
5.024938
1.118034
3.354102
0.500000
1.581139
3.905125
2.500000
3.354102
1.000000
1.000000
3.905125
3.201562
2.500000
3.162278
4.609772
2.692582
6.103278
3.640055
3.905125
5.315073
3.201562
4.301163
3.354102
3.201562
2.061553
2.692582
3.354102
1.802776
1.581139
2.915476
0.500000
2.000000
3.162278
3.354102
2.061553
1.118034
3.354102
3.354102
5.220153
6.403124
6.670832
6.519202
8.276473
6.800735
6.184658
6.082763
6.800735
6.041523
5.590170
7.905694
7.382412
6.041523
8.944272
6.800735
6.363961
4.924429
5.000000
6.708204
8.321658
7.433034
9.340771
9.340771
10.307764
11.280514
9.013878
11.768602
12.589678
10.500000
11.543396
10.688779
10.920165
10.547512
13.647344
14.396180
12.539936
14.637281
15.572412
15.572412
18.607794
15.500000
17.500000
18.500000
18.006943
18.500000
18.560711
17.613915
15.787653
18.337121
20.718349
19.811613
19.039433
21.100948
22.945588
23.690715
24.026028
23.926972
26.800187
28.714108
28.935273
29.231832
27.789386
31.819805
31.256999
28.442925
27.225907
28.017851
27.540879
27.166155
27.613403
28.853076
27.613403
29.210443
26.730133
23.547824
27.663152
28.935273
23.048861
27.986604
27.789386
26.196374
27.865750
26.730133
25.811819
28.609439
27.225907
28.535066
27.073973
31.036269
33.000000
31.064449
35.003571
35.089172
36.003472
36.169739
38.395963
37.976967
40.205721
44.634628
41.599279
41.188591
44.028400
43.820657
42.720019
42.449971
41.430665
41.282563
42.361539
43.931765
45.047197
47.320714
46.596674
47.542087
50.589030
48.500000
45.598794
45.598794
45.598794
48.438105
48.507731
45.961941
46.456969
48.166378
44.553339
43.737855
44.147480
43.174066
42.323162
43.061003
45.260358
40.478389
43.732139
44.477522
44.271887
25.317978
26.000000
25.044960
26.500000
25.985573
24.186773
23.584953
22.588714
22.141590
19.678669
19.293781
19.500000
19.780040
16.918924
15.132746
16.278821
15.628500
16.620770
16.770510
18.069311
15.890249
15.700318
17.846568
19.912308
18.357560
17.691806
20.248457
17.464249
16.643317
21.470911
23.505319
21.783021
23.162470
21.272047
23.505319
25.268558
24.186773
21.540659
24.041631
25.942244
23.086793
27.202941
28.160256
30.463092
26.248809
30.805844
35.106979
38.939055
35.531676
38.890873
