142 148 32 73
142 148 32 73
142 148 32 73
143 147 32 73
143 147 32 73
142 148 32 73
143 147 32 73
142 147 32 73
142 147 32 73
142 147 32 73
142 147 32 73
142 147 32 73
143 146 32 73
143 146 32 73
143 146 32 73
143 146 32 73
143 145 32 73
143 145 32 73
143 145 32 73
143 146 32 73
143 145 32 73
143 145 32 73
144 145 32 73
144 146 32 73
144 145 32 73
145 145 32 73
145 145 32 73
145 145 32 73
146 145 32 73
146 145 32 73
146 145 32 73
146 145 32 73
146 145 32 73
145 145 32 73
145 145 32 73
144 147 32 73
144 147 32 73
143 148 32 73
143 148 32 73
142 147 32 73
142 148 32 73
142 147 32 73
142 147 32 73
142 147 32 73
141 147 32 73
141 147 32 73
141 147 32 73
141 147 32 73
140 148 32 73
140 148 32 73
139 149 32 73
139 149 32 73
139 148 32 73
139 148 32 73
139 148 32 73
139 149 32 73
139 149 32 73
139 149 32 73
139 149 32 73
139 150 32 73
139 150 32 73
140 150 32 73
141 150 32 73
141 150 32 73
141 150 32 73
141 150 32 73
141 150 32 73
140 150 32 73
141 150 32 73
141 150 32 73
141 150 32 73
141 150 32 73
141 149 32 73
141 150 32 73
141 149 32 73
140 149 32 73
140 149 32 73
140 149 32 73
140 150 32 73
140 150 32 73
140 149 32 73
140 149 32 73
141 149 32 73
142 148 32 73
142 149 32 73
143 149 32 73
143 149 32 73
143 148 32 73
143 149 32 73
143 149 32 73
143 149 32 73
144 150 32 73
144 150 32 73
145 151 32 73
145 151 32 73
145 151 32 73
146 152 32 73
146 152 32 73
146 152 32 73
147 152 32 73
147 152 32 73
147 152 32 73
147 151 32 73
147 151 32 73
147 151 32 73
147 151 32 73
147 151 32 73
147 150 32 73
147 150 32 73
148 150 32 73
148 151 32 73
148 151 32 73
148 151 32 73
148 151 32 73
149 151 32 73
149 151 32 73
150 151 32 73
150 150 32 73
150 150 32 73
150 150 32 73
150 150 32 73
149 150 32 73
149 150 32 73
149 150 32 73
149 150 32 73
149 150 32 73
149 150 32 73
149 149 32 73
148 149 32 73
148 150 32 73
148 150 32 73
148 150 32 73
147 150 32 73
147 149 32 73
147 148 32 73
147 148 32 73
147 148 32 73
147 148 32 73
147 148 32 73
147 148 32 73
147 148 32 73
146 148 32 73
146 148 32 73
146 147 32 73
146 147 32 73
145 147 32 73
145 148 32 73
144 148 32 73
144 148 32 73
144 148 32 73
144 148 32 73
144 147 32 73
143 148 32 73
143 148 32 73
143 148 32 73
143 148 32 73
142 148 32 73
142 148 32 73
141 148 32 73
141 149 32 73
141 149 32 73
141 149 32 73
141 148 32 73
140 149 32 73
140 149 32 73
140 149 32 73
140 149 32 73
141 149 32 73
141 149 32 73
141 148 32 73
140 148 32 73
140 149 32 73
140 149 32 73
140 149 32 73
140 148 32 73
140 148 32 73
140 148 32 73
140 148 32 73
140 148 32 73
140 147 32 73
140 148 32 73
140 148 32 73
140 148 32 73
141 148 32 73
142 148 32 73
143 148 32 73
145 147 32 73
147 147 32 73
149 146 32 73
152 145 32 73
155 145 32 73
158 144 32 73
160 143 32 73
163 142 32 73
165 141 32 73
167 140 32 73
168 139 32 73
168 138 32 73
167 137 32 73
166 136 32 73
164 136 32 73
161 136 32 73
158 136 32 73
154 135 32 73
149 135 32 73
144 136 32 73
139 135 32 73
134 135 32 73
129 135 32 73
124 136 32 73
120 136 32 73
116 136 32 73
113 137 32 73
110 138 32 73
108 139 32 73
107 141 32 73
105 143 32 73
104 144 32 73
103 146 32 73
103 148 32 73
103 150 32 73
103 152 32 73
103 154 32 73
104 155 32 73
105 157 32 73
106 158 32 73
107 161 32 73
109 161 32 73
111 162 32 73
112 163 32 73
112 164 32 73
112 165 32 73
110 166 32 73
109 166 32 73
108 166 32 73
106 166 32 73
105 166 32 73
104 165 32 73
103 166 32 73
101 166 32 73
99 166 32 73
97 165 32 73
94 165 32 73
91 165 32 73
88 164 32 73
85 163 32 73
82 162 32 73
79 162 32 73
76 161 32 73
73 160 32 73
70 159 32 73
66 157 32 73
64 155 32 73
61 154 32 73
60 152 32 73
57 151 32 73
56 149 32 73
54 148 32 73
54 147 32 73
54 147 32 73
53 147 32 73
52 146 32 73
54 146 32 73
54 146 32 73
56 146 32 73
59 146 32 73
62 146 32 73
66 146 32 73
69 146 32 73
73 146 32 73
78 146 32 73
84 146 32 73
89 146 32 73
94 147 32 73
99 147 32 73
104 147 32 73
109 147 32 73
114 147 32 73
119 148 32 73
122 148 32 73
126 149 32 73
129 149 32 73
132 149 32 73
135 150 32 73
137 151 32 73
140 152 32 73
143 152 32 73
145 153 32 73
147 153 32 73
149 154 32 73
150 155 32 73
151 155 32 73
152 155 32 73
153 156 32 73
154 157 32 73
154 158 32 73
154 159 32 73
154 160 32 73
153 161 32 73
152 162 32 73
152 164 32 73
151 165 32 73
150 167 32 73
149 168 32 73
146 169 32 73
143 169 32 73
140 170 32 73
136 171 32 73
133 173 32 73
130 173 32 73
127 174 32 73
124 174 32 73
121 174 32 73
119 172 32 73
116 171 32 73
112 171 32 73
108 171 32 73
104 171 32 73
100 170 32 73
97 169 32 73
93 168 32 73
90 168 32 73
87 166 32 73
83 166 32 73
80 165 32 73
77 164 32 73
73 163 32 73
70 161 32 73
68 159 32 73
65 158 32 73
64 157 32 73
62 156 32 73
62 154 32 73
61 152 32 73
62 151 32 73
62 149 32 73
64 148 32 73
66 146 32 73
68 145 32 73
71 144 32 73
75 142 32 73
78 141 32 73
83 140 32 73
87 139 32 73
92 138 32 73
99 137 32 73
105 136 32 73
112 134 32 73
119 133 32 73
126 132 32 73
132 132 32 73
138 132 32 73
145 132 32 73
152 133 32 73
158 133 32 73
164 133 32 73
171 133 32 73
177 133 32 73
182 134 32 73
189 133 32 73
196 132 32 73
202 132 32 73
208 132 32 73
214 132 32 73
218 133 32 73
221 134 32 73
225 135 32 73
228 137 32 73
230 138 32 73
232 139 32 73
233 140 32 73
233 141 32 73
233 142 32 73
231 143 32 73
229 146 32 73
225 148 32 73
221 147 32 73
216 148 32 73
211 149 32 73
206 150 32 73
201 152 32 73
195 154 32 73
188 155 32 73
182 155 32 73
176 156 32 73
170 157 32 73
164 158 32 73
158 158 32 73
151 158 32 73
145 158 32 73
138 158 32 73
131 158 32 73
124 157 32 73
118 156 32 73
112 155 32 73
107 153 32 73
102 151 32 73
97 148 32 73
93 145 32 73
89 141 32 73
85 138 32 73
81 134 32 73
79 130 32 73
79 126 32 73
80 122 32 73
82 119 32 73
85 116 32 73
89 112 32 73
93 109 32 73
99 105 32 73
104 102 32 73
110 99 32 73
116 97 32 73
121 94 32 73
126 91 32 73
131 88 32 73
135 85 32 73
139 82 32 73
143 79 32 73
147 77 32 73
149 74 32 73
152 71 32 73
154 69 32 73
156 66 32 73
158 63 32 73
158 60 32 73
158 57 32 73
158 54 32 73
157 51 32 73
155 49 32 73
152 46 32 73
149 44 32 73
146 42 32 73
144 41 32 73
140 41 32 73
137 42 32 73
133 42 32 73
130 43 32 73
127 45 32 73
124 47 32 73
121 49 32 73
118 52 32 73
116 55 32 73
113 59 32 73
111 62 32 73
108 66 32 73
106 70 32 73
104 74 32 73
102 77 32 73
101 81 32 73
100 86 32 73
99 90 32 73
98 93 32 73
98 97 32 73
97 101 32 73
98 105 32 73
99 110 32 73
100 115 32 73
100 120 32 73
101 123 32 73
103 126 32 73
105 130 32 73
107 133 32 73
109 134 32 73
111 136 32 73
112 137 32 73
113 139 32 73
114 141 32 73
114 143 32 73
115 145 32 73
115 147 32 73
115 148 32 73
116 148 32 73
116 149 32 73
117 150 32 73
117 151 32 73
117 152 32 73
117 153 32 73
116 153 32 73
117 153 32 73
117 154 32 73
116 154 32 73
116 154 32 73
116 154 32 73
116 154 32 73
116 153 32 73
117 153 32 73
116 152 32 73
116 152 32 73
115 152 32 73
114 151 32 73
113 149 32 73
112 148 32 73
111 147 32 73
111 146 32 73
111 144 32 73
110 143 32 73
109 142 32 73
109 141 32 73
108 140 32 73
107 138 32 73
106 136 32 73
106 134 32 73
105 132 32 73
104 129 32 73
103 126 32 73
103 124 32 73
102 121 32 73
102 118 32 73
102 115 32 73
104 112 32 73
104 110 32 73
106 107 32 73
108 105 32 73
111 103 32 73
116 101 32 73
122 100 32 73
129 101 32 73
137 102 32 73
145 104 32 73
153 107 32 73
161 110 32 73
169 113 32 73
177 113 32 73
184 113 32 73
191 114 32 73
196 116 32 73
200 119 32 73
202 120 32 73
204 122 32 73
205 123 32 73
205 125 32 73
206 127 32 73
206 129 32 73
205 130 32 73
204 131 32 73
202 133 32 73
200 135 32 73
197 138 32 73
194 140 32 73
190 142 32 73
186 146 32 73
182 148 32 73
179 150 32 73
176 153 32 73
173 156 32 73
169 159 32 73
168 159 32 73
166 158 32 73
162 161 32 73
158 165 32 73
155 168 32 73
155 167 32 73
155 167 32 73
154 169 32 73
152 170 32 73
149 171 32 73
144 169 32 73
140 167 32 73
136 167 32 73
132 167 32 73
130 168 32 73
128 170 32 73
126 169 32 73
125 167 32 73
123 167 32 73
123 167 32 73
124 168 32 73
125 168 32 73
128 168 32 73
130 167 32 73
132 167 32 73
134 168 32 73
136 170 32 73
137 172 32 73
140 173 32 73
142 175 32 73
144 176 32 73
147 176 32 73
149 177 32 73
152 177 32 73
156 176 32 73
159 176 32 73
164 175 32 73
168 175 32 73
172 176 32 73
177 176 32 73
181 175 32 73
184 173 32 73
187 171 32 73
190 167 32 73
191 163 32 73
192 160 32 73
193 158 32 73
192 156 32 73
191 155 32 73
190 154 32 73
189 152 32 73
189 151 32 73
189 150 32 73
188 149 32 73
186 148 32 73
184 148 32 73
181 148 32 73
178 148 32 73
174 148 32 73
170 149 32 73
167 149 32 73
163 149 32 73
159 150 32 73
156 151 32 73
152 153 32 73
149 154 32 73
148 155 32 73
147 158 32 73
147 160 32 73
148 162 32 73
149 165 32 73
150 167 32 73
151 170 32 73
153 172 32 73
154 173 32 73
155 174 32 73
157 175 32 73
159 175 32 73
161 175 32 73
163 175 32 73
165 176 32 73
168 176 32 73
170 176 32 73
173 176 32 73
175 176 32 73
178 175 32 73
181 174 32 73
183 173 32 73
186 172 32 73
190 171 32 73
193 171 32 73
196 170 32 73
199 169 32 73
202 168 32 73
204 166 32 73
207 164 32 73
210 163 32 73
214 162 32 73
217 161 32 73
220 160 32 73
224 156 32 73
226 154 32 73
228 153 32 73
229 152 32 73
230 152 32 73
231 152 32 73
232 151 32 73
234 150 32 73
235 149 32 73
237 149 32 73
238 148 32 73
239 147 32 73
240 145 32 73
241 143 32 73
243 142 32 73
244 140 32 73
246 139 32 73
246 138 32 73
247 137 32 73
247 136 32 73
247 135 32 73
247 134 32 73
246 133 32 73
245 132 32 73
243 131 32 73
241 131 32 73
237 130 32 73
234 129 32 73
230 127 32 73
227 126 32 73
223 125 32 73
219 124 32 73
215 122 32 73
210 121 32 73
205 120 32 73
200 119 32 73
195 118 32 73
189 118 32 73
184 118 32 73
179 117 32 73
174 117 32 73
169 116 32 73
164 115 32 73
159 115 32 73
154 114 32 73
148 114 32 73
143 114 32 73
138 114 32 73
134 113 32 73
131 112 32 73
128 113 32 73
126 112 32 73
124 113 32 73
122 113 32 73
120 114 32 73
119 114 32 73
118 116 32 73
118 117 32 73
118 119 32 73
119 120 32 73
120 122 32 73
121 123 32 73
123 125 32 73
125 127 32 73
127 130 32 73
129 134 32 73
132 136 32 73
135 139 32 73
138 142 32 73
141 145 32 73
144 147 32 73
147 149 32 73
150 151 32 73
152 152 32 73
155 152 32 73
157 152 32 73
159 151 32 73
162 149 32 73
164 147 32 73
167 145 32 73
169 142 32 73
171 138 32 73
173 134 32 73
175 130 32 73
178 125 32 73
180 121 32 73
181 115 32 73
182 110 32 73
183 105 32 73
183 100 32 73
184 95 32 73
184 89 32 73
184 84 32 73
184 78 32 73
183 72 32 73
182 67 32 73
180 61 32 73
178 57 32 73
176 52 32 73
174 48 32 73
171 45 32 73
168 42 32 73
164 41 32 73
160 40 32 73
156 39 32 73
151 40 32 73
147 41 32 73
143 42 32 73
139 43 32 73
134 44 32 73
130 46 32 73
125 48 32 73
121 50 32 73
117 53 32 73
114 56 32 73
111 59 32 73
109 63 32 73
108 68 32 73
107 73 32 73
107 78 32 73
107 83 32 73
108 89 32 73
108 94 32 73
108 100 32 73
109 106 32 73
110 112 32 73
111 117 32 73
112 122 32 73
113 126 32 73
115 131 32 73
117 135 32 73
119 138 32 73
121 142 32 73
124 146 32 73
127 149 32 73
131 153 32 73
134 158 32 73
138 161 32 73
142 164 32 73
145 167 32 73
149 170 32 73
152 172 32 73
156 173 32 73
160 175 32 73
164 176 32 73
168 176 32 73
172 176 32 73
176 175 32 73
180 174 32 73
183 172 32 73
187 171 32 73
189 169 32 73
191 168 32 73
193 166 32 73
196 163 32 73
197 160 32 73
198 157 32 73
198 153 32 73
199 149 32 73
199 147 32 73
199 145 32 73
198 143 32 73
198 139 32 73
199 134 32 73
199 129 32 73
199 124 32 73
199 120 32 73
198 116 32 73
197 112 32 73
195 109 32 73
192 106 32 73
189 102 32 73
186 99 32 73
182 97 32 73
179 96 32 73
176 96 32 73
173 97 32 73
170 99 32 73
168 102 32 73
167 107 32 73
167 113 32 73
166 119 32 73
166 125 32 73
165 128 32 73
165 129 32 73
164 127 32 73
165 121 32 73
165 114 32 73
165 107 32 73
165 100 32 73
165 94 32 73
164 91 32 73
162 89 32 73
159 89 32 73
156 91 32 73
153 95 32 73
150 100 32 73
148 106 32 73
145 111 32 73
144 115 32 73
143 118 32 73
144 119 32 73
144 119 32 73
145 117 32 73
145 113 32 73
145 108 32 73
145 102 32 73
143 96 32 73
142 91 32 73
142 87 32 73
141 85 32 73
140 84 32 73
140 85 32 73
140 88 32 73
142 93 32 73
143 99 32 73
145 104 32 73
148 110 32 73
151 115 32 73
154 118 32 73
158 119 32 73
161 118 32 73
165 114 32 73
168 108 32 73
172 101 32 73
175 92 32 73
178 84 32 73
181 76 32 73
183 70 32 73
184 65 32 73
185 62 32 73
184 61 32 73
183 62 32 73
182 65 32 73
182 69 32 73
181 76 32 73
182 81 32 73
182 87 32 73
184 91 32 73
186 93 32 73
188 93 32 73
190 91 32 73
192 87 32 73
194 81 32 73
195 74 32 73
195 67 32 73
194 61 32 73
192 57 32 73
191 55 32 73
190 57 32 73
189 63 32 73
188 71 32 73
188 82 32 73
188 92 32 73
188 100 32 73
189 106 32 73
190 109 32 73
192 108 32 73
194 105 32 73
196 99 32 73
197 91 32 73
199 83 32 73
198 76 32 73
196 70 32 73
194 62 32 73
190 57 32 73
187 54 32 73
184 54 32 73
182 56 32 73
181 60 32 73
181 66 32 73
182 72 32 73
183 79 32 73
185 84 32 73
187 88 32 73
188 91 32 73
189 94 32 73
190 96 32 73
191 98 32 73
196 98 32 73
200 98 32 73
205 96 32 73
211 93 32 73
217 90 32 73
225 87 32 73
234 82 32 73
242 78 32 73
250 75 32 73
257 72 32 73
263 71 32 73
267 72 32 73
269 73 32 73
270 74 32 73
269 76 32 73
265 80 32 73
261 82 32 73
257 85 32 73
251 89 32 73
245 93 32 73
239 96 32 73
231 100 32 73
223 103 32 73
215 107 32 73
208 110 32 73
200 114 32 73
193 119 32 73
187 124 32 73
182 128 32 73
177 132 32 73
174 136 32 73
171 140 32 73
169 143 32 73
168 147 32 73
168 150 32 73
169 153 32 73
172 155 32 73
174 157 32 73
177 158 32 73
180 158 32 73
182 158 32 73
184 158 32 73
187 156 32 73
190 155 32 73
194 152 32 73
197 150 32 73
200 147 32 73
203 144 32 73
204 141 32 73
205 137 32 73
205 133 32 73
205 129 32 73
205 125 32 73
203 122 32 73
201 117 32 73
199 113 32 73
195 109 32 73
190 105 32 73
187 102 32 73
182 99 32 73
178 97 32 73
174 96 32 73
170 96 32 73
167 97 32 73
164 97 32 73
162 98 32 73
160 99 32 73
159 101 32 73
159 102 32 73
158 104 32 73
158 106 32 73
159 107 32 73
160 109 32 73
161 110 32 73
163 112 32 73
165 113 32 73
168 114 32 73
170 115 32 73
174 117 32 73
178 118 32 73
182 119 32 73
186 120 32 73
191 120 32 73
197 120 32 73
202 119 32 73
208 120 32 73
213 120 32 73
219 120 32 73
224 120 32 73
230 119 32 73
235 119 32 73
239 118 32 73
244 118 32 73
246 117 32 73
247 116 32 73
248 116 32 73
248 116 32 73
246 116 32 73
244 116 32 73
241 116 32 73
237 117 32 73
233 117 32 73
229 117 32 73
223 116 32 73
218 116 32 73
211 116 32 73
205 115 32 73
200 115 32 73
194 115 32 73
188 116 32 73
182 116 32 73
176 117 32 73
170 118 32 73
164 119 32 73
158 120 32 73
153 120 32 73
147 122 32 73
143 123 32 73
138 124 32 73
134 126 32 73
130 128 32 73
126 129 32 73
123 131 32 73
120 133 32 73
117 134 32 73
115 137 32 73
114 139 32 73
114 141 32 73
113 143 32 73
114 145 32 73
115 146 32 73
116 147 32 73
118 149 32 73
121 150 32 73
123 151 32 73
127 153 32 73
131 154 32 73
135 156 32 73
140 158 32 73
145 160 32 73
150 161 32 73
155 162 32 73
160 162 32 73
165 163 32 73
170 163 32 73
175 163 32 73
180 163 32 73
185 162 32 73
190 162 32 73
194 161 32 73
199 160 32 73
204 159 32 73
211 159 32 73
217 158 32 73
224 157 32 73
229 155 32 73
236 154 32 73
241 153 32 73
247 151 32 73
251 150 32 73
256 149 32 73
260 147 32 73
263 145 32 73
266 143 32 73
269 141 32 73
271 139 32 73
273 138 32 73
275 137 32 73
276 134 32 73
276 132 32 73
277 130 32 73
276 129 32 73
276 128 32 73
275 126 32 73
273 124 32 73
270 122 32 73
267 121 32 73
264 121 32 73
260 120 32 73
256 120 32 73
252 119 32 73
248 119 32 73
244 119 32 73
240 118 32 73
235 118 32 73
231 118 32 73
226 118 32 73
221 119 32 73
215 119 32 73
209 119 32 73
203 119 32 73
198 119 32 73
193 119 32 73
187 119 32 73
181 119 32 73
176 119 32 73
171 118 32 73
166 119 32 73
161 120 32 73
157 120 32 73
152 121 32 73
149 122 32 73
146 124 32 73
143 125 32 73
140 126 32 73
137 127 32 73
135 129 32 73
133 131 32 73
133 132 32 73
132 135 32 73
131 137 32 73
131 140 32 73
131 142 32 73
132 144 32 73
133 146 32 73
134 148 32 73
135 150 32 73
138 152 32 73
141 154 32 73
144 155 32 73
148 155 32 73
152 156 32 73
157 156 32 73
162 157 32 73
166 157 32 73
170 157 32 73
174 157 32 73
177 156 32 73
180 156 32 73
183 156 32 73
186 155 32 73
189 154 32 73
192 152 32 73
195 150 32 73
197 149 32 73
201 147 32 73
203 144 32 73
204 141 32 73
206 138 32 73
208 135 32 73
210 132 32 73
212 129 32 73
213 125 32 73
215 121 32 73
216 116 32 73
216 113 32 73
216 109 32 73
217 104 32 73
217 99 32 73
216 94 32 73
214 89 32 73
213 84 32 73
211 80 32 73
210 75 32 73
208 70 32 73
205 66 32 73
202 62 32 73
198 58 32 73
194 55 32 73
189 53 32 73
183 51 32 73
178 51 32 73
172 51 32 73
166 52 32 73
160 54 32 73
154 57 32 73
147 61 32 73
141 66 32 73
136 71 32 73
131 77 32 73
126 83 32 73
122 90 32 73
118 95 32 73
115 101 32 73
111 106 32 73
109 112 32 73
108 118 32 73
107 124 32 73
106 129 32 73
106 134 32 73
107 138 32 73
109 142 32 73
111 146 32 73
113 148 32 73
116 150 32 73
120 153 32 73
123 154 32 73
126 156 32 73
129 157 32 73
133 159 32 73
136 161 32 73
140 162 32 73
143 163 32 73
146 164 32 73
150 164 32 73
153 165 32 73
156 166 32 73
159 167 32 73
162 168 32 73
165 169 32 73
167 169 32 73
169 170 32 73
171 170 32 73
172 170 32 73
172 169 32 73
172 169 32 73
172 168 32 73
172 167 32 73
172 165 32 73
172 163 32 73
172 160 32 73
171 157 32 73
171 153 32 73
170 150 32 73
170 146 32 73
170 141 32 73
171 136 32 73
171 130 32 73
172 125 32 73
172 120 32 73
172 115 32 73
173 109 32 73
174 105 32 73
175 100 32 73
175 96 32 73
176 92 32 73
176 89 32 73
176 86 32 73
177 84 32 73
177 82 32 73
177 81 32 73
177 80 32 73
178 80 32 73
178 81 32 73
178 82 32 73
178 83 32 73
178 83 32 73
178 85 32 73
177 86 32 73
177 87 32 73
176 89 32 73
175 90 32 73
174 91 32 73
173 93 32 73
172 95 32 73
171 96 32 73
170 98 32 73
170 101 32 73
168 103 32 73
167 105 32 73
166 107 32 73
166 109 32 73
165 112 32 73
164 114 32 73
163 117 32 73
163 119 32 73
163 121 32 73
163 123 32 73
163 126 32 73
163 129 32 73
163 132 32 73
165 136 32 73
166 138 32 73
167 141 32 73
168 144 32 73
169 146 32 73
170 148 32 73
171 149 32 73
171 150 32 73
173 150 32 73
174 150 32 73
174 150 32 73
176 149 32 73
177 149 32 73
179 148 32 73
180 148 32 73
182 146 32 73
184 145 32 73
187 144 32 73
190 142 32 73
193 141 32 73
196 138 32 73
199 136 32 73
203 134 32 73
206 132 32 73
209 130 32 73
212 128 32 73
215 127 32 73
219 126 32 73
222 125 32 73
225 124 32 73
228 123 32 73
231 122 32 73
234 121 32 73
237 121 32 73
240 121 32 73
242 121 32 73
244 120 32 73
246 120 32 73
248 119 32 73
249 119 32 73
251 118 32 73
252 117 32 73
251 117 32 73
250 118 32 73
249 118 32 73
248 117 32 73
246 118 32 73
243 119 32 73
241 119 32 73
239 119 32 73
237 119 32 73
235 119 32 73
233 119 32 73
232 119 32 73
228 122 32 73
225 123 32 73
222 123 32 73
218 125 32 73
214 127 32 73
211 128 32 73
207 129 32 73
203 130 32 73
199 131 32 73
195 131 32 73
190 132 32 73
187 132 32 73
184 133 32 73
181 133 32 73
179 134 32 73
176 135 32 73
173 137 32 73
170 137 32 73
168 137 32 73
166 137 32 73
163 137 32 73
161 137 32 73
158 137 32 73
155 137 32 73
152 136 32 73
149 136 32 73
147 135 32 73
145 136 32 73
144 136 32 73
143 136 32 73
142 135 32 73
141 135 32 73
140 135 32 73
139 135 32 73
138 135 32 73
137 135 32 73
136 135 32 73
135 135 32 73
136 134 32 73
137 133 32 73
139 133 32 73
142 132 32 73
145 132 32 73
148 131 32 73
151 131 32 73
155 130 32 73
159 130 32 73
164 130 32 73
171 130 32 73
177 130 32 73
183 128 32 73
188 126 32 73
193 124 32 73
197 123 32 73
201 122 32 73
205 121 32 73
210 119 32 73
215 118 32 73
220 117 32 73
225 117 32 73
230 116 32 73
236 115 32 73
241 115 32 73
246 115 32 73
252 114 32 73
256 115 32 73
261 115 32 73
265 115 32 73
268 115 32 73
272 116 32 73
275 116 32 73
278 116 32 73
280 116 32 73
281 116 32 73
282 115 32 73
281 114 32 73
279 112 32 73
277 109 32 73
273 107 32 73
269 105 32 73
264 103 32 73
258 103 32 73
253 102 32 73
247 102 32 73
241 102 32 73
236 101 32 73
230 101 32 73
223 101 32 73
217 101 32 73
210 101 32 73
203 102 32 73
197 102 32 73
190 102 32 73
184 103 32 73
178 103 32 73
171 104 32 73
165 104 32 73
159 105 32 73
154 106 32 73
149 107 32 73
144 108 32 73
139 108 32 73
134 109 32 73
129 109 32 73
124 109 32 73
120 110 32 73
117 110 32 73
115 111 32 73
113 112 32 73
112 112 32 73
112 113 32 73
113 114 32 73
115 116 32 73
117 117 32 73
120 118 32 73
123 120 32 73
126 122 32 73
127 124 32 73
129 126 32 73
130 128 32 73
130 131 32 73
130 134 32 73
129 136 32 73
127 138 32 73
125 139 32 73
121 140 32 73
118 141 32 73
115 143 32 73
112 143 32 73
111 142 32 73
110 142 32 73
110 142 32 73
110 143 32 73
111 143 32 73
112 144 32 73
113 144 32 73
116 145 32 73
119 147 32 73
123 148 32 73
128 150 32 73
133 152 32 73
139 154 32 73
145 156 32 73
150 157 32 73
156 158 32 73
161 159 32 73
167 160 32 73
173 161 32 73
178 161 32 73
184 160 32 73
190 160 32 73
195 159 32 73
201 157 32 73
204 155 32 73
208 153 32 73
213 151 32 73
219 150 32 73
225 148 32 73
230 144 32 73
234 142 32 73
239 139 32 73
244 137 32 73
248 134 32 73
252 131 32 73
256 128 32 73
257 125 32 73
259 122 32 73
260 119 32 73
259 117 32 73
258 115 32 73
256 113 32 73
253 110 32 73
250 108 32 73
247 106 32 73
244 104 32 73
241 103 32 73
237 102 32 73
232 102 32 73
226 103 32 73
221 103 32 73
214 104 32 73
208 106 32 73
202 108 32 73
196 110 32 73
192 112 32 73
187 115 32 73
183 117 32 73
180 120 32 73
178 123 32 73
177 127 32 73
177 130 32 73
178 134 32 73
178 137 32 73
179 141 32 73
181 145 32 73
184 148 32 73
187 151 32 73
190 153 32 73
194 155 32 73
198 156 32 73
201 158 32 73
203 158 32 73
205 157 32 73
207 156 32 73
208 153 32 73
209 150 32 73
210 147 32 73
211 143 32 73
211 139 32 73
211 133 32 73
211 128 32 73
211 123 32 73
211 118 32 73
211 113 32 73
210 108 32 73
210 103 32 73
210 98 32 73
209 94 32 73
207 90 32 73
206 86 32 73
205 82 32 73
203 79 32 73
201 75 32 73
198 72 32 73
193 69 32 73
188 66 32 73
182 64 32 73
176 62 32 73
171 60 32 73
165 59 32 73
158 57 32 73
152 57 32 73
146 57 32 73
139 57 32 73
133 58 32 73
127 58 32 73
121 59 32 73
115 61 32 73
109 62 32 73
103 64 32 73
97 66 32 73
91 69 32 73
85 72 32 73
81 75 32 73
77 79 32 73
75 84 32 73
73 88 32 73
73 92 32 73
74 96 32 73
77 100 32 73
81 104 32 73
86 109 32 73
93 113 32 73
101 117 32 73
109 121 32 73
118 125 32 73
128 129 32 73
139 133 32 73
150 136 32 73
161 138 32 73
172 140 32 73
182 142 32 73
192 145 32 73
203 147 32 73
212 148 32 73
222 149 32 73
232 151 32 73
240 152 32 73
247 152 32 73
253 153 32 73
256 153 32 73
258 152 32 73
258 152 32 73
256 152 32 73
254 151 32 73
249 150 32 73
244 150 32 73
238 150 32 73
232 149 32 73
226 148 32 73
218 147 32 73
211 146 32 73
204 145 32 73
196 145 32 73
188 144 32 73
181 144 32 73
174 143 32 73
168 143 32 73
162 145 32 73
158 146 32 73
153 148 32 73
150 151 32 73
147 156 32 73
146 160 32 73
147 165 32 73
148 170 32 73
151 174 32 73
155 179 32 73
160 183 32 73
165 187 32 73
171 191 32 73
177 194 32 73
183 196 32 73
190 197 32 73
196 197 32 73
203 196 32 73
209 194 32 73
215 192 32 73
222 189 32 73
228 187 32 73
233 184 32 73
238 182 32 73
243 179 32 73
246 176 32 73
250 173 32 73
252 169 32 73
254 165 32 73
256 161 32 73
257 158 32 73
258 154 32 73
258 150 32 73
258 146 32 73
258 143 32 73
258 139 32 73
258 136 32 73
258 132 32 73
258 129 32 73
258 126 32 73
257 122 32 73
255 118 32 73
254 115 32 73
251 112 32 73
248 109 32 73
245 106 32 73
242 103 32 73
238 101 32 73
234 99 32 73
229 97 32 73
223 94 32 73
218 93 32 73
213 91 32 73
208 91 32 73
203 91 32 73
199 90 32 73
194 90 32 73
190 90 32 73
185 91 32 73
181 93 32 73
176 95 32 73
173 98 32 73
169 100 32 73
167 104 32 73
165 108 32 73
164 112 32 73
163 116 32 73
163 120 32 73
162 124 32 73
161 127 32 73
160 130 32 73
160 133 32 73
159 135 32 73
159 138 32 73
159 140 32 73
160 143 32 73
160 145 32 73
160 147 32 73
160 150 32 73
160 153 32 73
161 157 32 73
163 161 32 73
165 166 32 73
169 168 32 73
173 174 32 73
175 178 32 73
179 182 32 73
183 184 32 73
187 186 32 73
192 187 32 73
197 188 32 73
201 188 32 73
205 186 32 73
210 183 32 73
214 180 32 73
217 176 32 73
219 171 32 73
220 164 32 73
220 156 32 73
219 149 32 73
218 142 32 73
215 134 32 73
212 128 32 73
208 121 32 73
203 116 32 73
198 111 32 73
192 106 32 73
187 102 32 73
181 99 32 73
174 98 32 73
167 97 32 73
159 96 32 73
151 97 32 73
143 98 32 73
135 99 32 73
128 102 32 73
122 105 32 73
116 108 32 73
111 111 32 73
107 114 32 73
104 117 32 73
102 120 32 73
101 123 32 73
100 126 32 73
100 128 32 73
101 131 32 73
102 134 32 73
104 136 32 73
106 138 32 73
109 140 32 73
112 141 32 73
117 143 32 73
122 144 32 73
127 146 32 73
132 147 32 73
137 147 32 73
142 148 32 73
147 150 32 73
152 150 32 73
157 150 32 73
163 151 32 73
169 152 32 73
176 154 32 73
183 154 32 73
190 155 32 73
196 158 32 73
204 158 32 73
210 158 32 73
216 156 32 73
221 157 32 73
227 157 32 73
233 156 32 73
237 155 32 73
240 152 32 73
243 151 32 73
245 150 32 73
247 149 32 73
249 148 32 73
250 147 32 73
251 146 32 73
252 146 32 73
253 145 32 73
254 144 32 73
254 142 32 73
254 141 32 73
253 139 32 73
253 138 32 73
252 136 32 73
251 134 32 73
251 133 32 73
251 132 32 73
251 132 32 73
250 131 32 73
249 131 32 73
248 129 32 73
246 127 32 73
243 126 32 73
240 126 32 73
237 125 32 73
234 125 32 73
230 124 32 73
227 124 32 73
223 122 32 73
220 121 32 73
217 120 32 73
212 119 32 73
208 119 32 73
203 119 32 73
199 119 32 73
195 119 32 73
190 119 32 73
185 120 32 73
181 120 32 73
176 121 32 73
170 122 32 73
165 123 32 73
161 124 32 73
158 125 32 73
155 126 32 73
152 127 32 73
149 128 32 73
146 129 32 73
144 130 32 73
142 132 32 73
140 134 32 73
138 137 32 73
137 141 32 73
137 145 32 73
137 149 32 73
138 154 32 73
139 159 32 73
141 163 32 73
144 166 32 73
147 169 32 73
150 172 32 73
154 174 32 73
158 175 32 73
162 175 32 73
166 175 32 73
170 174 32 73
174 172 32 73
179 170 32 73
183 168 32 73
188 164 32 73
192 160 32 73
196 155 32 73
200 150 32 73
203 147 32 73
206 142 32 73
207 138 32 73
208 134 32 73
208 131 32 73
208 126 32 73
207 122 32 73
206 119 32 73
204 116 32 73
202 113 32 73
200 111 32 73
195 110 32 73
190 110 32 73
184 110 32 73
177 110 32 73
169 110 32 73
161 110 32 73
153 110 32 73
146 110 32 73
138 110 32 73
130 110 32 73
122 110 32 73
114 109 32 73
107 109 32 73
101 108 32 73
95 107 32 73
90 106 32 73
85 105 32 73
82 104 32 73
79 103 32 73
78 101 32 73
78 99 32 73
80 97 32 73
83 96 32 73
88 95 32 73
94 94 32 73
101 93 32 73
108 93 32 73
117 92 32 73
126 93 32 73
136 94 32 73
147 95 32 73
158 97 32 73
169 99 32 73
180 101 32 73
192 103 32 73
203 106 32 73
210 109 32 73
216 112 32 73
219 115 32 73
222 119 32 73
223 122 32 73
222 125 32 73
219 128 32 73
215 131 32 73
212 134 32 73
207 136 32 73
202 136 32 73
197 136 32 73
191 136 32 73
185 134 32 73
179 132 32 73
172 130 32 73
165 127 32 73
159 124 32 73
153 121 32 73
149 118 32 73
146 113 32 73
144 109 32 73
143 104 32 73
143 99 32 73
142 94 32 73
141 90 32 73
142 86 32 73
143 83 32 73
145 79 32 73
145 76 32 73
146 73 32 73
148 69 32 73
151 67 32 73
155 65 32 73
160 62 32 73
165 61 32 73
170 60 32 73
176 60 32 73
182 60 32 73
188 61 32 73
195 62 32 73
202 64 32 73
210 65 32 73
217 67 32 73
224 70 32 73
232 73 32 73
239 75 32 73
245 79 32 73
251 83 32 73
255 88 32 73
258 91 32 73
260 95 32 73
260 99 32 73
260 103 32 73
258 106 32 73
255 109 32 73
251 112 32 73
246 115 32 73
240 118 32 73
233 121 32 73
226 122 32 73
218 123 32 73
210 125 32 73
201 127 32 73
193 128 32 73
186 129 32 73
178 130 32 73
171 131 32 73
164 132 32 73
157 132 32 73
150 133 32 73
143 133 32 73
137 133 32 73
132 133 32 73
127 133 32 73
124 132 32 73
121 132 32 73
119 132 32 73
119 132 32 73
119 132 32 73
120 132 32 73
122 132 32 73
124 133 32 73
128 134 32 73
132 134 32 73
136 135 32 73
141 135 32 73
146 135 32 73
153 135 32 73
158 136 32 73
164 136 32 73
170 135 32 73
176 133 32 73
181 133 32 73
187 132 32 73
192 131 32 73
198 130 32 73
204 129 32 73
210 127 32 73
215 126 32 73
219 125 32 73
223 124 32 73
226 123 32 73
228 121 32 73
230 120 32 73
231 119 32 73
231 117 32 73
231 115 32 73
230 113 32 73
229 112 32 73
228 110 32 73
227 109 32 73
225 107 32 73
222 105 32 73
218 103 32 73
213 102 32 73
209 100 32 73
204 99 32 73
200 98 32 73
194 97 32 73
188 96 32 73
183 96 32 73
176 96 32 73
170 96 32 73
163 97 32 73
157 98 32 73
152 99 32 73
146 100 32 73
141 101 32 73
136 103 32 73
131 104 32 73
126 106 32 73
122 108 32 73
118 110 32 73
113 112 32 73
110 114 32 73
107 116 32 73
106 119 32 73
105 122 32 73
105 124 32 73
106 127 32 73
107 130 32 73
108 133 32 73
111 135 32 73
114 137 32 73
118 139 32 73
122 141 32 73
126 143 32 73
130 144 32 73
135 145 32 73
139 146 32 73
144 146 32 73
149 147 32 73
155 146 32 73
160 146 32 73
166 146 32 73
173 146 32 73
179 145 32 73
185 144 32 73
191 144 32 73
197 143 32 73
204 143 32 73
209 143 32 73
216 142 32 73
221 141 32 73
228 141 32 73
233 140 32 73
238 139 32 73
243 138 32 73
247 137 32 73
251 136 32 73
255 134 32 73
257 133 32 73
259 131 32 73
260 128 32 73
261 126 32 73
261 124 32 73
260 122 32 73
258 119 32 73
257 117 32 73
254 114 32 73
251 112 32 73
248 110 32 73
244 109 32 73
240 108 32 73
236 106 32 73
230 105 32 73
224 104 32 73
218 102 32 73
211 101 32 73
204 101 32 73
198 100 32 73
192 99 32 73
185 99 32 73
179 99 32 73
173 100 32 73
166 101 32 73
160 102 32 73
155 104 32 73
150 106 32 73
145 108 32 73
140 110 32 73
136 112 32 73
133 114 32 73
130 116 32 73
128 119 32 73
127 121 32 73
127 123 32 73
127 126 32 73
128 128 32 73
130 130 32 73
132 132 32 73
134 133 32 73
137 134 32 73
140 135 32 73
143 135 32 73
145 135 32 73
147 135 32 73
150 135 32 73
153 134 32 73
156 132 32 73
159 130 32 73
164 129 32 73
169 127 32 73
174 125 32 73
179 122 32 73
184 118 32 73
188 114 32 73
193 110 32 73
197 105 32 73
202 101 32 73
205 96 32 73
209 92 32 73
213 88 32 73
217 83 32 73
221 78 32 73
223 72 32 73
226 67 32 73
229 61 32 73
231 56 32 73
232 50 32 73
233 45 32 73
232 40 32 73
231 35 32 73
229 31 32 73
227 28 32 73
225 26 32 73
222 24 32 73
218 23 32 73
214 24 32 73
208 25 32 73
203 27 32 73
196 29 32 73
190 32 32 73
184 36 32 73
177 40 32 73
170 44 32 73
163 48 32 73
157 53 32 73
151 58 32 73
145 62 32 73
140 66 32 73
136 71 32 73
131 76 32 73
127 81 32 73
123 86 32 73
119 91 32 73
115 97 32 73
112 103 32 73
108 109 32 73
105 115 32 73
102 121 32 73
100 127 32 73
98 132 32 73
97 137 32 73
97 142 32 73
98 147 32 73
100 152 32 73
103 156 32 73
107 159 32 73
111 161 32 73
116 163 32 73
121 164 32 73
126 165 32 73
131 165 32 73
136 165 32 73
141 166 32 73
145 166 32 73
150 165 32 73
154 165 32 73
159 164 32 73
163 163 32 73
168 162 32 73
173 161 32 73
177 159 32 73
181 158 32 73
185 156 32 73
189 154 32 73
192 152 32 73
195 151 32 73
197 149 32 73
200 148 32 73
201 146 32 73
202 145 32 73
202 143 32 73
202 141 32 73
201 138 32 73
199 137 32 73
196 135 32 73
193 133 32 73
189 131 32 73
184 129 32 73
179 128 32 73
173 126 32 73
167 125 32 73
160 124 32 73
154 123 32 73
147 122 32 73
140 122 32 73
133 122 32 73
127 122 32 73
121 123 32 73
115 124 32 73
111 125 32 73
107 125 32 73
103 126 32 73
99 127 32 73
95 128 32 73
92 129 32 73
88 131 32 73
85 132 32 73
82 134 32 73
79 136 32 73
77 138 32 73
76 139 32 73
75 141 32 73
75 143 32 73
74 145 32 73
75 146 32 73
76 148 32 73
77 150 32 73
79 151 32 73
81 152 32 73
84 154 32 73
87 155 32 73
91 156 32 73
96 157 32 73
101 158 32 73
107 160 32 73
112 160 32 73
119 161 32 73
125 161 32 73
131 161 32 73
137 161 32 73
143 160 32 73
149 159 32 73
155 159 32 73
161 158 32 73
168 158 32 73
175 158 32 73
182 159 32 73
188 159 32 73
195 159 32 73
201 160 32 73
207 160 32 73
213 160 32 73
218 160 32 73
223 160 32 73
229 160 32 73
235 160 32 73
240 158 32 73
246 156 32 73
251 153 32 73
256 151 32 73
262 148 32 73
267 145 32 73
272 143 32 73
275 140 32 73
278 137 32 73
281 134 32 73
282 131 32 73
285 128 32 73
285 125 32 73
286 122 32 73
285 119 32 73
283 117 32 73
282 114 32 73
280 112 32 73
278 110 32 73
275 109 32 73
271 107 32 73
267 105 32 73
263 103 32 73
259 102 32 73
255 101 32 73
249 100 32 73
244 99 32 73
238 98 32 73
232 98 32 73
225 99 32 73
217 100 32 73
209 101 32 73
200 103 32 73
191 105 32 73
182 107 32 73
173 110 32 73
165 112 32 73
157 115 32 73
149 118 32 73
142 121 32 73
136 125 32 73
130 129 32 73
124 133 32 73
121 137 32 73
119 142 32 73
117 145 32 73
117 150 32 73
118 153 32 73
121 157 32 73
126 160 32 73
132 163 32 73
139 165 32 73
146 166 32 73
154 167 32 73
163 167 32 73
171 166 32 73
180 164 32 73
189 162 32 73
199 160 32 73
209 157 32 73
220 155 32 73
231 151 32 73
242 148 32 73
252 145 32 73
261 143 32 73
270 141 32 73
279 139 32 73
288 137 32 73
296 135 32 73
304 134 32 73
312 132 32 73
320 132 32 73
328 131 32 73
335 131 32 73
342 130 32 73
349 129 32 73
355 128 32 73
361 128 32 73
366 127 32 73
366 126 32 73
366 125 32 73
366 123 32 73
366 122 32 73
366 122 32 73
366 121 32 73
364 121 32 73
361 120 32 73
357 120 32 73
353 120 32 73
348 120 32 73
341 121 32 73
334 122 32 73
327 123 32 73
319 124 32 73
311 124 32 73
302 125 32 73
293 126 32 73
284 126 32 73
275 127 32 73
266 128 32 73
257 128 32 73
248 128 32 73
239 129 32 73
230 130 32 73
221 131 32 73
213 131 32 73
204 132 32 73
197 133 32 73
191 134 32 73
185 135 32 73
179 137 32 73
173 138 32 73
167 140 32 73
161 143 32 73
156 146 32 73
152 149 32 73
148 152 32 73
145 156 32 73
142 161 32 73
139 166 32 73
136 171 32 73
135 176 32 73
134 181 32 73
139 164 32 73
147 146 32 73
166 152 32 73
170 157 32 73
175 161 32 73
180 164 32 73
186 166 32 73
192 168 32 73
201 169 32 73
182 164 32 73
189 163 32 73
197 162 32 73
204 160 32 73
205 155 32 73
207 147 32 73
207 146 32 73
208 147 32 73
208 147 32 73
208 147 32 73
208 148 32 73
208 150 32 73
208 150 32 73
209 149 32 73
209 150 32 73
209 150 32 73
209 149 32 73
209 149 32 73
209 149 32 73
209 149 32 73
210 148 32 73
210 146 32 73
208 138 32 73
207 124 32 73
201 122 32 73
196 120 32 73
190 117 32 73
185 115 32 73
180 114 32 73
172 115 32 73
166 113 32 73
160 114 32 73
154 113 32 73
149 115 32 73
142 116 32 73
137 116 32 73
131 117 32 73
126 119 32 73
121 120 32 73
118 121 32 73
116 122 32 73
114 122 32 73
111 123 32 73
109 123 32 73
107 124 32 73
104 125 32 73
102 125 32 73
101 125 32 73
100 125 32 73
100 126 32 73
100 126 32 73
101 127 32 73
102 127 32 73
104 127 32 73
106 128 32 73
107 128 32 73
109 128 32 73
111 127 32 73
114 128 32 73
116 127 32 73
119 127 32 73
121 127 32 73
124 126 32 73
126 125 32 73
128 125 32 73
131 125 32 73
133 124 32 73
136 122 32 73
141 121 32 73
144 122 32 73
147 122 32 73
151 123 32 73
155 122 32 73
159 122 32 73
163 122 32 73
167 122 32 73
171 119 32 73
175 118 32 73
177 118 32 73
184 123 32 73
187 124 32 73
191 125 32 73
193 125 32 73
194 125 32 73
196 124 32 73
196 124 32 73
196 123 32 73
195 123 32 73
194 122 32 73
193 122 32 73
191 122 32 73
189 121 32 73
186 121 32 73
183 121 32 73
180 120 32 73
177 119 32 73
174 119 32 73
171 119 32 73
168 118 32 73
164 118 32 73
160 118 32 73
156 118 32 73
152 118 32 73
148 118 32 73
145 117 32 73
143 117 32 73
141 116 32 73
138 116 32 73
136 115 32 73
134 114 32 73
132 114 32 73
130 113 32 73
128 113 32 73
127 112 32 73
126 111 32 73
125 110 32 73
125 110 32 73
124 110 32 73
124 109 32 73
125 108 32 73
125 108 32 73
125 108 32 73
126 108 32 73
126 108 32 73
127 107 32 73
128 107 32 73
129 107 32 73
130 107 32 73
131 107 32 73
133 106 32 73
135 106 32 73
136 106 32 73
138 106 32 73
140 106 32 73
142 106 32 73
144 107 32 73
146 107 32 73
148 107 32 73
150 108 32 73
153 108 32 73
155 108 32 73
156 109 32 73
158 110 32 73
161 110 32 73
163 110 32 73
165 111 32 73
168 111 32 73
170 111 32 73
172 111 32 73
173 111 32 73
175 111 32 73
176 112 32 73
177 113 32 73
178 113 32 73
179 114 32 73
180 114 32 73
180 114 32 73
180 115 32 73
180 115 32 73
179 115 32 73
179 115 32 73
178 115 32 73
178 114 32 73
177 113 32 73
177 112 32 73
177 111 32 73
177 110 32 73
177 109 32 73
177 109 32 73
177 108 32 73
177 107 32 73
176 106 32 73
175 106 32 73
174 105 32 73
173 104 32 73
172 103 32 73
170 103 32 73
169 103 32 73
168 104 32 73
167 105 32 73
166 105 32 73
164 104 32 73
163 105 32 73
161 106 32 73
159 106 32 73
157 106 32 73
155 106 32 73
153 106 32 73
152 105 32 73
151 104 32 73
149 103 32 73
148 102 32 73
147 100 32 73
145 99 32 73
143 97 32 73
141 95 32 73
138 93 32 73
136 92 32 73
133 90 32 73
130 89 32 73
127 88 32 73
124 88 32 73
122 88 32 73
121 89 32 73
121 90 32 73
121 91 32 73
120 92 32 73
121 94 32 73
121 97 32 73
122 99 32 73
124 102 32 73
126 104 32 73
129 106 32 73
132 108 32 73
136 110 32 73
139 111 32 73
143 111 32 73
146 111 32 73
149 112 32 73
153 113 32 73
157 115 32 73
160 116 32 73
163 117 32 73
166 118 32 73
168 119 32 73
170 121 32 73
172 122 32 73
173 122 32 73
173 123 32 73
176 121 32 73
177 119 32 73
176 121 32 73
176 127 32 73
174 127 32 73
173 127 32 73
172 127 32 73
171 126 32 73
170 126 32 73
169 125 32 73
168 125 32 73
167 124 32 73
166 123 32 73
165 122 32 73
164 121 32 73
163 120 32 73
162 119 32 73
161 118 32 73
161 117 32 73
160 116 32 73
159 115 32 73
158 114 32 73
157 114 32 73
155 113 32 73
154 112 32 73
153 112 32 73
151 112 32 73
150 112 32 73
149 112 32 73
148 111 32 73
147 111 32 73
146 110 32 73
146 110 32 73
145 109 32 73
145 108 32 73
145 108 32 73
145 107 32 73
145 106 32 73
146 105 32 73
146 104 32 73
147 103 32 73
148 102 32 73
148 100 32 73
148 98 32 73
148 97 32 73
148 96 32 73
148 94 32 73
148 93 32 73
148 93 32 73
148 92 32 73
148 92 32 73
148 91 32 73
147 91 32 73
148 91 32 73
148 92 32 73
148 93 32 73
149 94 32 73
150 96 32 73
151 98 32 73
153 100 32 73
154 102 32 73
155 104 32 73
157 106 32 73
160 109 32 73
163 112 32 73
166 115 32 73
169 117 32 73
172 119 32 73
175 121 32 73
177 123 32 73
180 124 32 73
183 125 32 73
186 126 32 73
189 126 32 73
191 126 32 73
193 127 32 73
194 126 32 73
194 127 32 73
194 127 32 73
193 128 32 73
191 128 32 73
189 129 32 73
186 130 32 73
182 131 32 73
179 132 32 73
174 133 32 73
170 134 32 73
165 135 32 73
160 136 32 73
155 136 32 73
150 137 32 73
145 137 32 73
140 137 32 73
135 138 32 73
130 138 32 73
125 138 32 73
120 139 32 73
116 139 32 73
112 139 32 73
109 139 32 73
105 139 32 73
102 138 32 73
99 137 32 73
96 136 32 73
93 136 32 73
91 135 32 73
90 134 32 73
89 133 32 73
89 132 32 73
89 130 32 73
90 129 32 73
91 128 32 73
93 127 32 73
95 126 32 73
97 126 32 73
100 125 32 73
103 125 32 73
106 125 32 73
110 125 32 73
114 125 32 73
119 124 32 73
126 124 32 73
131 123 32 73
136 123 32 73
141 122 32 73
146 122 32 73
152 121 32 73
158 120 32 73
163 118 32 73
169 117 32 73
174 115 32 73
178 112 32 73
181 110 32 73
184 108 32 73
186 106 32 73
188 104 32 73
189 103 32 73
190 101 32 73
190 100 32 73
189 100 32 73
187 100 32 73
184 100 32 73
180 100 32 73
176 101 32 73
170 101 32 73
165 102 32 73
161 103 32 73
156 105 32 73
151 106 32 73
145 107 32 73
140 108 32 73
135 110 32 73
130 112 32 73
126 113 32 73
122 114 32 73
119 116 32 73
116 117 32 73
113 118 32 73
111 119 32 73
109 120 32 73
107 122 32 73
105 124 32 73
104 125 32 73
104 126 32 73
105 128 32 73
106 129 32 73
107 129 32 73
109 129 32 73
111 129 32 73
113 128 32 73
117 127 32 73
120 125 32 73
124 123 32 73
129 121 32 73
134 117 32 73
139 114 32 73
144 110 32 73
149 107 32 73
154 103 32 73
159 99 32 73
164 95 32 73
170 92 32 73
175 88 32 73
181 84 32 73
186 81 32 73
192 77 32 73
197 73 32 73
202 69 32 73
206 65 32 73
210 61 32 73
213 58 32 73
215 54 32 73
217 52 32 73
217 49 32 73
216 47 32 73
214 46 32 73
211 45 32 73
208 45 32 73
204 45 32 73
200 46 32 73
195 47 32 73
189 49 32 73
183 52 32 73
177 55 32 73
170 58 32 73
163 62 32 73
156 65 32 73
149 69 32 73
142 73 32 73
134 78 32 73
128 81 32 73
123 85 32 73
116 90 32 73
110 94 32 73
103 99 32 73
96 104 32 73
90 108 32 73
86 112 32 73
82 115 32 73
79 119 32 73
76 123 32 73
73 127 32 73
71 130 32 73
70 133 32 73
70 136 32 73
71 137 32 73
72 139 32 73
74 139 32 73
75 139 32 73
77 139 32 73
78 137 32 73
80 136 32 73
81 134 32 73
82 132 32 73
81 129 32 73
81 125 32 73
81 121 32 73
80 117 32 73
80 113 32 73
79 108 32 73
77 104 32 73
75 101 32 73
72 98 32 73
70 96 32 73
66 95 32 73
63 95 32 73
61 96 32 73
59 99 32 73
57 103 32 73
57 108 32 73
57 113 32 73
59 119 32 73
61 125 32 73
64 131 32 73
68 137 32 73
74 143 32 73
80 149 32 73
87 154 32 73
94 158 32 73
103 161 32 73
113 164 32 73
122 165 32 73
132 166 32 73
142 166 32 73
152 165 32 73
161 164 32 73
170 163 32 73
178 160 32 73
187 158 32 73
195 155 32 73
202 152 32 73
209 148 32 73
215 144 32 73
221 140 32 73
227 136 32 73
233 132 32 73
238 128 32 73
242 123 32 73
245 118 32 73
248 114 32 73
251 109 32 73
254 106 32 73
255 102 32 73
255 98 32 73
255 94 32 73
253 90 32 73
251 85 32 73
247 80 32 73
242 74 32 73
235 68 32 73
228 62 32 73
220 58 32 73
210 54 32 73
200 50 32 73
188 47 32 73
177 45 32 73
167 45 32 73
156 46 32 73
146 47 32 73
136 48 32 73
126 50 32 73
116 54 32 73
107 58 32 73
100 61 32 73
94 66 32 73
89 70 32 73
85 75 32 73
81 80 32 73
78 86 32 73
76 92 32 73
76 99 32 73
76 106 32 73
77 113 32 73
79 120 32 73
82 127 32 73
85 133 32 73
89 139 32 73
93 145 32 73
97 150 32 73
101 155 32 73
105 159 32 73
110 163 32 73
115 167 32 73
121 171 32 73
128 174 32 73
133 176 32 73
139 177 32 73
144 179 32 73
150 180 32 73
156 181 32 73
162 181 32 73
167 181 32 73
172 180 32 73
177 178 32 73
182 177 32 73
187 175 32 73
191 173 32 73
195 170 32 73
198 166 32 73
201 163 32 73
204 159 32 73
207 156 32 73
209 153 32 73
210 149 32 73
211 147 32 73
211 144 32 73
210 141 32 73
210 140 32 73
209 138 32 73
208 137 32 73
206 136 32 73
204 135 32 73
201 135 32 73
198 136 32 73
194 136 32 73
189 136 32 73
185 137 32 73
179 138 32 73
173 139 32 73
166 141 32 73
159 142 32 73
152 144 32 73
145 145 32 73
138 147 32 73
133 148 32 73
127 149 32 73
122 150 32 73
116 151 32 73
110 151 32 73
103 151 32 73
97 151 32 73
93 151 32 73
89 151 32 73
86 150 32 73
84 150 32 73
83 149 32 73
84 148 32 73
86 147 32 73
88 145 32 73
92 144 32 73
96 143 32 73
102 142 32 73
108 141 32 73
115 140 32 73
121 141 32 73
128 141 32 73
136 141 32 73
146 142 32 73
156 141 32 73
166 142 32 73
176 141 32 73
186 142 32 73
197 142 32 73
207 142 32 73
217 142 32 73
227 141 32 73
237 141 32 73
247 141 32 73
256 140 32 73
264 139 32 73
271 138 32 73
277 137 32 73
283 136 32 73
287 134 32 73
292 133 32 73
294 131 32 73
296 129 32 73
296 127 32 73
295 125 32 73
292 123 32 73
289 121 32 73
285 120 32 73
280 118 32 73
275 117 32 73
269 116 32 73
262 115 32 73
254 113 32 73
246 113 32 73
238 112 32 73
229 112 32 73
220 112 32 73
211 112 32 73
203 113 32 73
194 113 32 73
186 114 32 73
179 114 32 73
170 115 32 73
162 116 32 73
153 116 32 73
145 117 32 73
138 118 32 73
132 120 32 73
127 120 32 73
122 121 32 73
118 122 32 73
114 124 32 73
111 126 32 73
109 129 32 73
107 132 32 73
107 135 32 73
107 138 32 73
108 140 32 73
110 143 32 73
114 145 32 73
118 147 32 73
121 149 32 73
124 150 32 73
128 152 32 73
132 153 32 73
136 153 32 73
141 153 32 73
146 153 32 73
152 153 32 73
157 152 32 73
162 152 32 73
167 151 32 73
173 151 32 73
180 151 32 73
186 151 32 73
193 150 32 73
198 150 32 73
204 150 32 73
210 149 32 73
215 148 32 73
221 147 32 73
225 146 32 73
229 145 32 73
233 143 32 73
236 143 32 73
238 141 32 73
239 139 32 73
240 138 32 73
240 137 32 73
239 135 32 73
237 134 32 73
235 133 32 73
232 133 32 73
228 132 32 73
224 133 32 73
219 133 32 73
214 133 32 73
208 133 32 73
202 133 32 73
197 133 32 73
191 134 32 73
185 135 32 73
179 135 32 73
173 136 32 73
167 136 32 73
161 136 32 73
156 137 32 73
150 137 32 73
144 137 32 73
139 138 32 73
133 139 32 73
128 140 32 73
123 141 32 73
118 144 32 73
113 146 32 73
109 147 32 73
105 148 32 73
102 149 32 73
99 150 32 73
97 152 32 73
95 153 32 73
94 154 32 73
93 154 32 73
93 155 32 73
94 155 32 73
95 155 32 73
96 155 32 73
98 153 32 73
100 154 32 73
102 154 32 73
105 153 32 73
108 153 32 73
112 153 32 73
115 152 32 73
118 151 32 73
121 150 32 73
124 149 32 73
126 148 32 73
128 148 32 73
131 147 32 73
134 146 32 73
138 146 32 73
141 146 32 73
145 146 32 73
147 146 32 73
150 145 32 73
152 145 32 73
155 144 32 73
157 144 32 73
159 142 32 73
161 142 32 73
161 144 32 73
163 144 32 73
163 145 32 73
163 147 32 73
164 148 32 73
167 148 32 73
168 149 32 73
169 149 32 73
170 149 32 73
170 149 32 73
170 149 32 73
168 150 32 73
167 149 32 73
166 148 32 73
165 148 32 73
163 147 32 73
161 147 32 73
158 146 32 73
155 145 32 73
152 145 32 73
148 145 32 73
145 145 32 73
141 145 32 73
137 144 32 73
134 144 32 73
131 144 32 73
128 145 32 73
125 145 32 73
121 145 32 73
118 145 32 73
115 145 32 73
110 147 32 73
106 147 32 73
101 147 32 73
96 148 32 73
92 148 32 73
88 149 32 73
83 149 32 73
78 149 32 73
73 148 32 73
68 147 32 73
63 148 32 73
60 147 32 73
56 147 32 73
54 146 32 73
52 145 32 73
52 145 32 73
51 145 32 73
52 145 32 73
54 145 32 73
57 146 32 73
61 145 32 73
66 145 32 73
72 144 32 73
78 143 32 73
85 142 32 73
91 141 32 73
97 140 32 73
104 139 32 73
111 137 32 73
117 135 32 73
124 133 32 73
130 131 32 73
136 130 32 73
143 128 32 73
148 125 32 73
153 123 32 73
158 120 32 73
162 117 32 73
165 115 32 73
168 113 32 73
169 111 32 73
169 110 32 73
168 109 32 73
166 109 32 73
163 108 32 73
159 108 32 73
155 108 32 73
149 109 32 73
143 109 32 73
136 111 32 73
129 112 32 73
122 115 32 73
115 117 32 73
106 119 32 73
98 121 32 73
90 123 32 73
82 125 32 73
76 128 32 73
69 130 32 73
63 133 32 73
57 135 32 73
52 137 32 73
48 139 32 73
43 141 32 73
40 142 32 73
38 144 32 73
37 146 32 73
37 148 32 73
38 150 32 73
39 152 32 73
41 153 32 73
44 154 32 73
47 155 32 73
51 155 32 73
55 155 32 73
60 155 32 73
67 153 32 73
73 152 32 73
81 148 32 73
87 144 32 73
93 139 32 73
100 133 32 73
107 127 32 73
115 121 32 73
121 114 32 73
128 107 32 73
134 100 32 73
140 92 32 73
145 84 32 73
150 76 32 73
153 70 32 73
155 64 32 73
157 58 32 73
157 53 32 73
157 50 32 73
156 47 32 73
154 44 32 73
151 43 32 73
147 42 32 73
143 42 32 73
138 44 32 73
133 47 32 73
128 51 32 73
123 56 32 73
118 60 32 73
113 66 32 73
109 72 32 73
105 80 32 73
100 87 32 73
97 94 32 73
95 102 32 73
93 110 32 73
92 118 32 73
91 126 32 73
92 134 32 73
93 142 32 73
95 150 32 73
98 158 32 73
101 164 32 73
105 170 32 73
110 174 32 73
115 178 32 73
121 181 32 73
127 184 32 73
133 185 32 73
140 186 32 73
146 186 32 73
152 186 32 73
158 185 32 73
164 183 32 73
169 181 32 73
174 179 32 73
178 177 32 73
183 174 32 73
186 171 32 73
190 169 32 73
192 167 32 73
194 165 32 73
196 162 32 73
197 161 32 73
198 159 32 73
200 158 32 73
201 157 32 73
202 156 32 73
203 155 32 73
203 155 32 73
203 154 32 73
204 154 32 73
203 153 32 73
203 153 32 73
204 152 32 73
204 151 32 73
204 150 32 73
205 147 32 73
207 144 32 73
210 141 32 73
212 138 32 73
214 136 32 73
216 133 32 73
218 131 32 73
220 129 32 73
222 128 32 73
223 127 32 73
223 127 32 73
222 126 32 73
220 126 32 73
218 125 32 73
215 124 32 73
212 123 32 73
208 123 32 73
203 122 32 73
198 121 32 73
193 120 32 73
188 120 32 73
183 120 32 73
178 120 32 73
174 120 32 73
170 120 32 73
166 120 32 73
163 121 32 73
159 122 32 73
156 124 32 73
153 126 32 73
151 127 32 73
149 129 32 73
148 131 32 73
147 133 32 73
146 136 32 73
145 138 32 73
145 141 32 73
145 143 32 73
145 145 32 73
145 147 32 73
147 150 32 73
148 151 32 73
150 153 32 73
152 155 32 73
155 156 32 73
158 158 32 73
161 159 32 73
165 160 32 73
168 160 32 73
171 160 32 73
175 160 32 73
179 159 32 73
184 158 32 73
188 157 32 73
192 156 32 73
195 155 32 73
198 153 32 73
201 152 32 73
204 152 32 73
205 151 32 73
205 150 32 73
204 149 32 73
202 147 32 73
200 146 32 73
197 145 32 73
194 143 32 73
191 141 32 73
188 140 32 73
184 139 32 73
179 138 32 73
174 137 32 73
169 137 32 73
164 137 32 73
161 137 32 73
157 133 32 73
151 131 32 73
147 130 32 73
142 130 32 73
137 130 32 73
133 130 32 73
129 130 32 73
124 130 32 73
120 130 32 73
116 130 32 73
113 131 32 73
107 133 32 73
102 135 32 73
98 138 32 73
95 140 32 73
91 142 32 73
89 144 32 73
86 147 32 73
84 150 32 73
81 154 32 73
80 156 32 73
79 159 32 73
80 161 32 73
82 163 32 73
85 164 32 73
89 165 32 73
94 165 32 73
99 165 32 73
104 165 32 73
110 164 32 73
117 163 32 73
123 163 32 73
131 161 32 73
139 160 32 73
148 159 32 73
156 157 32 73
164 155 32 73
171 152 32 73
179 150 32 73
186 147 32 73
193 145 32 73
199 142 32 73
205 139 32 73
211 136 32 73
218 134 32 73
226 131 32 73
233 129 32 73
240 128 32 73
247 126 32 73
255 124 32 73
262 122 32 73
268 120 32 73
273 118 32 73
279 117 32 73
282 115 32 73
284 113 32 73
285 111 32 73
284 109 32 73
282 107 32 73
280 105 32 73
277 104 32 73
273 102 32 73
268 100 32 73
263 99 32 73
256 98 32 73
250 97 32 73
243 96 32 73
236 95 32 73
228 94 32 73
220 93 32 73
212 93 32 73
203 93 32 73
194 93 32 73
185 93 32 73
175 94 32 73
167 95 32 73
158 97 32 73
150 98 32 73
142 100 32 73
134 102 32 73
128 105 32 73
122 108 32 73
118 111 32 73
114 114 32 73
111 118 32 73
108 121 32 73
106 123 32 73
104 126 32 73
103 127 32 73
103 129 32 73
103 130 32 73
104 130 32 73
105 130 32 73
105 129 32 73
105 128 32 73
106 126 32 73
106 125 32 73
105 123 32 73
104 120 32 73
104 117 32 73
103 114 32 73
101 111 32 73
100 107 32 73
99 103 32 73
97 99 32 73
96 95 32 73
94 91 32 73
92 86 32 73
90 82 32 73
88 78 32 73
87 74 32 73
86 69 32 73
87 64 32 73
87 59 32 73
89 55 32 73
92 51 32 73
96 47 32 73
100 43 32 73
106 39 32 73
113 36 32 73
120 33 32 73
128 31 32 73
138 28 32 73
148 25 32 73
161 21 32 73
173 18 32 73
185 15 32 73
197 12 32 73
209 8 32 73
222 5 32 73
235 2 32 73
246 1 32 73
255 1 32 73
263 2 32 73
268 4 32 73
271 6 32 73
271 8 32 73
269 10 32 73
264 14 32 73
257 18 32 73
248 21 32 73
237 24 32 73
225 28 32 73
212 31 32 73
199 34 32 73
186 38 32 73
173 41 32 73
159 45 32 73
146 51 32 73
135 57 32 73
126 64 32 73
118 71 32 73
112 79 32 73
109 86 32 73
107 94 32 73
106 102 32 73
107 109 32 73
110 115 32 73
113 121 32 73
117 128 32 73
121 133 32 73
126 138 32 73
133 142 32 73
141 144 32 73
151 145 32 73
161 144 32 73
170 143 32 73
179 140 32 73
187 137 32 73
194 132 32 73
202 127 32 73
208 122 32 73
213 116 32 73
218 110 32 73
222 103 32 73
224 97 32 73
225 90 32 73
224 84 32 73
221 79 32 73
217 74 32 73
211 71 32 73
205 70 32 73
198 69 32 73
191 70 32 73
184 71 32 73
177 73 32 73
172 77 32 73
168 81 32 73
165 86 32 73
164 91 32 73
163 97 32 73
164 102 32 73
166 107 32 73
170 113 32 73
176 118 32 73
183 122 32 73
189 127 32 73
195 131 32 73
202 134 32 73
209 137 32 73
216 138 32 73
224 139 32 73
231 140 32 73
236 139 32 73
241 136 32 73
246 134 32 73
251 131 32 73
256 127 32 73
261 123 32 73
264 119 32 73
266 115 32 73
267 110 32 73
269 107 32 73
268 103 32 73
267 98 32 73
265 93 32 73
263 89 32 73
260 86 32 73
255 82 32 73
248 78 32 73
241 75 32 73
233 72 32 73
225 68 32 73
216 64 32 73
208 60 32 73
200 54 32 73
193 50 32 73
184 45 32 73
176 40 32 73
168 36 32 73
163 33 32 73
157 28 32 73
152 24 32 73
144 21 32 73
137 18 32 73
130 16 32 73
125 15 32 73
121 14 32 73
119 14 32 73
116 16 32 73
114 19 32 73
112 23 32 73
111 27 32 73
112 32 32 73
113 38 32 73
116 45 32 73
120 52 32 73
124 59 32 73
128 66 32 73
133 74 32 73
138 83 32 73
143 91 32 73
150 98 32 73
157 105 32 73
165 111 32 73
175 116 32 73
185 120 32 73
196 124 32 73
207 127 32 73
217 131 32 73
227 133 32 73
238 134 32 73
249 133 32 73
259 131 32 73
268 129 32 73
277 125 32 73
284 121 32 73
291 117 32 73
296 112 32 73
300 107 32 73
302 102 32 73
303 97 32 73
302 92 32 73
300 86 32 73
298 81 32 73
295 75 32 73
291 69 32 73
286 63 32 73
279 56 32 73
271 50 32 73
263 43 32 73
255 37 32 73
247 31 32 73
238 25 32 73
229 20 32 73
220 17 32 73
209 16 32 73
196 16 32 73
185 18 32 73
174 20 32 73
161 22 32 73
148 24 32 73
137 27 32 73
126 30 32 73
116 32 32 73
108 33 32 73
102 33 32 73
96 33 32 73
91 34 32 73
86 34 32 73
83 35 32 73
80 36 32 73
78 36 32 73
77 35 32 73
77 34 32 73
77 32 32 73
78 30 32 73
78 27 32 73
80 25 32 73
81 21 32 73
84 18 32 73
87 13 32 73
91 7 32 73
96 1 32 73
104 1 32 73
122 1 32 73
128 1 32 73
132 1 32 73
150 1 32 73
159 1 32 73
171 1 32 73
181 18 32 73
200 24 32 73
210 20 32 73
216 14 32 73
220 8 32 73
224 4 32 73
231 1 32 73
237 1 32 73
241 2 32 73
246 4 32 73
253 8 32 73
259 9 32 73
265 13 32 73
272 18 32 73
279 24 32 73
286 31 32 73
293 37 32 73
299 43 32 73
305 49 32 73
310 56 32 73
314 62 32 73
317 69 32 73
320 76 32 73
322 82 32 73
322 86 32 73
322 92 32 73
320 97 32 73
317 101 32 73
315 105 32 73
310 109 32 73
304 113 32 73
297 115 32 73
290 117 32 73
284 118 32 73
277 120 32 73
271 121 32 73
265 122 32 73
257 122 32 73
250 123 32 73
242 123 32 73
233 123 32 73
224 123 32 73
216 124 32 73
208 125 32 73
199 126 32 73
191 127 32 73
182 127 32 73
174 128 32 73
166 128 32 73
159 131 32 73
153 133 32 73
147 134 32 73
143 137 32 73
138 139 32 73
135 142 32 73
134 145 32 73
134 147 32 73
135 149 32 73
136 152 32 73
139 155 32 73
143 156 32 73
149 158 32 73
155 159 32 73
161 162 32 73
171 163 32 73
181 166 32 73
190 166 32 73
198 165 32 73
208 165 32 73
218 165 32 73
229 165 32 73
239 164 32 73
247 162 32 73
254 161 32 73
261 160 32 73
268 161 32 73
273 162 32 73
277 161 32 73
280 162 32 73
284 163 32 73
287 164 32 73
289 165 32 73
291 167 32 73
292 168 32 73
292 170 32 73
292 172 32 73
293 176 32 73
291 179 32 73
290 182 32 73
288 186 32 73
284 188 32 73
280 197 32 73
276 198 32 73
274 200 32 73
258 205 32 73
254 208 32 73
252 210 32 73
246 212 32 73
241 215 32 73
235 216 32 73
230 216 32 73
225 216 32 73
221 215 32 73
218 211 32 73
216 209 32 73
215 207 32 73
214 207 32 73
215 207 32 73
215 206 32 73
215 205 32 73
216 204 32 73
217 201 32 73
218 199 32 73
219 197 32 73
219 195 32 73
219 193 32 73
218 190 32 73
216 188 32 73
215 185 32 73
213 183 32 73
211 180 32 73
209 178 32 73
208 175 32 73
