135 91 79 125
135 90 79 125
134 89 79 125
135 89 79 125
134 89 79 125
134 88 79 125
133 87 79 125
133 87 79 125
133 88 79 125
133 88 79 125
133 90 79 125
132 91 79 125
130 91 79 125
129 91 79 125
127 93 79 125
124 94 79 125
122 95 79 125
119 96 79 125
116 96 79 125
112 97 79 125
110 97 79 125
108 95 79 125
105 94 79 125
104 96 79 125
104 97 79 125
104 94 79 125
103 95 79 125
103 91 79 125
101 62 79 125
106 90 79 125
102 91 79 125
101 88 79 125
102 89 79 125
103 88 79 125
102 90 79 125
103 87 79 125
103 86 79 125
99 92 79 125
106 89 79 125
108 85 79 125
109 91 79 125
111 86 79 125
114 86 79 125
115 86 79 125
117 85 79 125
119 85 79 125
121 86 79 125
124 90 79 125
147 98 79 125
127 86 79 125
130 86 79 125
132 86 79 125
133 83 79 125
112 97 79 125
138 90 79 125
139 89 79 125
139 90 79 125
140 91 79 125
143 94 79 125
144 95 79 125
144 96 79 125
145 97 79 125
146 99 79 125
147 98 79 125
147 100 79 125
148 98 79 125
148 99 79 125
149 100 79 125
150 100 79 125
150 100 79 125
151 100 79 125
151 99 79 125
151 99 79 125
151 98 79 125
151 98 79 125
151 99 79 125
151 98 79 125
150 98 79 125
149 98 79 125
148 98 79 125
147 97 79 125
145 99 79 125
143 97 79 125
144 98 79 125
169 140 79 125
0 0 0 0 
0 0 0 0 
144 98 79 125
0 0 0 0 
141 98 79 125
155 98 79 125
152 99 79 125
149 99 79 125
147 99 79 125
147 100 79 125
145 100 79 125
144 100 79 125
145 100 79 125
146 101 79 125
0 0 0 0 
34 42 79 125
0 0 0 0 
127 102 79 125
129 103 79 125
127 102 79 125
127 101 79 125
0 0 0 0 
127 102 79 125
127 102 79 125
127 102 79 125
125 103 79 125
126 102 79 125
144 102 79 125
123 103 79 125
0 0 0 0 
36 46 79 125
36 45 79 125
36 46 79 125
0 0 0 0 
0 0 0 0 
0 0 0 0 
35 47 79 125
0 0 0 0 
0 0 0 0 
0 0 0 0 
0 0 0 0 
0 0 0 0 
0 0 0 0 
0 0 0 0 
0 0 0 0 
36 51 79 125
0 0 0 0 
0 0 0 0 
0 0 0 0 
135 103 79 125
136 103 79 125
126 102 79 125
132 101 79 125
131 101 79 125
126 100 79 125
126 100 79 125
126 99 79 125
124 99 79 125
125 98 79 125
123 98 79 125
123 97 79 125
122 97 79 125
122 97 79 125
121 97 79 125
121 96 79 125
120 96 79 125
120 96 79 125
120 95 79 125
119 96 79 125
119 96 79 125
118 96 79 125
118 95 79 125
118 95 79 125
118 95 79 125
118 94 79 125
118 94 79 125
117 94 79 125
117 95 79 125
117 96 79 125
117 96 79 125
117 94 79 125
118 98 79 125
118 94 79 125
116 95 79 125
119 96 79 125
118 96 79 125
119 99 79 125
113 96 79 125
118 99 79 125
118 98 79 125
117 99 79 125
117 101 79 125
113 101 79 125
118 101 79 125
118 102 79 125
118 103 79 125
116 106 79 125
116 106 79 125
117 107 79 125
116 108 79 125
116 107 79 125
116 107 79 125
116 109 79 125
117 112 79 125
118 106 79 125
118 106 79 125
88 152 79 125
117 110 79 125
117 110 79 125
117 111 79 125
117 111 79 125
116 111 79 125
116 111 79 125
116 111 79 125
116 111 79 125
117 111 79 125
115 111 79 125
115 111 79 125
115 111 79 125
115 110 79 125
115 111 79 125
114 110 79 125
113 111 79 125
114 112 79 125
113 111 79 125
115 116 79 125
116 113 79 125
116 116 79 125
114 117 79 125
114 117 79 125
115 118 79 125
115 117 79 125
115 117 79 125
115 117 79 125
116 112 79 125
116 110 79 125
116 110 79 125
116 105 79 125
116 97 79 125
114 95 79 125
114 92 79 125
115 89 79 125
118 85 79 125
118 82 79 125
119 79 79 125
119 78 79 125
119 77 79 125
118 75 79 125
119 74 79 125
119 73 79 125
118 76 79 125
118 77 79 125
118 76 79 125
119 77 79 125
119 78 79 125
119 78 79 125
120 79 79 125
121 79 79 125
121 80 79 125
122 81 79 125
123 81 79 125
123 83 79 125
124 83 79 125
125 83 79 125
125 84 79 125
125 85 79 125
126 86 79 125
126 87 79 125
126 88 79 125
126 89 79 125
126 90 79 125
125 90 79 125
125 91 79 125
125 92 79 125
125 93 79 125
125 94 79 125
125 95 79 125
125 96 79 125
124 96 79 125
124 96 79 125
124 97 79 125
125 97 79 125
125 97 79 125
125 97 79 125
124 97 79 125
123 98 79 125
124 97 79 125
123 97 79 125
123 99 79 125
122 101 79 125
122 100 79 125
121 100 79 125
120 101 79 125
118 99 79 125
117 102 79 125
117 101 79 125
115 102 79 125
115 101 79 125
115 101 79 125
115 101 79 125
114 102 79 125
113 103 79 125
112 105 79 125
111 104 79 125
111 105 79 125
108 104 79 125
109 104 79 125
108 104 79 125
110 107 79 125
111 106 79 125
110 107 79 125
109 108 79 125
110 104 79 125
109 107 79 125
109 107 79 125
109 107 79 125
109 107 79 125
107 108 79 125
109 105 79 125
109 105 79 125
109 105 79 125
109 105 79 125
109 104 79 125
109 104 79 125
109 104 79 125
106 104 79 125
109 103 79 125
110 104 79 125
110 105 79 125
110 102 79 125
111 103 79 125
106 73 79 125
113 103 79 125
113 103 79 125
112 102 79 125
113 102 79 125
113 101 79 125
114 100 79 125
113 100 79 125
113 100 79 125
113 99 79 125
112 99 79 125
111 99 79 125
111 99 79 125
110 99 79 125
108 99 79 125
108 98 79 125
107 99 79 125
106 99 79 125
106 98 79 125
105 98 79 125
105 97 79 125
104 98 79 125
103 98 79 125
102 99 79 125
100 100 79 125
98 100 79 125
97 100 79 125
95 101 79 125
92 101 79 125
90 101 79 125
88 101 79 125
87 102 79 125
87 100 79 125
85 101 79 125
95 101 79 125
92 59 79 125
0 0 0 0 
0 0 0 0 
0 0 0 0 
0 0 0 0 
0 0 0 0 
0 0 0 0 
0 0 0 0 
0 0 0 0 
0 0 0 0 
0 0 0 0 
0 0 0 0 
0 0 0 0 
0 0 0 0 
0 0 0 0 
0 0 0 0 
0 0 0 0 
0 0 0 0 
0 0 0 0 
0 0 0 0 
0 0 0 0 
0 0 0 0 
0 72 79 125
0 56 79 125
0 0 0 0 
0 32 79 125
0 0 0 0 
0 0 0 0 
0 0 0 0 
0 0 0 0 
0 0 0 0 
0 0 0 0 
0 0 0 0 
0 0 0 0 
0 0 0 0 
0 0 0 0 
0 0 0 0 
0 0 0 0 
0 0 0 0 
0 0 0 0 
0 0 0 0 
114 94 79 125
115 94 79 125
115 94 79 125
116 93 79 125
115 94 79 125
114 94 79 125
113 94 79 125
111 93 79 125
111 93 79 125
110 93 79 125
110 92 79 125
109 92 79 125
110 94 79 125
111 92 79 125
110 92 79 125
110 92 79 125
109 92 79 125
110 91 79 125
110 93 79 125
109 93 79 125
109 93 79 125
109 93 79 125
109 93 79 125
108 94 79 125
108 94 79 125
108 95 79 125
108 97 79 125
108 98 79 125
107 100 79 125
107 101 79 125
107 103 79 125
106 106 79 125
107 105 79 125
107 104 79 125
107 104 79 125
107 103 79 125
107 103 79 125
107 103 79 125
107 103 79 125
107 103 79 125
107 104 79 125
107 104 79 125
107 103 79 125
107 104 79 125
107 103 79 125
107 102 79 125
108 108 79 125
108 103 79 125
108 104 79 125
108 103 79 125
107 105 79 125
109 103 79 125
109 105 79 125
107 102 79 125
109 104 79 125
109 104 79 125
109 104 79 125
109 105 79 125
109 105 79 125
109 106 79 125
109 105 79 125
109 106 79 125
109 106 79 125
109 106 79 125
108 106 79 125
107 110 79 125
107 107 79 125
107 107 79 125
107 107 79 125
107 108 79 125
106 109 79 125
106 108 79 125
107 109 79 125
107 109 79 125
106 109 79 125
107 109 79 125
107 109 79 125
106 109 79 125
106 109 79 125
106 109 79 125
106 109 79 125
106 110 79 125
106 109 79 125
106 110 79 125
106 109 79 125
106 109 79 125
106 108 79 125
106 108 79 125
106 108 79 125
106 108 79 125
106 109 79 125
106 109 79 125
106 109 79 125
106 109 79 125
106 109 79 125
106 109 79 125
106 110 79 125
106 109 79 125
106 109 79 125
106 109 79 125
106 109 79 125
106 109 79 125
106 109 79 125
106 109 79 125
106 109 79 125
106 108 79 125
106 108 79 125
106 108 79 125
106 109 79 125
106 109 79 125
106 110 79 125
107 110 79 125
106 111 79 125
107 111 79 125
107 110 79 125
106 111 79 125
107 111 79 125
108 111 79 125
108 110 79 125
108 109 79 125
110 112 79 125
111 111 79 125
111 110 79 125
111 110 79 125
112 111 79 125
112 111 79 125
112 109 79 125
112 108 79 125
113 108 79 125
114 109 79 125
114 109 79 125
114 108 79 125
115 108 79 125
115 109 79 125
114 109 79 125
115 109 79 125
116 111 79 125
0 0 0 0 
0 0 0 0 
0 0 0 0 
116 109 79 125
0 0 0 0 
0 0 0 0 
0 0 0 0 
0 0 0 0 
0 0 0 0 
0 0 0 0 
0 0 0 0 
0 0 0 0 
112 110 79 125
112 110 79 125
111 110 79 125
111 110 79 125
111 110 79 125
111 110 79 125
110 110 79 125
110 115 79 125
111 110 79 125
111 110 79 125
111 110 79 125
111 110 79 125
111 110 79 125
111 110 79 125
111 110 79 125
110 110 79 125
111 110 79 125
111 110 79 125
112 110 79 125
110 111 79 125
111 111 79 125
111 111 79 125
111 111 79 125
111 111 79 125
111 112 79 125
111 113 79 125
111 113 79 125
111 113 79 125
112 113 79 125
112 112 79 125
112 113 79 125
112 113 79 125
112 113 79 125
112 114 79 125
112 115 79 125
112 113 79 125
110 115 79 125
109 112 79 125
112 114 79 125
110 117 79 125
110 115 79 125
130 97 79 125
109 106 79 125
110 112 79 125
111 113 79 125
109 117 79 125
109 110 79 125
110 112 79 125
111 112 79 125
111 111 79 125
112 110 79 125
112 110 79 125
113 111 79 125
113 110 79 125
114 110 79 125
114 112 79 125
114 111 79 125
115 112 79 125
115 112 79 125
115 113 79 125
115 113 79 125
115 114 79 125
116 113 79 125
116 114 79 125
116 115 79 125
116 113 79 125
116 115 79 125
117 113 79 125
117 113 79 125
117 114 79 125
117 113 79 125
117 113 79 125
117 110 79 125
113 115 79 125
120 113 79 125
115 112 79 125
111 111 79 125
103 116 79 125
136 111 79 125
139 111 79 125
109 112 79 125
111 112 79 125
108 116 79 125
125 111 79 125
0 0 0 0 
0 0 0 0 
0 0 0 0 
0 0 0 0 
109 109 79 125
0 0 0 0 
0 0 0 0 
0 0 0 0 
0 0 0 0 
0 0 0 0 
0 0 0 0 
0 0 0 0 
0 0 0 0 
0 0 0 0 
0 0 0 0 
130 110 79 125
0 0 0 0 
0 0 0 0 
0 0 0 0 
0 0 0 0 
0 0 0 0 
0 0 0 0 
0 0 0 0 
0 0 0 0 
0 0 0 0 
0 0 0 0 
0 0 0 0 
0 0 0 0 
0 0 0 0 
0 0 0 0 
0 0 0 0 
0 0 0 0 
0 0 0 0 
0 0 0 0 
0 0 0 0 
0 0 0 0 
0 0 0 0 
0 0 0 0 
86 147 79 125
0 0 0 0 
0 0 0 0 
0 0 0 0 
0 0 0 0 
113 108 79 125
112 108 79 125
112 110 79 125
111 111 79 125
106 110 79 125
104 110 79 125
105 97 79 125
107 111 79 125
105 111 79 125
104 109 79 125
103 111 79 125
102 110 79 125
100 110 79 125
98 111 79 125
97 110 79 125
95 110 79 125
92 111 79 125
90 109 79 125
87 108 79 125
88 107 79 125
87 107 79 125
86 107 79 125
84 107 79 125
84 107 79 125
82 107 79 125
0 0 0 0 
0 0 0 0 
0 0 0 0 
0 0 0 0 
0 0 0 0 
0 0 0 0 
0 0 0 0 
12 61 79 125
0 0 0 0 
0 0 0 0 
0 0 0 0 
0 0 0 0 
0 0 0 0 
0 0 0 0 
0 0 0 0 
0 0 0 0 
0 0 0 0 
0 0 0 0 
0 0 0 0 
0 0 0 0 
0 0 0 0 
0 0 0 0 
0 0 0 0 
0 51 79 125
0 0 0 0 
0 0 0 0 
0 0 0 0 
0 0 0 0 
0 0 0 0 
0 0 0 0 
0 0 0 0 
0 0 0 0 
0 0 0 0 
0 0 0 0 
0 0 0 0 
0 0 0 0 
0 0 0 0 
0 0 0 0 
0 0 0 0 
0 0 0 0 
0 0 0 0 
0 0 0 0 
0 0 0 0 
0 0 0 0 
0 0 0 0 
0 0 0 0 
0 0 0 0 
0 0 0 0 
0 0 0 0 
0 0 0 0 
0 0 0 0 
0 0 0 0 
0 0 0 0 
0 0 0 0 
0 0 0 0 
0 0 0 0 
0 0 0 0 
0 0 0 0 
0 0 0 0 
0 0 0 0 
0 0 0 0 
0 0 0 0 
0 0 0 0 
0 0 0 0 
0 0 0 0 
0 0 0 0 
0 0 0 0 
0 0 0 0 
0 0 0 0 
0 0 0 0 
0 0 0 0 
0 0 0 0 
21 41 79 125
0 0 0 0 
113 82 79 125
0 0 0 0 
0 0 0 0 
0 0 0 0 
123 87 79 125
0 0 0 0 
0 0 0 0 
0 0 0 0 
0 0 0 0 
106 84 79 125
106 88 79 125
106 89 79 125
106 89 79 125
106 90 79 125
106 90 79 125
106 90 79 125
106 90 79 125
106 90 79 125
106 90 79 125
107 90 79 125
107 90 79 125
107 90 79 125
104 89 79 125
108 89 79 125
108 89 79 125
108 89 79 125
109 89 79 125
109 90 79 125
110 91 79 125
110 91 79 125
111 92 79 125
112 91 79 125
114 91 79 125
115 91 79 125
116 91 79 125
116 90 79 125
117 91 79 125
118 91 79 125
118 91 79 125
118 91 79 125
120 91 79 125
120 92 79 125
121 93 79 125
121 94 79 125
122 94 79 125
123 95 79 125
125 95 79 125
126 96 79 125
129 96 79 125
132 95 79 125
133 99 79 125
136 95 79 125
137 94 79 125
139 96 79 125
141 95 79 125
143 95 79 125
141 95 79 125
143 93 79 125
143 97 79 125
147 93 79 125
0 0 0 0 
0 0 0 0 
145 100 79 125
147 98 79 125
149 98 79 125
141 100 79 125
151 96 79 125
151 96 79 125
150 98 79 125
156 95 79 125
155 96 79 125
0 0 0 0 
0 0 0 0 
0 0 0 0 
0 0 0 0 
0 0 0 0 
0 0 0 0 
0 0 0 0 
0 0 0 0 
0 0 0 0 
0 0 0 0 
0 0 0 0 
0 0 0 0 
0 0 0 0 
0 0 0 0 
0 0 0 0 
0 0 0 0 
0 0 0 0 
0 0 0 0 
0 0 0 0 
0 0 0 0 
0 0 0 0 
0 0 0 0 
0 0 0 0 
140 95 79 125
129 64 79 125
127 102 79 125
0 0 0 0 
0 0 0 0 
0 0 0 0 
0 0 0 0 
0 0 0 0 
0 0 0 0 
0 0 0 0 
0 0 0 0 
0 0 0 0 
0 0 0 0 
126 91 79 125
123 91 79 125
120 90 79 125
114 86 79 125
114 86 79 125
116 89 79 125
113 86 79 125
111 94 79 125
116 93 79 125
117 93 79 125
117 93 79 125
118 94 79 125
119 94 79 125
119 95 79 125
119 98 79 125
118 97 79 125
116 97 79 125
