11 170 42 16
13 170 42 16
14 170 42 16
16 170 42 16
18 170 42 16
19 171 42 16
21 171 42 16
22 171 42 16
23 171 42 16
25 172 42 16
26 172 42 16
27 172 42 16
29 172 42 16
30 172 42 16
32 172 42 16
33 172 42 16
34 172 42 16
36 173 42 16
38 173 42 16
39 173 42 16
41 173 42 16
43 174 42 16
45 174 42 16
46 174 42 16
48 174 42 16
49 174 42 16
50 175 42 16
51 175 42 16
52 175 42 16
54 175 42 16
54 175 42 16
56 175 42 16
56 175 42 16
57 175 42 16
58 175 42 16
59 175 42 16
60 176 42 16
62 176 42 16
63 176 42 16
64 175 42 16
65 175 42 16
66 175 42 16
68 175 42 16
69 175 42 16
70 175 42 16
72 175 42 16
73 175 42 16
74 175 42 16
76 175 42 16
77 175 42 16
78 175 42 16
79 175 42 16
81 175 42 16
82 175 42 16
83 175 42 16
84 175 42 16
85 175 42 16
87 175 42 16
88 175 42 16
89 175 42 16
90 175 42 16
91 175 42 16
92 175 42 16
92 175 42 16
92 175 42 16
93 175 42 16
93 175 42 16
93 175 42 16
93 176 42 16
93 176 42 16
94 176 42 16
94 176 42 16
95 177 42 16
95 177 42 16
95 177 42 16
95 177 42 16
96 177 42 16
96 177 42 16
96 178 42 16
96 178 42 16
96 178 42 16
97 178 42 16
97 178 42 16
97 178 42 16
97 179 42 16
97 179 42 16
97 179 42 16
97 179 42 16
97 179 42 16
97 179 42 16
97 179 42 16
98 179 42 16
98 179 42 16
98 179 42 16
99 179 42 16
99 179 42 16
99 179 42 16
100 180 42 16
100 180 42 16
101 180 42 16
101 180 42 16
101 180 42 16
101 180 42 16
101 180 42 16
102 180 42 16
102 180 42 16
103 180 42 16
104 180 42 16
105 180 42 16
106 181 42 16
107 181 42 16
108 181 42 16
108 180 42 16
108 180 42 16
109 180 42 16
110 180 42 16
110 180 42 16
111 180 42 16
111 180 42 16
112 180 42 16
113 180 42 16
114 179 42 16
115 179 42 16
116 179 42 16
117 179 42 16
119 179 42 16
120 179 42 16
121 179 42 16
122 179 42 16
124 179 42 16
125 179 42 16
127 179 42 16
128 179 42 16
129 179 42 16
131 179 42 16
132 179 42 16
134 179 42 16
135 179 42 16
136 179 42 16
138 179 42 16
140 179 42 16
142 179 42 16
144 179 42 16
146 179 42 16
148 179 42 16
150 179 42 16
152 179 42 16
155 179 42 16
157 179 42 16
159 179 42 16
161 179 42 16
163 179 42 16
165 179 42 16
166 179 42 16
168 179 42 16
172 179 42 16
172 180 42 16
176 179 42 16
176 178 42 16
158 187 42 16
159 187 42 16
181 179 42 16
181 179 42 16
163 187 42 16
184 179 42 16
186 179 42 16
182 177 42 16
171 177 42 16
159 160 42 16
148 159 42 16
134 159 42 16
123 160 42 16
108 162 42 16
120 159 42 16
128 164 42 16
111 163 42 16
109 162 42 16
128 157 42 16
128 157 42 16
124 163 42 16
125 161 42 16
126 159 42 16
126 159 42 16
125 159 42 16
126 159 42 16
128 159 42 16
131 159 42 16
135 158 42 16
139 157 42 16
142 156 42 16
144 156 42 16
147 155 42 16
148 155 42 16
148 154 42 16
147 154 42 16
146 153 42 16
144 152 42 16
140 151 42 16
135 151 42 16
131 150 42 16
127 149 42 16
121 149 42 16
114 148 42 16
107 147 42 16
100 145 42 16
93 145 42 16
87 145 42 16
82 145 42 16
80 144 42 16
80 145 42 16
81 144 42 16
85 140 42 16
90 136 42 16
91 141 42 16
95 141 42 16
99 140 42 16
101 140 42 16
105 139 42 16
108 139 42 16
112 139 42 16
116 139 42 16
121 138 42 16
126 138 42 16
130 136 42 16
135 134 42 16
141 132 42 16
148 128 42 16
153 124 42 16
159 122 42 16
162 121 42 16
165 121 42 16
165 119 42 16
169 118 42 16
165 95 42 16
145 107 42 16
121 101 42 16
138 104 42 16
134 106 42 16
140 111 42 16
153 118 42 16
129 122 42 16
143 102 42 16
145 99 42 16
168 94 42 16
183 88 42 16
171 86 42 16
147 87 42 16
131 87 42 16
107 87 42 16
83 87 42 16
64 86 42 16
