0.000000
2.758623
3.047950
3.360060
2.900000
2.061553
1.360147
3.106445
4.080441
3.106445
4.272002
5.423099
7.049113
8.215230
8.544589
9.708244
9.724711
9.398404
7.051950
6.242596
6.103278
6.020797
6.184658
5.536244
3.905125
2.692582
1.780449
2.886174
2.555386
3.220248
4.609772
5.994164
7.561085
8.256513
8.973851
7.762087
9.207063
8.736704
8.302409
7.910120
6.500000
4.464303
3.920459
3.312099
2.816026
4.609772
5.590170
6.576473
6.576473
7.566373
7.566373
7.668768
7.595393
7.712976
7.874643
6.800735
7.184010
7.569016
6.992138
7.376313
9.962429
9.950377
10.300000
10.746627
11.278741
11.884864
11.987076
11.498261
11.610771
11.423222
10.920165
11.545129
10.761505
10.536128
10.463747
10.062306
6.545991
4.295346
4.177320
3.324154
4.609772
2.879236
3.551056
4.148494
5.166237
6.184658
4.272002
3.041381
3.041381
3.354102
3.354102
4.341659
4.248529
5.200961
7.787811
8.139410
5.622277
3.534119
3.935734
5.514526
5.590170
5.408327
4.031129
3.324154
2.247221
2.500000
0.781025
0.538516
1.513275
2.531798
2.500000
3.505710
2.570992
1.486607
1.300000
1.118034
2.247221
1.910497
1.746425
1.204159
2.692582
4.031129
4.609772
4.031129
3.201562
2.692582
1.100000
1.700000
2.300000
5.001000
6.576473
7.502666
6.512296
5.532630
3.590265
1.500000
1.345362
1.640122
1.220656
1.345362
2.692582
4.026164
5.393515
4.805206
3.689173
3.201562
1.044031
1.345362
1.004988
1.044031
1.802776
4.026164
5.664804
5.107837
4.561798
3.201562
2.220360
2.563201
3.342155
3.623534
2.500000
0.806226
0.806226
0.670820
0.806226
1.118034
2.483948
2.594224
3.244996
2.523886
2.061553
1.941649
2.308679
2.816026
3.125700
1.500000
1.063015
1.603122
2.563201
2.220360
2.500000
2.816026
1.941649
2.184033
1.526434
1.802776
1.500000
2.692582
3.138471
3.584690
3.201562
2.459675
2.418677
2.692582
2.801785
4.031129
4.609772
5.200961
4.801042
4.455334
3.354102
3.189044
3.244996
3.966106
3.894868
3.905125
5.382379
5.507268
5.685948
6.306346
6.946222
6.946222
5.590170
5.220153
5.590170
6.103278
7.427651
7.451845
7.571658
7.481310
6.020797
4.318565
3.640055
3.667424
3.956008
5.220153
5.162364
4.780167
4.410215
5.200961
6.184658
6.762396
6.661081
7.574299
6.444377
5.315073
5.661272
6.053924
6.484597
6.621933
7.158911
7.085901
9.159148
11.076552
11.162885
11.280514
11.603879
11.236103
10.800463
11.421471
12.010412
12.808200
13.559130
14.101418
13.507405
14.008926
13.803260
13.629747
14.552319
14.836779
16.347783
16.531485
16.352676
16.541161
16.729913
16.770510
17.400287
17.167702
17.819371
17.098830
16.378339
16.696407
15.281688
14.266394
13.333042
12.500000
12.252755
12.975747
13.710215
12.317873
13.086252
12.884487
13.567977
15.227935
15.013660
14.430870
15.146287
15.096026
15.003000
15.026976
16.007811
15.358711
15.843295
16.118623
16.428329
17.269916
16.638810
16.007811
15.787653
15.628500
16.378339
16.313491
14.871785
13.984634
12.543126
12.379418
10.677547
10.396634
9.481034
9.241753
8.500000
6.977822
5.916925
5.292447
4.205948
3.640055
3.500000
3.640055
4.924429
5.408327
6.020797
5.185557
5.060632
4.428318
5.281098
6.020797
6.040695
6.067125
5.119570
5.166237
5.220153
5.661272
6.103278
6.931811
7.379024
8.732125
8.900000
9.082401
9.730879
9.889894
10.062306
10.241582
10.421612
9.706184
9.470480
8.732125
9.100000
9.470480
9.533625
8.956004
9.124144
8.336066
7.416873
6.618912
5.821512
5.024938
4.295346
4.410215
4.609772
4.801042
5.024938
4.652956
4.295346
3.801316
3.413210
4.031129
3.601389
4.257934
4.016217
4.491102
4.272002
4.792703
4.972927
4.531004
5.056679
5.590170
4.792703
5.322593
4.992995
5.056679
4.716991
4.964877
4.904080
5.103920
5.162364
5.315073
5.341348
5.793962
5.913544
6.044005
6.020797
5.643580
5.277310
4.801042
5.408327
5.024938
6.800735
6.637017
6.530697
7.256032
8.015610
7.034913
7.057620
6.100000
6.139218
5.590170
5.503635
5.423099
5.348832
5.281098
5.024938
5.622277
6.220129
6.818358
7.416873
7.017834
7.217340
6.419502
6.618912
5.821512
5.024938
5.821512
5.622277
5.423099
6.378871
6.184658
5.166237
4.148494
3.132092
3.080584
2.500000
2.830194
2.343075
2.662705
2.193171
2.500000
2.193171
2.662705
2.343075
2.830194
3.354102
3.661967
4.763402
5.243091
5.745433
6.264982
5.277310
4.801042
4.455334
4.272002
4.716991
3.324154
3.640055
2.692582
2.109502
2.500000
3.182766
3.920459
4.687217
5.303772
6.500000
5.235456
4.887740
4.548626
4.220190
4.609772
4.313931
4.763402
5.243091
4.920366
5.315073
5.162364
6.484597
6.931811
7.877182
8.139410
6.536819
5.913544
4.332436
3.940812
4.031129
3.640055
3.106445
3.138471
1.802776
0.500000
2.002498
1.640122
4.346263
7.308215
3.201562
4.657252
6.293648
6.435060
5.166237
3.201562
1.835756
1.236932
1.931321
1.780449
0.500000
0.670820
2.202272
2.801785
4.410215
6.020797
5.008992
5.119570
4.428318
4.763402
5.408327
5.008992
5.100000
5.197115
4.482187
3.905125
4.455334
5.024938
4.201190
4.295346
3.640055
3.138471
2.334524
2.765863
2.247221
2.692582
3.785499
5.154610
6.555151
6.673080
7.158911
6.063827
6.350591
5.703508
6.113101
5.590170
4.904080
4.318565
3.748333
3.106445
3.500000
2.765863
3.138471
2.765863
2.692582
3.201562
1.972308
1.004988
1.345362
2.624881
4.609772
5.020956
4.060788
4.548626
3.716181
4.272002
4.904080
5.162364
4.738143
4.318565
3.354102
3.448188
4.100000
6.100000
8.104937
9.340771
9.159148
9.044888
9.000556
8.005623
8.015610
9.265528
10.538026
10.679419
9.841240
9.013878
9.027181
9.044888
9.066973
9.004999
9.013878
9.013878
9.013878
9.013878
9.013878
10.111874
9.885848
9.662815
9.590099
9.355747
8.732125
9.362158
9.080198
9.330059
8.709191
8.015610
9.213577
9.413288
9.613012
9.812747
9.013878
9.604686
9.265528
9.982485
9.552487
10.111874
10.768937
11.275194
11.820744
11.452947
12.010412
11.610771
11.211155
10.811568
11.410960
12.010412
11.076552
10.060318
9.000556
8.005623
9.013878
10.413933
8.429116
10.735455
12.419742
12.539936
10.062306
8.697701
8.417244
9.124144
9.861541
9.518929
9.180959
9.689685
9.757561
10.735455
11.723907
12.403629
12.603571
12.093387
10.965856
10.818965
11.386395
11.244999
11.119802
11.800424
10.346497
10.307764
10.288343
27.965157
10.307764
11.747766
11.405700
11.067520
10.733592
11.800424
10.761505
10.396634
10.123734
10.536128
10.965856
11.684605
11.703418
12.384264
13.081667
13.124405
12.390722
11.669190
12.376187
12.374571
12.379418
13.944533
14.807093
15.673226
15.134398
16.007811
16.218816
15.787653
15.363919
16.360012
15.945219
16.055217
15.489674
15.631059
15.804113
16.007811
15.654073
16.070159
16.487874
16.194135
15.945219
15.081446
15.634897
15.493547
16.070159
16.007811
16.953171
17.259490
18.212358
17.883232
20.229928
20.006249
20.412006
20.200248
19.200260
19.006578
18.667887
18.455622
18.374167
19.248117
19.602296
19.170029
18.783237
16.727522
16.058954
16.007811
16.322071
15.241063
14.173567
14.505516
14.603082

