0.500000
0.538516
0.781025
2.451530
4.742362
6.103278
9.259050
10.694391
12.131364
12.803515
13.086252
14.641380
19.275113
27.995178
32.768430
35.429507
44.579480
49.444615
55.293490
61.326422
66.387122
73.412056
79.461752
86.714301
93.746093
100.778222
106.262929
111.980757
124.009234
129.489807
131.819005
138.804359
148.941767
155.927066
160.732231
167.717769
178.726635
185.613281
190.318917
201.329109
209.187117
216.126375
223.791175
231.456022
239.120911
246.785838
255.613008
264.440334
273.267799
282.095392
290.923100
307.468844
315.521172
320.419116
328.471445
341.864374
350.597732
353.272883
363.228207
372.624704
383.742427
379.884996
381.492975
381.444478
380.866919
382.722158
384.277933
389.310891
395.091344
392.025165
394.403664
393.007697
392.525222
389.109303
388.536806
387.163079
387.680345
388.538093
387.769068
387.007300
386.305902
387.432897
387.284714
388.412474
388.263635
388.965615
391.361380
391.574220
392.214189
393.622319
396.007891
396.906097
396.918191
397.369664
400.551932
401.941849
403.683205
402.720710
402.639504
403.438632
405.118810
407.317873
408.637553
409.074626
409.512210
410.836038
412.878832
414.923330
416.080966
417.238936
418.397239
419.647292
424.913462
427.946550
430.542042
432.684932
434.560111
436.436490
438.314054
440.192787
442.072675
442.876924
443.681338
444.485917
445.290658
446.095562
446.721669
447.347795
447.973939
448.600100
449.226279
451.015798
452.805753
454.596139
456.386952
458.178186
460.237558
462.297188
464.357072
466.417206
468.477588
470.801328
473.125153
475.449061
477.773053
480.097126
481.805656
483.516504
485.229647
486.945059
488.662716
488.937675
489.212888
489.488355
489.764076
490.040049
489.678476
489.316963
488.955509
488.594116
488.232783
489.764076
491.295888
492.828216
494.361052
495.894394
501.307141
506.725221
512.564971
519.241033
525.012619
526.951810
528.898563
530.852795
532.814424
535.188985
535.434151
535.683087
535.935789
536.192251
536.452468
537.424274
538.396183
539.368195
540.340309
541.709562
542.164781
542.624410
543.088437
543.556851
544.029641
541.924949
539.822795
537.723209
535.626222
533.531864
532.735178
531.519642
530.723779
529.928080
529.132545
529.163538
529.196041
529.230054
529.265576
529.302607
528.144687
526.986802
525.828955
524.671145
523.513371
522.883974
522.254584
521.625201
520.995825
520.366457
520.487051
520.608615
520.731149
520.854653
520.979126
521.104567
521.230976
521.358351
521.486692
521.615999
521.063345
520.513871
519.967586
519.424499
518.884621
521.687311
524.494852
527.307169
530.124184
532.945823
538.797262
544.681751
550.598229
556.545676
562.523111
567.037397
571.560399
576.091911
580.006388
583.601962
583.793328
583.937882
584.096439
584.631037
585.171983
583.807751
582.444512
580.726967
577.726830
574.735809
572.680688
570.627137
568.575175
565.846242
563.084585
560.201258
557.357919
556.421648
554.536248
552.370573
549.675550
548.262793
546.857285
544.772622
542.687986
539.800973
537.169070
534.540747
531.916055
529.295050
528.973203
528.651539
528.330058
528.008759
527.687644
528.433733
529.181339
529.930458
530.681081
531.433204
531.551474
531.674082
531.801025
531.932298
532.067900
532.001551
531.935569
531.869956
531.804710
531.739833
529.586981
527.436565
526.236382
524.090231
521.946597
517.979700
514.020554
510.069338
506.126239
502.191448
499.203736
496.222057
493.246521
490.277238
487.314324
486.265905
485.218270
484.171426
483.125377
481.148885
480.809702
480.471779
480.135116
480.728582
480.393849
479.762493
479.131141
478.499791
476.940300
476.308986
474.639116
472.970200
471.302249
469.635273
467.969283
465.967177
463.965397
461.963949
459.962835
457.962062
455.746212
452.610307
450.399034
448.189703
445.982343
442.621249
439.261574
435.903349
432.546610
429.191391

