0.500000
0.608276
0.728011
0.854400
0.412311
0.500000
0.141421
0.360555
0.424264
0.608276
1.581139
1.612452
2.549510
2.280351
1.303840
0.000000
1.920937
1.720465
0.781025
1.280625
1.802776
2.334524
2.202272
2.109502
1.204159
0.500000
1.280625
1.486607
2.039608
2.118962
2.000000
2.517936
3.026549
3.501428
3.006659
2.549510
2.308679
2.284732
1.992486
1.726268
1.500000
1.972308
2.147091
2.100000
2.507987
1.802776
1.788854
1.802776
0.894427
0.921954
1.414214
1.360147
0.632456
0.500000
1.264911
1.118034
1.300000
1.486607
1.676305
0.943398
0.500000
0.608276
1.389244
2.220360
1.664332
2.061553
1.529706
1.004988
1.029563
1.220656
0.707107
1.300000
1.860108
2.758623
2.267157
0.500000
1.414214
1.802776
1.414214
1.118034
1.000000
1.676305
2.973214
3.753665
3.124100
1.118034
3.931921
6.300000
7.844743
6.419502
2.915476
1.503330
5.651548
4.810405
2.731300
0.707107
4.410215
6.300794
6.200806
4.110961
0.500000
1.824829
1.603122
1.170470
0.854400
2.500000
6.053924
10.519030
9.211406
5.748913
1.802776
5.671860
8.229824
8.132035
6.129437
1.802776
5.021952
6.717887
6.370243
4.622770
3.535534
3.560899
8.100617
7.093659
5.672742
2.000000
2.906888
5.059644
5.869412
4.604346
1.118034
5.375872
8.139410
7.930952
4.716991
4.301163
2.400000
6.319810
8.260751
5.124451
1.414214
1.236932
2.126029
2.961419
4.275512
2.692582
7.278049
9.946356
9.712363
7.305477
3.201562
2.376973
3.354102
4.201190
3.106445
1.118034
1.077033
2.385372
2.332381
1.004988
1.000000
3.580503
5.047772
4.623851
1.523155
1.581139
1.140175
0.707107
1.303840
0.948683
0.707107
5.943904
8.100617
6.493843
2.716616
1.118034
2.624881
4.879549
5.728001
3.753665
0.500000
2.942788
4.548626
5.093133
2.968164
2.549510
3.505710
5.500909
6.527634
4.684015
1.802776
1.615549
4.346263
5.300000
3.132092
5.024938
3.413210
8.309633
9.394147
6.020797
1.118034
5.727128
7.446476
6.708204
4.201190
2.828427
6.536819
8.373769
7.640026
4.720169
1.500000
1.835756
2.816026
3.811824
2.927456
1.118034
3.448188
5.197115
5.745433
4.763402
0.500000
3.436568
6.963476
7.621680
3.900000
1.802776
1.788854
3.201562
4.123106
3.640055
0.000000
2.154066
1.600000
1.720465
0.200000
2.000000
0.806226
0.894427
0.223607
1.414214
4.031129
8.683317
12.427791
11.764353
8.697701
4.123106
2.418677
2.408319
1.627882
2.529822
4.500000
5.162364
5.953990
5.903389
4.104875
4.609772
8.814193
11.144954
9.413288
6.774216
6.184658
6.963476
12.884487
13.645878
8.926926
5.315073
8.156592
16.780048
18.071248
11.042192
5.500000
13.138112
12.628935
11.326518
8.888757
5.220153
0.640312
4.205948
5.629387
3.195309
2.061553
2.692582
4.201190
3.801316
0.500000
2.061553
8.683893
12.573385
12.267437
7.000714
2.061553
4.219005
4.904080
3.820995
0.921954
3.162278
8.089499
11.007270
11.016351
7.002857
1.000000
3.640055
6.356099
6.484597
3.794733
0.500000
1.941649
2.816026
1.711724
1.170470
1.802776
3.676955
2.435159
0.824621
0.412311
1.414214
1.649242
2.505993
3.328663
2.433105
2.828427
6.403124
12.149074
13.870833
10.373042
3.162278
3.269557
1.886796
3.067572
3.773592
4.031129
2.745906
1.004988
3.443835
2.507987
5.522681
9.489468
12.349089
13.336041
11.229426
5.024938
2.483948
4.704253
5.807753
3.920459
2.692582
5.909315
7.558439
5.939697
4.401136
3.000000
6.648308
5.813777
1.843909
0.894427
3.605551
5.531727
7.962412
8.590693
5.215362
2.236068
5.456189
10.912378
14.252368
11.963277
3.041381
3.992493
6.928925
9.992998
8.005623
2.915476
7.805767
14.255525
15.967780
11.788978
3.041381
7.902531
11.672618
12.515990
7.102816
3.354102
3.482815
5.879626
7.769813
8.132035
4.272002
9.176056
12.658989
11.287161
7.710383
5.000000
2.901724
7.840918
9.725225
6.612110
2.915476
7.211103
12.120231
11.661904
8.514693
3.605551
9.243917
13.446189
10.151355
5.813777
4.031129
8.234683
10.866922
10.568349
6.527634
4.031129
4.940648
6.171710
7.621680
7.184010
3.500000
5.412024
5.586591
3.634556
6.609841
8.381527
3.733631
4.712749
4.675468
3.590265
4.949747
9.204890
13.130880
13.400373
10.778683
4.609772
2.416609
2.531798
1.077033
2.507987
5.830952
3.764306
6.846897
7.702597
6.174140
5.024938
10.028460
14.809794
13.081667
7.373602
2.692582
2.906888
1.746425
2.061553
0.921954
2.692582
7.066116
12.131364
14.490342
11.988745
4.924429
10.340696
12.640016
10.870603
8.492938
8.845903
4.464303
4.119466
1.992486
2.707397
4.272002
9.762172
12.101653
12.120231
10.307764
2.915476
6.691039
9.847842
9.398404
6.262587
1.500000
3.517101
2.920616
0.360555
4.401136
4.924429
14.819244
18.970767
18.370901
12.264175
7.433034
5.885576
5.780138
6.660330
5.467175
8.062258
4.531004
1.979899
2.184033
2.912044
4.031129
2.801785
2.109502
2.202272
1.746425
3.905125
8.280700
11.248555
11.650322
9.042677
4.609772
12.677934
24.583938
33.905309
44.455933
56.526542
65.864482
70.287766
81.544896
81.402273
85.130782
79.672580
76.565854
71.910222
72.734930
75.312682
84.657545
91.306079
91.352614
90.400221
85.536542
83.901490
85.371775
84.949044
84.528457
85.278954
81.860002
78.648204
78.058568
77.288162
69.039844
77.186333
83.397962
92.787769
103.406866
104.058878
110.821839
108.620302
108.652289
109.824997
109.772492
109.460952
108.423245
101.635132
98.963630
101.037122
106.832064
107.360421
110.256111
110.858198
108.167694
115.099652
123.152629
130.400038
137.700145
144.021700
141.048538
139.054701
138.015977
140.001750
138.008152
130.000346
124.017781
118.064432
109.148935
97.289516
104.707832
106.707872
112.131039
118.198689
122.540810
135.100444
148.935456
162.509600
171.087492
179.950688
180.409229
175.955705
168.479108
168.736748
169.059901
156.777071
145.715648
126.915917
123.141585
115.517315
115.184070
119.760302
126.302534
135.942525
135.680691
150.927864
150.310778
148.705682
150.119186
152.520490
