0.707107
0.583095
3.140064
0.509902
2.745906
4.527693
2.483948
4.356604
4.114608
4.518849
4.031129
3.008322
2.418677
1.910497
2.202272
1.802776
2.080865
1.664332
2.184033
1.824829
1.802776
2.308679
2.523886
2.961419
2.816026
2.692582
2.202272
3.138471
2.906888
2.334524
3.354102
2.118962
2.193171
2.282542
2.022375
2.500000
3.106445
2.202272
2.376973
2.418677
1.802776
1.900000
2.507987
2.700000
2.100000
2.500000
2.915476
2.247221
2.469818
2.334524
2.549510
2.789265
2.901724
3.101612
3.373426
3.535534
3.805260
4.244997
4.418144
4.071855
4.472136
5.096077
4.804165
3.705401
3.649658
3.500000
3.920459
4.373786
4.850773
5.724509
6.264982
4.254409
4.924429
4.827007
4.177320
3.535534
4.101219
3.765634
3.313608
3.901282
3.535534
3.765634
4.002499
4.101219
4.310452
4.527693
5.308484
4.101219
4.901020
4.709565
4.527693
4.638965
4.709565
4.804165
4.901020
5.099020
5.048762
5.015974
4.001250
4.004997
4.031129
4.356604
3.601389
4.002499
3.275668
3.535534
3.577709
4.254409
4.939636
4.393177
5.099020
5.360037
5.632051
5.913544
5.280152
5.590170
5.630275
6.053924
4.949747
5.200961
5.522681
6.152235
5.805170
6.453681
5.941380
6.576473
7.253275
6.744627
7.203471
6.694027
7.433034
7.495332
6.868042
7.212489
6.334824
6.964194
6.579514
6.772001
7.308215
6.894926
7.158911
7.858753
8.572631
7.088018
9.100000
8.246211
9.141663
8.489994
8.895504
8.515868
8.015610
9.079648
10.178900
10.017984
10.084146
10.049876
10.469002
9.818350
10.207840
9.674709
10.049876
10.932978
10.607544
11.452947
11.201786
11.011358
11.200000
10.412012
10.600000
9.812747
11.000000
10.507616
9.850888
10.309704
9.651943
10.111874
10.907337
10.877959
11.761377
11.652038
12.539936
12.101653
11.706836
12.403629
11.926860
12.539936
13.201515
12.913946
13.605881
13.480727
14.035669
13.736448
14.434680
14.100000
14.833745
15.532225
15.121177
15.781318
15.363919
15.945219
15.628500
15.320901
16.497576
16.259459
16.022796
15.787653
15.524175
16.007811
15.524175
15.041609
15.524175
15.920113
17.029386
17.200291
17.395402
17.613915
17.315889
18.149656
17.853851
17.415223
17.262677
17.006469
17.031735
17.904748
17.964409
18.828170
18.445596
18.238969
18.048823
17.875682
18.973666
19.033917
19.686544
19.789138
20.060907
20.155644
20.800000
20.523401
21.169790
20.892343
20.615528
21.355093
21.169790
21.912553
21.726482
21.540659
22.388613
21.540659
22.005681
21.540659
21.077239
21.444813
22.008407
22.323082
22.125325
21.931712
21.645323
21.833003
22.033611
21.324165
21.540659
22.795175
22.357996
23.233166
23.175849
23.505319
23.341808
22.975204
23.549098
23.193534
23.769729
22.823234
23.613555
22.673773
22.217111
20.892582
21.488834
21.757298
22.683254
22.343232
22.940139
22.866788
22.565682
22.100000
22.988910
23.048861
23.392734
23.313730
23.659670
23.579016
22.594247
22.795175
22.085742
22.302018
22.900218
23.505319
24.287034
24.648327
25.446807
24.913049
25.268558
24.287034
25.090636
24.607722
24.055353
23.505319
24.158849
23.926972
23.728675
24.821362
25.044960
25.457808
25.401772
25.808913
25.318965
26.162951
25.181342
25.536249
24.135037
24.480605
24.829418
24.954559
25.542514
25.234302
26.256047
25.947061
26.359249
25.461540
26.277176
25.780031
26.196374
25.597851
26.826293
25.831183
25.784685
26.462237
26.094635
25.868320
26.407764
25.646247
24.884734
26.277367
26.196374
25.739075
26.196374
26.655206
25.347584
24.989998
25.739075
26.617663
25.268558
26.030943
27.275264
26.681267
26.971466
26.462237
24.515301
23.837995
24.331050
25.773048
26.925824
26.759111
26.593232
26.299240
25.709920
24.622145
25.590623
26.145172
26.708051
26.353937
26.570661
25.400197
25.516269
25.646247
25.789921
25.539186
25.946483
26.353937
26.761540
27.169284
26.655206
26.201718
25.424791
25.976335
25.872379
24.520400
25.175385
24.446881
24.186773
24.597764
26.000000
25.942244
25.973063
25.365331
26.480181
26.570661
26.536390
27.840977
27.055868
27.049584
24.989998
25.750340
25.235293
25.403149
25.238463
24.698178
24.223129
24.771758
24.626003
24.846730
25.079872
25.263412
25.071099
24.919069
25.444842
25.298221
25.083859
25.526457
24.252835
23.362363
24.166092
21.969297
22.027256
21.923731
21.038061
21.476732
21.734995
22.006590
22.722016
22.987170
22.808989
22.817756
23.256182
22.808989
23.256182
23.711811
23.569684
23.911713
24.661103
24.954559
25.303162
25.323704
24.470595
24.507346
23.657768
22.808989
23.259407
22.808989
23.706539
22.808989
23.259407
22.729716
23.090258
23.007825
23.846174
24.166092
23.110171
23.373489
22.323082
22.584951
21.931712
22.105429
22.280036
22.455512
22.631836
23.307724
23.719191
24.274472
24.298148
24.678938
24.698178
24.461603
24.586175
24.002708
24.110579
24.233242
23.875720
22.677081
23.018471
21.555742
21.914607
22.405580
22.897380
22.967150
23.465080
23.963514
23.556740
24.069275
23.661784
22.881652
22.847319
23.639374
23.509147
23.769308
23.637259
24.423349
24.829418
24.423349
24.829418
24.423349
24.423349
24.420483
24.501837
24.507958
23.669812
23.259407
24.330434
24.068236
23.810292
23.556740
23.711811
23.586861
23.465080
22.975204
23.628161
23.505319
22.953213
23.162470
21.689859
22.461077
23.048861
22.716074
23.210558
23.301931
22.942755
23.032586
22.361798
23.926972
23.728675
24.821362
25.044960
24.284357
24.424782
24.571732
24.725088
24.884734
25.031980
24.253866
24.795161
24.936920
24.596748
25.394881
25.223005
25.109759
25.849565
25.268558
24.871872
25.360205
24.957764
24.105186
24.150569
24.686839
24.787295
24.420483
24.957764
24.596748
24.318306
23.973319
23.715396
23.355513
23.505319
24.147257
24.287034
25.357642
25.564428
26.177280
25.676643
25.179555
25.585347
25.536053
26.386550
25.850338
26.664771
25.759658
25.594726
25.942244
25.271525
24.600813
24.820355
24.149534
23.478714
23.678260
24.147257
25.090636
25.179555
26.617663
26.904646
26.712170
27.002592
27.688626
27.064737
26.734622
26.815294
27.325080
27.891576
27.973201
27.404562
27.245917
26.673770
26.104789
25.539186
26.135799
26.746402
27.370057
27.548684
29.068884
28.532262
27.560116
27.022398
26.922853
27.280946
26.833002
27.204595
27.230314
28.555385
28.692333
29.024472
28.825856
28.666705
28.170375
27.973201
28.363533
28.338313
29.637982
29.623302
29.618406
31.707728
31.218104
31.629417
31.596361
30.634947
31.535694
30.194370
29.740545
29.760712
28.887714
30.531459
30.857414
31.590030
32.827123
33.559648
34.713110
36.360006
36.731458
37.863571
39.217343
39.163759
39.115214
39.661064
39.962482
39.560081
39.489746
39.234679
39.155587
38.158092
38.483763
