    0.7071
    1.2369
    0.9055
    0.6083
    1.4765
    1.1180
    0.6403
    0.3000
    0.5385
    1.1000
    1.1180
    0.6325
    0.2236
    1.0000
    0.5000
    1.4142
    0.9487
    1.0000
    0.7071
    0.6325
    0.7071
    0.6083
    0.7616
    0.8544
    0.9055
    1.1180
    0.9055
    0.3606
    0.7616
    0.4123
    0.7071
    0.5099
    0.5831
    0.8602
    0.5099
    0.7071
    1.0630
    1.4213
    1.4036
    0.7616
    1.1180
    0.6403
    1.0440
    0.5385
    1.0050
    0.5000
    0.9220
    0.9220
    1.1180
    0.5000
    0.5000
    0.3606
    0.4123
    0.9849
    0.7280
    0.5000
    0.5657
    1.3153
    1.2166
    1.1705
    1.0000
    0.8544
    0.8485
    0.9849
    1.2166
    1.1180
    1.1180
    1.1180
    1.1180
    1.1180
    1.1180
    1.0198
    1.0050
    1.0770
    1.0440
    1.0000
    1.0198
    1.0770
    1.1662
    1.2806
    1.4142
    1.0198
    1.0770
    1.1662
    1.2806
    1.4142
    1.4142
    1.4142
    1.4142
    1.4142
    1.0000
    1.0198
    1.0770
    1.1662
    1.2806
    1.4142
    1.4142
    1.4142
    1.4142
    1.4142
    1.4142
    1.5620
    1.7205
    1.8868
    2.0591
    2.2361
    2.1932
    2.1541
    2.1190
    2.0881
    2.0616
    2.0396
    2.0224
    2.0100
    2.0025
    2.0000
    2.2472
    2.2804
    2.3345
    2.4083
    2.5000
    2.6926
    2.6926
    2.6926
    2.6926
    2.6926
    2.6926
    2.6926
    2.6926
    2.6926
    2.6926
    2.5020
    2.5080
    2.5179
    2.5318
    2.5495
    2.6306
    2.7166
    2.8071
    2.9017
    3.0000
    2.9411
    2.7203
    2.5000
    2.2804
    2.0616
    2.1587
    2.2561
    2.3537
    2.4515
    2.5495
    2.4515
    2.3537
    2.2561
    2.1587
    2.0616
    2.1840
    2.3087
    2.4352
    2.5632
    2.5000
    2.6019
    2.7074
    2.8160
    2.9275
    3.0414
    3.0414
    3.0414
    3.0414
    3.0414
    3.0414
    3.1257
    3.2140
    3.3061
    2.6401
    2.5000
    2.7857
    2.7000
    2.9732
    3.0676
    3.1623
    3.3242
    3.2249
    3.3541
    3.4928
    2.6926
    2.7857
    2.7000
    2.8000
    2.9000
    3.0000
    3.2000
    3.4000
    3.6000
    2.8000
    3.1623
    3.2985
    3.4525
    3.6222
    3.8053
    4.1231
    3.2280
    3.2985
    3.3734
    3.4525
    3.5355
    3.7336
    3.9319
    3.1401
    3.3377
    3.5355
    3.8639
    4.1976
    4.4011
    3.7121
    4.0311
    4.1049
    4.2012
    4.3186
    4.4553
    3.6401
    3.7656
    3.9205
    4.1012
    3.3061
    3.5355
    3.8053
    4.1012
    3.4234
    3.7121
    4.0000
    3.4000
    3.9294
    4.2000
    3.6000
    4.0000
    4.3012
    3.6056
    3.9115
    4.2190
    3.5355
    3.7216
    3.9115
    3.1064
    3.3015
    2.5000
    3.1064
    3.7216
    3.3541
    3.9051
    3.5000
    3.8053
    3.1257
    3.4525
    2.7074
    3.0000
    2.7000
    3.4000
    3.1000
    3.8000
    3.5000
    3.1064
    3.7216
    3.3541
    3.9812
    3.6401
    3.1623
    3.6401
    3.1623
    3.6401
    3.0000
    3.7656
    3.4234
    3.1016
    3.8833
    3.5355
    4.1976
    3.7121
    3.3734
    3.9013
    3.5355
    3.9623
    3.4205
    3.8601
    3.1145
    3.5355
    4.1304
    3.7336
    4.3290
    3.9319
    4.5277
    4.2012
    4.9092
    5.6436
    5.4129
    6.5000
    5.6859
    5.7940
    5.9135
    5.0922
    5.2202
    5.6613
    6.1033
    5.6080
    6.0539
    6.5000
    6.4288
    6.6761
    6.6910
    6.8066
    7.0178
    6.8184
    6.6189
    6.4195
    6.3789
    6.1847
    6.1847
    6.1847
    7.1589
    7.4330
    7.8262
    7.8109
    7.2450
    7.6217
    7.0576
    6.1847
    6.8007
    6.1685
    6.4846
    5.8523
    6.5000
    6.4846
    5.8694
    6.2169
    6.5765
    6.5000
    5.7940
    6.0440
    6.3348
    6.8680
    6.1847
    6.1033
    6.0539
    6.0374
    5.6080
    5.5902
    5.3488
    5.5036
    5.6824
    5.4231
    5.5902
    5.6824
    5.7801
    5.4231
    5.5036
    5.5902
    5.5073
    5.4378
    5.3824
    5.3413
    6.1033
    5.8830
    6.2201
    5.9908
    5.7801
    6.5000
    6.5513
    6.1587
    5.7689
    5.3824
    5.8310
    5.1478
    4.9193
    5.5946
    5.3666
    5.1478
    5.4562
    4.8765
    4.3046
    4.6065
    4.0311
    5.0120
    5.1313
    5.2802
    5.4562
    5.6569
    5.5973
    5.5606
    5.4562
    6.1221
    5.4083