0.000000
0.447214
0.894427
1.341641
0.632456
1.000000
0.500000
1.000000
1.118034
1.000000
1.118034
0.806226
0.500000
1.204159
1.118034
1.118034
1.529706
1.004988
1.503330
1.044031
1.581139
1.627882
1.702939
0.806226
1.140175
0.500000
0.200000
1.004988
1.077033
1.220656
1.414214
1.345362
1.280625
1.220656
1.077033
1.118034
1.170470
1.236932
1.315295
1.403567
1.500000
1.216553
1.941649
1.708801
1.526434
1.414214
1.802776
1.000000
0.500000
1.000000
0.500000
0.608276
0.728011
0.854400
0.984886
1.118034
1.868154
1.676305
1.486607
1.300000
1.118034
1.581139
2.061553
1.581139
2.061553
1.581139
1.403567
1.334166
1.389244
1.555635
1.118034
1.802776
1.565248
1.360147
0.806226
1.500000
1.403567
1.315295
1.236932
1.252996
1.118034
1.118034
1.204159
1.360147
1.565248
1.500000
1.529706
1.615549
1.749286
1.920937
2.121320
1.984943
1.860108
1.749286
0.860233
0.707107
0.806226
0.948683
1.627882
1.702939
1.802776
1.700000
1.615549
2.051828
1.920937
1.802776
1.486607
1.300000
1.300000
1.486607
1.118034
1.204159
0.806226
0.806226
0.921954
0.500000
0.583095
0.640312
0.509902
0.943398
0.707107
1.476482
1.104536
0.905539
0.761577
0.707107
0.721110
1.476482
2.163331
2.195450
2.236068
2.284732
2.340940
2.404163
2.884441
2.915476
2.683282
2.469818
2.280351
2.121320
2.000000
2.039608
2.154066
2.009975
2.088061
2.236068
1.843909
1.788854
1.843909
2.000000
2.236068
2.545584
3.052868
3.676955
3.417601
4.123106
4.026164
2.973214
2.879236
5.688585
5.500000
6.307139
7.653104
17.698022
30.888995
44.051107
55.248258
68.201026
80.763420
93.863838
106.795365
120.637681
136.656687
153.686857
170.611987
189.558039
205.328055
191.684872
187.086317
184.719815
196.792403
193.875243
187.629129
178.696642
169.569484
155.429244
158.902486
167.598479
174.063207
193.954247
189.623311
194.991410
215.852264
210.899621
207.630441
232.553757
227.028897
219.110771
249.892537
244.066733
242.923856
233.339624
224.249236
222.563294
210.214842
237.032698
229.760223
227.265352
225.440546
218.741537
215.188290
218.408264
225.059281
235.282235
235.332361
240.408507
241.534304
241.959356
245.243919
247.659383
246.986842
249.018172
255.260063
266.236455
270.221576
273.710157
277.003267
283.471145
286.109926
290.753177
295.645480
300.053079
305.030244
314.552460
318.490267
322.517054
327.900259
334.038276
336.962936
342.463035
305.189286
319.190100
285.058906
285.847302
298.907377
346.000000
401.203190
375.400053
385.600830
391.800204
367.005450
