0.000000
1.081665
2.163331
2.475884
2.473863
2.061553
1.843909
4.924429
7.169379
8.570298
9.219544
10.401923
10.816654
10.295630
9.848858
8.544004
7.969944
8.395237
9.070832
9.752948
9.486833
10.378825
10.912378
10.567876
10.645187
12.369317
8.858894
8.527602
10.095544
11.733712
13.928388
16.972920
19.670282
19.233304
14.989330
7.211103
9.633276
10.207840
8.910668
9.929753
9.219544
4.280187
1.811077
2.209072
4.617359
11.180340
7.488658
9.701546
10.252804
10.347947
12.083046
12.478782
12.902713
12.396774
11.292475
11.180340
12.310971
16.475436
15.976232
14.681962
12.041595
8.022468
10.762899
11.244554
8.268011
11.401754
8.504117
9.903535
11.370136
10.840664
12.083046
8.352245
7.227724
7.337575
7.467262
7.615773
6.449806
7.211103
7.810250
7.496666
6.082763
7.161006
7.881624
8.325863
8.881441
10.000000
11.415779
12.856127
13.493702
14.018559
16.492423
18.218672
19.674349
20.858571
21.347599
20.615528
20.809613
21.003809
21.198113
21.392522
21.587033
22.790349
24.203306
24.633311
23.903975
21.213203
20.286942
19.596939
18.095303
16.815469
15.811388
13.862179
12.870120
11.892855
11.600000
11.401754
11.560277
11.720068
11.881077
11.244554
11.401754
9.541488
9.130170
10.107423
9.769340
8.246211
5.491812
4.800000
4.200000
5.015974
7.810250
10.897706
13.305638
13.602941
12.496399
9.219544
11.173182
11.745637
11.600000
12.191801
13.453624
11.649893
10.567876
10.023971
10.840664
11.401754
11.745637
12.932131
13.320661
12.440257
10.816654
10.262553
9.709789
10.023971
9.482616
8.062258
11.387713
13.043006
14.160508
14.699660
14.422205
17.173235
18.277855
17.979989
18.213182
18.439089
10.840664
10.192154
10.690182
14.223924
20.591260
15.255163
15.358385
14.848569
12.406450
5.385165
13.446189
17.140595
17.280046
14.042792
10.440307
12.191801
13.377593
13.548432
13.440238
12.041595
12.631706
13.536617
16.298466
17.463104
20.591260
10.762899
8.022468
9.314505
11.350771
16.970563
16.763055
16.601205
16.155494
15.709870
14.422205
16.643317
18.027756
16.401219
14.212670
11.401754
12.870120
14.524462
14.681962
14.058449
12.041595
16.160446
17.321663
14.880860
11.651609
8.602325
5.692100
4.049691
4.242641
4.753946
8.602325
7.496666
9.433981
11.497826
10.667708
10.630146
12.727922
14.866069
16.278821
15.556349
14.212670
15.276125
15.698408
13.320661
11.872658
11.180340
8.357033
6.352952
5.946427
7.323933
10.295630
13.579396
16.595180
18.242807
16.929265
12.041595
13.600000
13.857850
13.661625
12.343419
12.041595
14.322011
14.418044
14.166157
14.167569
43.416587
42.307919
40.339063
43.384790
47.562170
51.923020
45.548216
42.366968
44.010908
15.107614
17.464249
23.110171
25.134041
25.875085
22.196396
15.620499
18.928286
20.695893
21.083643
19.387625
17.691806
13.576450
8.335466
8.676405
14.707821
26.627054
23.364931
20.978084
16.681727
13.867949
11.313708
13.926952
14.589037
14.499655
12.631706
8.062258
