    0.5000
    4.6098
   10.8374
    7.1309
    4.7381
    1.8028
    0.5657
    3.8118
    3.6715
    2.1378
    2.8284
    7.4169
   20.9246
   28.2115
   41.7847
   58.9428
   55.5082
   63.8678
   75.3090
   73.2817
   78.4474
   84.6074
   85.1674
   82.0011
   74.4736
   76.7626
   76.2115
   81.2730
   91.0758
   87.0109
   85.0941
   96.3669
  109.1958
  120.9149
  133.3142
  142.6061
  149.8267
  154.0419
  159.6441
  165.1669
  172.1228
  175.0274
  173.4035
  177.5838
  179.6350
  185.3281
  172.4188
  159.3979
  153.5326
  144.0420
  133.9300
  141.1657
  143.5385
  140.0508
  137.2276
  132.9662
  135.1907
  140.5002
  146.1594
  146.1618
  151.3481
  150.5033
  151.8027
  151.7625
  153.4446
  156.5990
  155.5922
  152.2418
  151.8360
  148.0092
  151.8626
  148.1309
  148.5528
  152.0083
  152.0709
  161.9020
  170.4200
  167.5338
  172.9660
  170.9197
  181.9629
  190.6896
  196.5584
  201.9653
  208.5737
  212.4365
  203.4775
  188.6737
  177.3328
  173.6068
  164.8059
  163.7250
  162.1408
  165.3782
  172.9744
  173.1950
  172.6124
  171.4097
  174.1150
  174.2702
  177.8068
  182.9694
  184.5704
  195.3894
  198.1475
  204.4798
  203.4612
  204.2214
  201.5268
  204.3844
  204.2872
  195.0417
  192.1490
  199.3897
  194.7081
  184.8547
  188.9587
  193.0652
  194.4778
  189.7207
  200.1462
  200.8004
  195.2150
  190.7443
  184.6145
  185.6260
  198.4996
  209.0904
  225.5582
  228.4531
  221.6134
  205.5742
  189.2231
  184.4829
  190.0485
  193.4871
