0.500000
0.921954
1.500000
2.801785
2.729469
3.354102
4.254409
3.471311
3.114482
3.905125
4.743416
3.929377
4.365776
6.720119
5.860034
5.000000
6.140033
6.723095
6.074537
8.099383
7.905694
8.276473
8.228001
9.257429
9.884331
9.192388
9.936800
9.749872
10.500476
11.257886
11.423660
11.645600
10.944405
8.377350
8.100617
8.276473
8.947067
9.235800
9.604686
10.261579
7.762087
8.792042
7.324616
8.080842
9.831073
8.860023
11.115755
9.270383
8.856636
8.453402
5.830952
6.536819
7.247068
7.960528
9.158603
9.861541
10.855874
10.480935
9.800510
10.800463
7.433034
7.119691
7.975588
7.184010
6.640030
7.500000
8.163333
9.381365
9.693297
8.653901
8.944272
7.324616
7.443118
8.102469
9.055385
9.708244
9.575490
10.421612
9.033825
9.883825
8.500000
9.538344
8.920202
9.798980
10.822661
12.747549
9.861541
10.183320
10.846658
10.959015
9.962429
11.007270
11.308846
11.637869
12.313001
13.000000
12.175796
13.000000
11.629703
11.661904
12.093387
11.806778
11.985408
11.738824
11.910080
11.704700
10.941663
10.510947
11.030866
10.252804
10.770330
11.515642
11.892855
12.628935
13.370116
12.816006
12.628935
13.370116
12.816006
