0.500000
0.670820
0.921954
1.204159
1.204159
1.500000
1.486607
1.300000
1.300000
1.100000
1.118034
1.004988
1.044031
1.044031
1.004988
1.118034
1.360147
1.627882
1.910497
2.202272
1.500000
1.920937
2.051828
1.615549
1.700000
1.500000
1.615549
1.920937
1.700000
2.051828
1.500000
1.749286
1.700000
1.655295
1.615549
1.581139
1.627882
1.702939
1.802776
1.923538
2.061553
2.022375
2.002498
2.002498
2.022375
2.061553
2.061553
2.061553
2.500000
2.500000
2.061553
2.624881
2.758623
2.282542
2.385372
2.061553
2.118962
2.758623
2.900000
3.047950
2.500000
2.758623
3.080584
2.624881
2.193171
1.802776
2.683282
2.692582
3.405877
3.500000
2.236068
3.080584
2.561250
2.051828
2.416609
2.500000
2.163331
1.835756
2.126029
2.555386
2.236068
2.420744
2.059126
1.772005
1.886796
2.549510
2.404163
2.284732
2.195450
2.140093
2.121320
1.780449
1.476482
1.236932
2.102380
2.061553
1.900000
1.868154
2.879236
3.001666
2.692582
2.692582
2.692582
2.500000
2.500000
2.692582
2.594224
2.523886
2.483948
2.475884
3.905125
3.080584
2.968164
2.830194
2.662705
2.500000
2.193171
1.920937
1.700000
0.640312
2.061553
1.220656
1.345362
1.486607
1.640122
1.802776
1.526434
1.252996
1.081665
1.063015
1.118034
1.923538
1.910497
2.024846
2.247221
2.915476
2.594224
2.284732
1.992486
2.996665
2.692582
2.416609
2.147091
1.600000
2.300000
2.000000
2.200000
1.400000
1.600000
1.800000
2.000000
1.513275
2.039608
1.615549
2.154066
1.802776
1.612452
1.431782
1.264911
1.118034
1.000000
0.800000
0.600000
1.400000
1.200000
1.000000
0.921954
0.894427
0.921954
1.000000
1.118034
1.500000
1.910497
2.334524
1.360147
1.802776
2.640076
3.482815
2.920616
3.764306
3.201562
3.966106
3.401470
3.312099
2.816026
2.692582
2.549510
2.418677
3.178050
3.041381
2.915476
3.130495
3.361547
3.605551
2.915476
3.162278
3.324154
3.492850
3.667424
2.863564
2.061553
2.236068
2.418677
2.607681
2.801785
2.236068
2.332381
2.441311
3.059412
3.104835
3.000000
3.046309
2.952965
2.884441
3.298485
3.000000
2.973214
3.280244
3.841875
3.720215
3.162278
3.605551
3.605551
3.162278
3.162278
3.162278
3.026549
3.104835
3.720215
3.280244
2.828427
3.623534
3.676955
3.220248
3.417601
3.640055
3.624914
3.257299
3.264966
2.879236
2.915476
2.720294
2.983287
2.720294
2.469818
3.162278
2.596151
2.039608
2.501999
2.154066
3.535534
3.157531
3.190611
3.758989
3.466987
3.640055
3.733631
3.848376
3.982462
4.134005
2.549510
3.264966
3.679674
3.397058
3.140064
2.915476
3.482815
3.466987
4.167733
4.022437
2.692582
4.301163
3.905125
3.535534
3.201562
2.915476
3.405877
3.301515
3.820995
4.393177
3.605551
4.031129
3.820995
3.612478
2.863564
2.692582
2.683282
2.692582
2.720294
3.500000
3.162278
3.744329
3.883298
3.546830
2.778489
2.549510
2.729469
2.915476
3.106445
3.478505
2.692582
2.863564
2.729469
2.863564
3.008322
3.162278
3.257299
3.352611
3.448188
3.544009
3.640055
3.492850
3.354102
3.224903
3.324154
3.162278
2.720294
2.236068
1.897367
2.529822
3.162278
2.435159
1.708801
1.941649
2.340940
2.692582
0.905539
1.389244
1.838478
2.563201
3.535534
1.941649
2.140093
1.236932
1.555635
3.041381
1.360147
0.670820
0.921954
1.500000
1.802776
1.341641
1.910497
0.632456
1.431782
1.414214
1.800000
1.600000
1.400000
1.562050
1.000000
1.389244
1.456022
1.252996
1.969772
1.500000
1.708801
0.728011
1.131371
0.984886
1.414214
1.303840
1.612452
1.923538
2.236068
1.581139
2.102380
1.726268
2.319483
1.902630
1.581139
2.300000
2.158703
1.900000
1.772005
1.500000
1.500000
1.500000
1.500000
1.500000
1.802776
1.964688
1.640122
1.772005
1.486607
1.581139
1.788854
2.024846
1.843909
2.024846
2.000000
1.360147
1.000000
1.204159
0.632456
1.118034
1.838478
2.184033
3.036445
3.889730
2.121320
4.024922
3.860052
3.130495
2.024846
1.414214
1.788854
2.720294
3.687818
4.669047
3.162278
3.201562
2.828427
1.802776
1.414214
1.500000
0.984886
1.315295
1.711724
2.184033
1.802776
1.802776
1.910497
2.109502
2.376973
1.500000
1.711724
1.941649
2.184033
2.435159
2.692582
2.601922
2.707397
2.886174
2.961419
3.041381
3.471311
3.905125
3.383785
3.827532
3.041381
3.981206
3.721559
3.500000
3.640055
3.041381
3.138471
3.612478
4.177320
4.801042
2.692582
4.468781
4.327817
3.482815
3.488553
3.640055
3.590265
3.848376
3.769615
3.330165
2.692582
4.110961
3.612478
3.911521
3.413210
2.121320
2.607681
3.701351
4.123106
5.263079
3.605551
5.080354
3.773592
3.858756
3.124100
3.201562
2.469818
2.334524
1.581139
2.247221
3.535534
2.842534
2.195450
2.126029
2.140093
2.828427
2.051828
2.059126
1.300000
1.886796
2.500000
1.612452
2.376973
1.897367
2.729469
2.236068
2.915476
2.408319
2.121320
2.828427
2.915476
2.200000
2.942788
2.785678
2.745906
2.236068
2.370654
2.505993
2.319483
2.433105
2.549510
2.607681
2.701851
1.843909
2.024846
2.000000
2.416609
2.600000
2.785678
3.440930
2.236068
2.505993
2.778489
3.052868
3.328663
3.162278
3.488553
3.417601
3.758989
3.676955
2.692582
3.001666
2.879236
3.176476
3.067572
3.041381

