0.707107
3.269557
5.464430
4.428318
1.529706
1.118034
1.720465
1.868154
2.416609
2.647640
2.000000
1.414214
0.894427
0.632456
2.000000
1.414214
2.343075
3.280244
3.716181
3.200000
2.061553
1.931321
1.081665
0.412311
1.236932
0.500000
1.360147
1.746425
1.910497
2.376973
2.061553
1.341641
1.431782
1.341641
0.806226
2.000000
0.707107
0.894427
1.140175
2.280351
2.549510
2.731300
3.023243
1.984943
1.029563
0.707107
1.431782
1.303840
2.061553
1.923538
1.118034
0.640312
1.300000
1.300000
2.325941
2.500000
3.361547
3.383785
2.701851
2.801785
2.121320
2.302173
1.702939
1.923538
2.213594
2.549510
3.584690
3.860052
3.138471
2.915476
3.201562
2.325941
1.972308
3.448188
4.026164
3.640055
4.210701
3.312099
3.220248
2.594224
3.041381
1.627882
2.202272
2.801785
5.408327
8.139410
8.000625
8.572631
8.190849
8.185964
8.321658
8.095060
7.947956
7.884795
8.895504
8.015610
10.000500
10.024470
9.093404
8.050466
7.017834
6.020797
4.031129
5.220153
6.184658
5.024938
6.493843
7.831347
8.205486
7.653104
8.381527
7.826238
6.946222
6.726812
6.800735
7.632169
7.738863
9.121952
9.381365
9.004999
7.433034
9.024411
11.696581
13.437262
15.273834
18.248288
23.936583
27.492544
30.067258
31.653752
32.249031
30.675234
30.094518
28.392429
28.801389
31.196955
30.139841
31.175150
30.227306
29.165219
29.210443
29.424140
29.741722
26.981846
26.300760
23.632605
20.032474
16.592167
14.003571
11.423660
9.823441
4.981967
2.716616
3.373426
5.866856
9.823441
9.679876
9.235800
8.792042
6.140033
3.535534
6.107373
8.769265
9.492102
8.080842
6.964194
6.262587
5.420332
5.232590
5.140039
5.700877
5.869412
7.021396
7.200694
7.596052
7.762087
5.738467
4.750789
3.894868
3.889730
4.609772
5.852350
7.684400
7.990620
7.723341
7.762087
12.340583
17.129215
25.977105
32.837326
37.619809
42.746813
47.910437
53.100000
58.308576
63.531488
69.356543
76.116818
82.900965
89.703567
96.546621
101.717747
106.902993
112.100401
117.324550
123.581957
129.537099
135.526898
142.505930
149.500033
155.507235
162.500277
168.502404
174.503467
179.514735
184.516937
190.307593
196.102065
201.902997
206.700218
212.505294
216.922152
222.330790
227.740598
233.151496
238.588558
243.997582
249.379590
255.743192
261.149804
267.537848
271.977683
276.401773
280.828667
284.293968
288.729112
292.933747
297.138385
301.304530
305.473698
308.714269
312.486688
319.368784
317.690683
300.968071
302.779210
306.975390
311.131500
315.368055
320.563707
324.801863

