0.707107
10.000000
13.072873
12.280065
4.949747
3.162278
36.255896
42.030465
33.229655
19.386593
5.220153
8.268011
15.852129
13.588230
9.970456
2.236068
11.486514
17.987774
14.610270
8.345058
2.915476
32.403858
42.444552
32.666344
12.110326
3.041381
8.637129
12.603571
15.033296
9.972462
1.000000
14.012138
21.641627
22.914188
20.160357
7.905694
14.894630
32.901368
40.227478
32.095171
8.902247
24.484485
42.459510
36.307162
15.700000
1.802776
6.444377
10.448445
12.480785
9.291394
2.500000
2.280351
7.990620
15.658863
16.051480
2.236068
8.500000
10.198039
12.093387
10.295630
9.013878
9.873702
23.634932
22.410042
10.153325
2.692582
9.160786
15.255491
14.583552
9.827004
6.324555
