0.500000
0.707107
1.118034
0.707107
1.118034
0.707107
0.565685
0.424264
0.282843
0.141421
0.000000
0.538516
1.077033
0.781025
0.800000
0.500000
0.707107
0.500000
0.707107
0.500000
0.707107
0.632456
0.707107
1.000000
0.948683
0.000000
0.721110
0.824621
0.824621
0.721110
0.000000
0.500000
0.894427
0.223607
0.632456
0.500000
1.500000
0.500000
0.670820
0.806226
1.118034
0.282843
1.081665
0.721110
0.360555
1.000000
1.526434
2.668333
2.360085
1.697056
1.118034
1.140175
0.921954
1.581139
0.921954
0.707107
1.780449
2.140093
1.769181
1.421267
1.118034
0.400000
0.943398
0.200000
0.781025
1.000000
1.902630
1.969772
1.838478
1.708801
1.581139
1.000000
0.707107
0.894427
1.140175
1.414214
1.486607
1.019804
1.044031
1.077033
0.500000
0.500000
0.500000
1.204159
1.360147
1.118034
1.216553
1.403567
1.708801
0.854400
1.000000
0.565685
0.824621
0.282843
0.721110
1.000000
1.000000
0.632456
0.447214
1.264911
1.414214
0.721110
0.824621
1.442221
0.721110
1.000000
1.700000
1.166190
0.640312
1.019804
0.500000
0.921954
1.204159
0.921954
1.431782
1.118034
1.486607
1.300000
1.640122
1.486607
1.802776
1.612452
0.670820
1.414214
2.202272
2.000000
1.700000
2.600000
2.325941
2.059126
1.500000
1.910497
2.376973
2.729469
3.106445
3.500000
3.041381
3.500000
3.041381
3.640055
4.031129
3.551056
4.060788
3.590265
4.100000
3.640055
4.275512
3.945884
3.622154
3.306055
3.000000
2.700000
3.544009
4.220190
3.800000
4.500000
4.604346
4.716991
4.816638
4.904080
5.000000
4.501111
4.004997
3.512834
4.044750
3.535534
3.748333
3.962323
4.177320
4.393177
4.609772
2.121320
1.746425
2.302173
2.906888
3.535534
1.860108
1.655295
2.517936
2.501999
3.535534
2.773085
2.657066
2.570992
2.517936
2.500000
1.300000
1.486607
1.345362
1.220656
1.118034
0.640312
1.513275
1.513275
1.552417
1.802776
1.749286
1.700000
0.860233
0.781025
0.707107
0.640312
0.583095
0.538516
1.208305
1.118034
1.029563
0.943398
0.860233
0.781025
0.707107
0.721110
1.726268
1.811077
1.902630
3.000000
3.001666
4.004997
5.008992
6.013319
6.020797
6.811755
6.606815
6.403124
5.200961
5.000000
5.503635
5.015974
5.532630
5.063596
5.590170
5.360037
5.135173
5.913544
5.703508
5.500000
6.203225
5.913544
5.632051
5.360037
5.000000
4.801042
4.669047
3.471311
3.255764
2.500000
2.267157
2.147091
2.580698
2.507987
2.915476
2.657066
1.529706
1.655295
2.501999
2.549510
3.001666
3.512834
4.060788
4.501111
5.024938
6.251400
7.400676
7.610519
7.805767
8.000000
7.602631
8.209750
8.944272
10.554620
10.198039
10.720075
11.021797
11.343721
10.692053
11.045361
10.729865
11.415779
12.180722
11.860860
11.543396
10.667708
10.791200
10.917875
11.047624
11.180340
11.146300
11.115755
11.088733
11.065261
11.045361
10.846197
10.647065
10.447966
10.200000
11.000000
10.711676
10.447966
10.112369
9.850888
9.617692
9.503683
9.390421
9.277931
9.166242
8.062258
8.472308
8.713208
8.967720
8.238932
8.514693
8.315047
7.256721
7.061161
6.865858
6.670832
6.726812
6.789698
6.859300
6.935416
6.020797
6.412488
5.807753
6.203225
5.707013
5.099020
4.275512
4.440721
3.622154
3.805260
4.000000
3.313608
3.649658
3.036445
3.417601
2.915476
3.224903
2.213594
2.529822
1.923538
2.236068
2.163331
2.126029
2.126029
2.163331
2.236068
2.284732
2.340940
2.140093
2.126029
2.121320
0.781025
0.860233
0.943398
1.029563
1.118034
1.500000
1.910497
1.746425
1.802776
2.061553
2.022375
2.002498
3.001666
3.080584
3.041381
2.801785
2.692582
2.418677
2.376973
2.061553
2.332381
2.193171
2.088061
3.269557
3.162278
2.624881
2.441311
2.282542
2.690725
2.500000
2.500000
2.692582
2.692582
2.692582
3.640055
3.324154
2.729469
2.376973
3.008322
2.692582
2.692582
2.692582
2.692582
3.640055
3.640055
3.324154
2.729469
2.376973
2.061553
1.802776
1.802776
2.692582
2.692582
2.692582
2.692582
2.692582
2.692582
2.692582
2.692582
2.692582
2.692582
2.692582
2.692582
2.692582
2.692582
2.692582
2.692582
2.692582
2.692582
2.692582
3.640055
3.640055
3.640055
4.031129
4.031129
4.031129
4.031129
4.031129
4.031129
4.031129
3.889730
3.220248
3.488553
3.758989
3.201562
2.765863
3.138471
2.692582
3.640055
3.201562
3.140064
3.080584
2.267157
2.193171
2.121320
1.749286
1.984943
1.655295
1.860108
1.581139
1.503330
1.529706
1.529706
1.503330
1.581139
1.581139
1.581139
2.121320
2.121320
2.121320
1.984943
1.860108
1.749286
1.655295
1.581139
1.655295
0.509902
0.509902
0.860233
0.707107
1.140175
1.581139
2.024846
2.469818
1.581139
1.931321
1.421267
1.780449
2.140093
2.500000
2.202272
2.617250
3.041381
4.272002
4.716991
4.788528
4.875449
4.976947
5.092151
5.220153
6.239391
5.980803
7.026379
6.762396
6.500000
6.132699
6.685058
5.990826
5.604463
4.272002
5.470832
5.724509
5.056679
5.322593
4.716991
4.104875
4.177320
3.640055
3.748333
3.201562
3.758989
3.488553
3.220248
3.889730
3.640055
3.505710
4.517743
4.539824
4.570558
4.609772
4.684015
4.539824
4.589118
4.657252
5.522681
4.301163
4.159327
3.911521
3.807887
4.743416
4.949747
5.375872
5.805170
6.236986
5.700877
5.604463
5.508176
5.412024
6.281720
6.184658
6.573431
5.990826
6.685058
6.132699
6.500000
6.239391
5.980803
5.724509
5.470832
4.272002
5.412024
4.648656
4.838388
5.028916
4.272002
4.716991
4.248529
4.695743
3.827532
4.272002
3.894868
3.623534
2.780288
2.640076
3.201562
3.312099
2.594224
3.244996
2.523886
2.500000
1.992486
1.769181
1.878829
1.780449
1.118034
2.469818
3.383785
4.393177
4.455334
3.535534
3.911521
4.301163
3.701351
3.178050
2.549510
2.121320
1.702939
1.303840
2.024846
2.121320
1.140175
1.140175
2.121320
1.303840
0.707107
2.220360
3.101612
1.835756
0.761577
1.118034
3.182766
3.920459
3.312099
1.711724
1.118034
1.140175
1.204159
1.303840
1.360147
2.549510
1.923538
1.303840
1.702939
1.303840
1.581139
1.208305
0.860233
1.392839
1.964688
1.581139
1.581139
1.140175
1.923538
2.701851
3.535534
3.190611
3.466987
2.969848
2.641969
1.581139
2.024846
1.140175
0.316228
1.140175
2.549510
1.941649
2.319483
2.707397
3.289377
3.640055
4.763402
5.586591
5.060632
3.780212
3.201562
3.551056
4.504442
4.570558
4.712749
4.924429
4.850773
5.096077
4.854894
5.131277
3.640055
2.863564
3.324154
2.529822
0.806226
1.000000
0.824621
2.126029
2.126029
1.442221
0.000000
2.154066
3.026549
2.561250
2.059126
2.236068
3.757659
3.560899
2.163331
2.884441
3.605551
6.135145
6.896376
5.400000
4.317407
3.605551
4.569464
4.681880
4.808326
3.984972
3.605551
1.649242
1.442221
2.163331
3.862642
6.000000
8.209750
8.590693
8.246211
6.356099
6.082763
6.209670
7.337575
8.475848
8.352245
8.544004
7.130919
5.727128
4.341659
3.847077
4.031129
1.824829
1.603122
1.403567
2.220360
4.031129
7.452516
9.716481
11.002727
9.321481
6.670832
4.492215
2.969848
2.102380
1.838478
2.121320
2.121320
1.581139
2.549510
2.915476
2.121320
2.549510
3.535534
4.527693
2.915476
1.581139
1.421267
3.373426
6.824954
8.319856
7.648529
10.358571
9.924717
5.630275
1.702939
3.535534
6.923150
7.184706
3.517101
0.424264
3.354102
6.053924
7.500000
6.859300
6.407027
4.272002
4.248529
4.780167
3.471311
3.201562
1.118034
2.024846
3.801316
4.301163
2.012461
1.581139
5.508176
8.570881
8.547514
6.537584
1.581139
1.500000
3.535534
3.640055
2.915476
2.500000
3.047950
2.900000
3.522783
3.360060
3.201562
4.393177
4.201190
4.701064
5.200961
5.147815
6.525335
7.349830
8.174350
8.036168
7.905694
8.200610
7.543209
7.864477
6.236986
5.590170
6.902898
7.310951
7.723341
7.102816
5.500000
5.557877
2.968164
1.486607
0.538516
0.500000
2.529822
5.333854
8.221922
8.139410
5.000000
5.215362
5.403702
3.687818
2.280351
2.828427
3.052868
2.505993
1.969772
2.433105
2.000000
1.897367
2.000000
2.529822
1.264911
1.000000
1.979899
1.969772
1.697056
0.848528
1.414214
1.131371
0.721110
0.721110
0.824621
0.000000
0.200000
1.077033
0.600000
1.200000
2.000000
3.605551
2.280351
0.632456
0.894427
0.000000
2.720294
2.720294
1.612452
2.000000
2.000000
6.013319
9.035486
10.071743
8.022468
4.000000
1.131371
1.523155
2.952965
3.046309
1.000000
5.124451
8.357033
8.918520
6.881860
3.535534
3.860052
6.935416
8.105554
6.300794
3.535534
4.318565
5.263079
6.020797
4.827007
3.640055
2.580698
5.923681
7.844743
6.649060
2.549510
0.854400
3.744329
5.173973
5.420332
4.272002
3.710795
3.966106
4.162932
3.573514
1.802776
1.565248
0.223607
0.806226
0.806226
1.500000
2.828427
6.360031
7.720104
5.920304
4.000000
4.687217
2.842534
2.954657
3.939543
4.609772
5.108816
4.924429
3.807887
2.692582
0.707107
0.943398
0.509902
1.552417
3.569314
2.692582
8.570881
11.562439
11.573245
8.509407
2.549510
8.315047
15.108276
15.907860
10.711676
4.527693
3.780212
3.140064
2.758623
3.891015
3.041381
9.865597
13.563554
13.318033
9.946356
3.500000
5.830952
13.154847
16.419501
13.705838
4.123106
3.023243
1.720465
3.668787
5.063596
2.549510
10.679419
14.849242
13.930183
8.348653
3.201562
10.438870
16.850223
17.410629
11.365298
3.640055
5.060632
8.178631
10.084146
9.198369
6.103278
12.200410
15.831930
15.570806
10.375452
4.716991
5.700877
12.500000
15.182226
11.884864
5.522681
6.760178
6.935416
6.935416
7.930952
7.106335
14.632156
19.289894
20.032474
14.983324
5.700877
3.264966
9.377633
13.097328
12.722421
6.519202
12.233152
13.164346
11.543396
8.006248
6.184658
11.921829
17.296531
19.051772
15.044268
6.800735
2.860070
3.488553
8.945390
10.923827
6.363961
13.640015
14.536162
11.482596
5.108816
1.802776
11.597414
16.194135
20.796634
18.553975
9.924717
8.232861
6.166036
9.209777
10.741508
8.514693
12.763228
13.685759
12.903488
10.977249
10.977249
15.901258
19.165072
20.220040
18.146625
10.965856
14.430870
12.808200
10.012492
9.080198
9.013878
14.305593
19.729420
17.528548
12.658989
8.558621
11.386395
16.620770
19.632881
16.871574
9.604686
7.580237
5.787055
8.386895
9.829039
7.516648
9.823441
10.511898
10.606602
10.124228
10.511898
18.070141
23.891840
24.502449
16.388411
6.500000
16.113659
23.728675
21.048753
12.800391
7.158911
9.617692
11.421471
12.841339
12.347064
7.778175
13.191285
14.722092
10.501905
7.032780
6.020797
6.074537
9.708244
7.854935
3.041381
5.700877
13.529967
19.512560
20.541178
16.609034
7.905694
9.360556
7.111962
3.765634
4.244997
3.807887
11.100450
11.703846
7.333485
0.905539
4.743416
12.954150
18.284967
19.511279
16.657131
10.404326
14.227087
13.277424
10.568349
7.655717
8.015610
14.668674
18.754466
16.362457
9.569221
6.500000
11.485643
16.010309
17.084496
15.045597
9.219544
14.624979
16.886681
15.550241
10.697663
6.020797
8.139410
14.534442
14.534442
8.902247
6.264982
5.768882
6.780118
7.932213
9.106591
7.211103
11.829624
14.176036
13.662357
10.632027
4.949747
3.863936
5.140039
7.360027
5.981639
3.354102
2.118962
1.004988
2.147091
4.805206
4.924429
12.397580
15.882380
16.434719
12.224974
6.041523
2.469818
7.596052
9.192388
7.300685
3.535534
2.758623
3.733631
5.048762
5.608921
5.024938
9.590099
12.252755
11.520851
8.852683
3.354102
2.641969
5.056679
7.156815
4.257934
2.549510
3.649658
5.742822
6.802941
5.900847
4.123106
7.025667
8.002500
6.053098
4.019950
1.414214
3.757659
4.947727
3.298485
0.565685
4.000000
7.017834
8.062258
7.158911
5.000000
3.905125
6.711930
9.415413
8.640023
6.296825
1.118034
1.300000
2.051828
2.968164
4.482187
5.408327
7.169379
8.845903
9.808160
9.902020
8.000000
9.035486
10.017984
10.007997
9.002222
7.000000
6.053098
6.029925
4.664762
4.386342
3.162278
3.106445
2.607681
2.109502
1.612452
2.061553
2.846050
2.729469
3.535534
4.177320
3.535534
5.879626
6.081118
6.382006
6.543699
6.103278
6.060528
6.824222
6.226556
6.158734
6.946222
7.324616
6.328507
6.711930
5.714018
5.315073
6.711930
6.500000
7.102816
6.902898
6.726812
7.291776
7.220111
5.859181
4.167733
3.905125
3.780212
4.313931
4.172529
4.036087
3.905125
4.341659
4.031129
3.324154
2.376973
2.692582
1.612452
0.921954
1.612452
1.500000
2.236068
3.668787
4.176123
3.733631
4.237924
4.743416
4.743416
4.743416
5.147815
4.301163
3.535534
3.301515
2.983287
2.024846
1.140175
1.581139
2.353720
3.140064
3.264966
3.679674
2.915476
2.102380
1.838478
2.404163
2.969848
2.121320
3.361547
2.915476
2.469818
2.983287
1.581139
2.102380
1.838478
1.838478
1.104536
1.581139
2.147091
1.984943
1.700000
2.580698
3.201562
4.802083
5.769749
4.973932
3.465545
2.915476
3.313608
3.101612
3.101612
2.996665
2.549510
2.817801
2.731300
2.657066
2.596151
2.549510
2.549510
2.549510
2.549510
2.549510
2.549510
2.334524
2.121320
1.910497
2.024846
2.692582
3.758989
4.401136
5.096077
3.705401
2.500000
1.802776
2.061553
2.061553
2.061553
1.118034
0.412311
0.854400
1.236932
1.081665
1.802776
1.802776
1.910497
2.247221
2.334524
2.500000
2.700000
2.900000
3.100000
2.507987
2.061553
NaN
NaN
NaN
NaN
