0.500000
0.781025
0.538516
0.538516
0.640312
0.500000
0.300000
0.900000
1.004988
1.044031
1.118034
0.500000
0.500000
0.500000
1.118034
1.118034
0.806226
1.360147
1.204159
0.223607
1.500000
1.972308
2.147091
1.486607
1.044031
0.500000
0.707107
1.204159
0.707107
0.500000
0.707107
0.141421
0.424264
0.989949
1.104536
1.581139
0.707107
0.316228
0.316228
0.948683
0.707107
0.538516
0.509902
0.781025
0.583095
0.500000
0.360555
0.412311
0.608276
0.360555
0.500000
1.204159
0.921954
0.670820
0.500000
0.500000
0.316228
0.223607
0.316228
0.806226
0.707107
0.316228
0.316228
0.316228
0.316228
0.707107
0.583095
0.509902
0.509902
0.583095
0.707107
0.721110
0.761577
0.824621
0.905539
0.000000
0.300000
0.400000
0.900000
0.200000
0.500000
0.141421
0.360555
0.761577
0.608276
0.707107
0.360555
0.141421
1.170470
1.334166
0.500000
0.921954
0.500000
0.921954
0.223607
0.500000
0.848528
0.360555
0.282843
0.412311
0.000000
0.921954
0.894427
0.806226
0.632456
0.500000
0.509902
0.538516
0.860233
0.781025
0.707107
0.500000
0.316228
0.223607
0.316228
0.500000
0.141421
1.063015
0.761577
1.081665
0.707107
0.500000
0.316228
0.223607
0.316228
0.500000
0.360555
0.608276
0.412311
0.360555
0.500000
0.360555
0.412311
0.608276
0.854400
0.500000
0.509902
0.943398
0.860233
0.781025
0.707107
0.860233
0.509902
0.509902
0.583095
0.707107
0.500000
0.707107
0.500000
0.707107
0.500000
0.412311
0.360555
0.360555
0.412311
0.500000
0.100000
0.300000
0.700000
0.100000
0.500000
0.824621
0.412311
0.721110
1.063015
1.414214
0.806226
0.632456
0.500000
1.264911
0.500000
0.538516
0.640312
0.781025
0.943398
1.118034
0.400000
1.044031
0.200000
0.100000
1.000000
1.077033
0.800000
0.200000
0.600000
0.000000
0.400000
1.019804
1.019804
1.077033
0.000000
0.447214
0.894427
1.341641
1.000000
1.000000
2.109502
2.607681
2.418677
1.264911
0.500000
2.549510
2.692582
3.178050
2.376973
1.581139
1.360147
1.702939
1.431782
1.923538
1.500000
2.549510
2.692582
3.420526
2.765863
1.581139
1.769181
2.831960
2.483948
2.140093
1.802776
2.325941
2.879236
3.448188
3.067572
3.201562
1.303840
2.109502
0.948683
0.806226
0.707107
0.223607
0.948683
0.670820
0.316228
1.118034
0.781025
1.513275
1.513275
1.615549
0.500000
1.280625
1.676305
1.077033
0.538516
1.000000
1.140175
1.264911
1.303840
1.414214
1.581139
2.280351
3.114482
4.669047
4.827007
5.830952
6.220129
6.660330
6.466065
6.280127
6.103278
6.262587
6.444377
7.387828
6.940461
6.041523
6.841053
7.218033
7.720104
7.463243
7.211103
7.134424
7.602631
6.640783
6.648308
5.700877
5.400000
5.323533
5.295281
4.130375
4.000000
3.700000
4.237924
3.848376
3.104835
2.692582
2.860070
2.523886
3.580503
3.244996
2.549510
2.483948
2.860070
1.878829
2.284732
1.802776
2.080865
2.360085
1.941649
1.526434
1.802776
2.220360
3.342155
3.220248
2.308679
2.500000
2.408319
2.334524
2.280351
2.247221
2.236068
0.721110
1.811077
1.442221
1.456022
1.414214
0.989949
1.456022
1.104536
0.824621
1.581139
0.761577
1.421267
1.421267
0.761577
0.707107
2.051828
2.817801
3.330165
2.580698
3.041381
3.420526
4.410215
5.300943
5.445181
5.700877
6.780118
7.083784
6.747592
7.072482
6.020797
5.954830
6.579514
7.234639
7.170077
5.700877
6.824222
5.742822
5.507268
5.331041
4.272002
4.275512
5.400926
4.617359
5.092151
4.000000
5.964059
4.204759
2.707397
3.939543
4.031129
5.879626
5.738467
6.303174
5.547071
5.590170
5.894065
5.292447
4.365776
5.393515
5.700877
3.889730
3.466987
3.342155
3.252691
4.031129
3.201562
2.765863
3.584690
3.138471
3.640055
1.811077
3.125700
3.452535
3.785499
4.123106
3.811824
3.622154
4.491102
3.206244
5.220153
3.832754
3.436568
5.197115
6.963476
3.201562
3.962323
4.522168
3.860052
4.964877
4.301163
7.186793
8.300602
9.902020
9.638465
7.632169
8.318654
9.489468
10.198039
10.480935
7.810250
7.951101
5.939697
6.824954
6.965630
6.363961
5.440588
4.701064
4.939636
4.527693
5.000000
4.788528
4.280187
4.622770
4.967897
5.315073
4.548626
5.080354
5.622277
6.171710
6.020797
6.280127
6.753518
7.440430
7.049113
6.403124
7.516648
7.224957
6.935416
6.648308
5.700877
6.931089
8.261961
8.072174
8.645230
8.602325
8.940358
9.138928
10.361950
9.363760
8.139410
8.962700
8.646965
7.692204
7.558439
5.590170
7.528612
6.676077
6.791171
5.943904
5.830952
5.793962
4.804165
3.623534
3.649658
4.031129
2.789265
2.563201
3.289377
4.016217
4.743416
5.215362
4.909175
5.603570
5.300943
6.000000
4.809366
4.638965
4.401136
5.261179
5.220153
4.837355
4.652956
4.404543
5.200961
5.099020
4.825971
4.707441
4.648656
5.295281
6.184658
6.152235
6.296825
6.453681
6.621933
5.852350
6.530697
6.815424
6.184658
6.484597
6.800735
6.896376
6.774216
6.873136
7.184010
7.280110
8.159657
8.736132
9.613532
9.585406
10.511898
11.627553
12.316655
13.423859
11.903781
10.440307
10.785639
12.406450
12.758135
9.616652
10.688779
9.313431
8.161495
9.244458
9.751410
10.606602
7.684400
6.074537
5.852350
7.382412
9.013878
8.723531
8.052950
7.382412
8.052950
9.192388
8.904493
9.069730
9.241753
8.850989
9.861541
9.042677
10.046392
9.269844
8.863972
8.077747
8.080842
8.309633
7.981228
7.762087
8.276473
9.718539
9.984989
8.102469
6.363961
5.590170
4.016217
4.045986
4.401136
4.767599
5.220153
6.403124
6.407027
6.708204
5.903389
6.082763
7.496666
8.910668
8.221922
6.648308
5.000000
4.386342
4.770744
4.237924
4.004997
4.123106
4.609772
5.099020
4.609772
4.123106
3.500000
4.341659
4.272002
3.981206
3.956008
3.640055
3.661967
3.330165
3.269557
2.865310
3.041381
2.193171
2.507987
2.879236
2.325941
2.061553
3.046309
4.687217
5.632051
5.685948
6.324555
5.323533
5.325411
4.802083
5.200000
5.700877
6.001666
5.565968
5.846366
5.442426
5.700877
7.940403
8.949860
10.220078
9.300538
8.381527
9.339165
9.588013
9.868131
8.886507
8.860023
8.500000
8.372574
8.200610
7.106335
7.017834
7.424284
7.831347
8.202439
7.600658
7.000000
7.623647
7.299315
7.840918
7.410803
7.000000
8.405355
7.823043
8.200610
8.602325
8.015610
8.700000
8.414868
9.154780
8.814193
8.500000
8.139410
7.723341
6.312686
5.953990
7.500000
7.605919
7.710383
7.800641
7.902531
7.017834
7.433034
7.800641
8.200610
8.605231
9.013878
8.188406
8.249242
8.452810
8.500000
8.558621
8.448077
8.338465
8.229824
8.122192
9.013878
7.516648
7.158911
7.648529
8.139410
8.631338
8.828363
8.041144
8.477028
8.668333
9.823441
9.352005
10.056838
10.195097
9.992998
9.823441
10.744766
11.458621
10.413933
10.358571
9.124144
10.606602
10.307764
13.583078
13.086252
12.747549
14.003571
14.286357
14.577380
12.965338
12.349089
13.408206
13.871554
13.054501
12.844454
11.067972
11.860017
11.964113
12.788276
11.690167
11.768602
11.772001
11.524756
11.279184
11.035398
8.860023
9.701546
9.390421
10.270346
10.159724
11.180340
10.307764
10.601887
10.929318
10.217632
10.547512
9.700515
9.972462
10.183320
10.307764
10.511898
9.304837
9.166242
8.945390
9.725225
10.511898
10.017984
9.525755
10.031949
9.542536
10.000000
9.000000
9.055385
9.055385
10.049876
10.000000
8.920202
7.891768
7.741447
7.610519
8.732125
8.338465
8.122192
8.908984
8.973851
9.013878
8.260751
8.956004
9.651943
9.353609
10.049876
11.301770
11.615507
11.982070
11.264102
10.500000
11.303982
11.116204
10.937093
10.767079
10.606602
11.136427
11.772001
11.321661
10.955364
10.606602
11.154371
11.720921
11.303982
10.900459
10.606602
11.884864
11.768602
11.672618
12.020815
12.175796
12.997307
12.568612
12.180722
12.301626
13.124405
12.781627
13.679547
13.218548
11.356496
11.543396
10.941663
11.292918
11.648176
12.303252
12.649111
11.933147
10.324728
9.899495
10.469002
11.401754
11.772001
11.887809
12.050726
12.258874
12.589678
11.442465
11.154371
10.989540
10.834205
11.543396
11.076552
10.817116
11.375852
11.936918
12.500000
13.538464
13.371986
12.791012
11.810588
10.920165
12.397580
13.170042
13.026895
12.886039
11.853270
10.748953
12.580143
13.094274
12.503599
14.577380
14.403125
14.996666
14.417004
13.903237
13.124405
14.268847
15.415901
14.805404
15.008331
12.529964
13.849549
13.944174
14.279006
12.952220
13.200379
11.957006
11.433722
11.132385
12.114867
12.816006
14.649232
15.532225
16.031220
15.901258
14.764823
16.995588
17.871765
18.233211
17.262677
16.770510
15.597756
15.408115
14.608559
15.208221
17.269916
16.417369
15.936436
15.728001
15.528361
16.286497
16.925720
18.176083
18.950462
19.103141
19.235384
20.723417
21.744884
21.678100
20.788458
20.408332
19.354069
18.558556
18.319934
19.281597
20.359273
19.453791
19.608672
20.220040
21.663333
22.209232
26.786004
28.951857
29.806207
27.955143
24.274472
22.847319
22.321514
22.561028
22.321514
24.186773
21.708293
21.095023
20.353132
21.061814
23.584953
24.420074
26.955704
26.860007
30.402138
30.207615
33.185087
33.800888
33.094561
30.634947
27.280946
26.248238
26.957930
26.353937
26.686513
27.390692
29.068884
28.810588
29.732137
28.911071
27.202941
26.250524
24.919069
23.315446
25.192062
22.005681
18.762729
19.360010
16.862977
18.024705
20.248457
17.530830
16.772597
16.412495
16.919811
18.848077
17.489711
15.741982
16.236071
16.281585
17.670597
18.357560
19.053871
18.830826
18.901058
16.155494
17.678518
17.678235
18.258423
16.972920
15.692355
16.992057
16.497576
16.259459
14.329341
13.124405
12.379418
12.901550
12.603571
12.306502
11.101802
11.036757
11.004090
10.024470
11.054863
12.257651
10.817116
10.358089
9.904040
9.455686
9.962429
10.151355
9.841240
10.956733
12.076837
12.816006
14.996666
15.882380
16.772000
15.932671
15.182226
16.580109
16.760072
16.226522
15.700318
13.946326
15.057224
14.932515
14.808106
14.684005
14.560220
14.395138
14.313630
14.400694
13.495184
11.597414
12.280065
12.903488
12.657014
13.345411
13.152946
13.026895
13.520355
13.209845
12.899612
13.583078
11.742657
10.012992
10.296116
9.630161
11.672618
9.437161
9.202717
8.668333
9.392018
10.793517
8.516455
8.174350
7.833901
8.728115
9.340771
9.843272
10.030454
10.602358
9.470480
10.062306
9.889894
10.153325
9.082401
8.900000
9.656604
10.440307
10.288343
11.072488
10.375452
9.486833
9.953894
10.065784
10.184302
9.363760
8.544004
10.278619
11.072488
10.911004
9.808160
9.656604
10.220078
10.846658
11.526057
11.253888
10.111874
11.162885
12.218429
12.119818
12.182364
11.280514
11.214722
10.223991
10.331021
10.572133
10.920165
10.963576
11.011358
11.063453
11.360018
11.401754
12.364870
12.081391
12.466355
11.208925
10.920165
11.205802
10.785639
10.417773
9.217917
10.735455
8.683317
8.417244
8.590693
9.330059
10.440307
9.714422
9.037699
8.895504
10.065784
11.236103
10.840664
10.960383
10.567876
10.196568
11.180340
11.684605
10.840664
10.870603
10.912378
11.543396
11.162885
10.783784
10.406248
9.100000
9.656604
9.037699
9.347192
9.660228
9.546203
10.770330
10.278619
10.119289
10.911004
10.751744
10.594810
10.604244
10.623088
10.278619
10.288343
9.013878
9.424436
9.835141
10.245975
9.411164
8.860023
9.534149
10.454664
10.163661
9.884331
8.860023
9.676776
10.500476
11.016351
10.878419
10.770330
10.911004
11.401754
11.543396
11.108555
10.735455
11.463420
12.621014
12.879829
12.704724
11.629703
12.277215
11.098198
11.754574
12.431010
13.124405
13.004999
13.159407
13.318033
13.679547
14.080128
13.160547
13.200379
12.280065
12.322743
11.704700
11.448144
11.208925
10.988175
11.771151
12.747549
12.317873
12.050726
11.652038
12.368508
13.086252
12.899612
12.619429
12.425780
13.230646
13.000000
12.070211
11.115755
11.162885
12.059851
13.009612
12.841339
12.611503
13.612494
12.971122
13.509256
13.793114
14.046352
14.340502
14.159802
13.086252
13.781872
14.477914
14.179563
13.881282
12.589678
14.641380
14.797973
14.856985
14.029255
13.238202
14.467895
14.856985
14.250614
13.644413
13.152946
12.856516
12.440257
12.264175
11.968291
11.672618
11.869709
12.066897
11.498261
11.691450
11.884864
11.910080
12.184006
12.200410
12.491997
12.500000
11.936918
11.670904
11.463420
12.210242
13.462912
12.969194
12.076837
12.074767
12.539936
12.529964
12.394354
12.738917
13.541787
13.413426
14.577380
14.892951
13.917615
14.233763
13.612494
13.928388
14.900000
14.616429
15.908803
16.593975
16.378339
16.112418
16.567740
16.058954
16.516961
16.770510
16.227446
16.690416
16.904733
16.153328
16.194135
16.378339
16.378339
16.378339
16.378339
16.194135
16.359095
16.532695
15.741029
15.708915
15.890249
15.815183
14.552663
14.473424
14.395138
14.317821
14.675830
14.829700
15.179592
15.533190
14.916434
15.179592
14.675830
15.158496
14.684005
13.285330
13.572398
14.168274
13.823531
14.431216
14.115594
13.376472
12.998846
12.624183
12.559060
12.539936
12.763228
12.619429
12.841339
13.433168
13.656500
14.561937
14.173920
14.150972
14.131525
13.200379
13.167384
13.519246
13.871554
13.882723
14.230249
13.835100
14.392359
14.956270
15.134728
15.041609
13.727709
13.640015
13.908630
13.507405
13.124405
12.969194
12.816006
12.969194
13.756816
15.524175
14.549914
13.296616
12.332883
13.281566
13.729530
13.237069
12.906587
12.592855
13.267253
13.729530
13.846299
14.797973
14.909058
15.020652
14.142136
13.290974
14.007141
13.944533
13.885244
13.829317
13.606616
12.728315
12.675173
12.809762
13.729530
14.057738
14.552663
15.065855
14.395138
12.747549
13.096946
12.248265
12.205327
12.513193
13.124405
12.617845
12.809762
12.300000
12.767537
13.462912
14.115594
15.028307
14.712240
14.396180
12.854960
13.901439
13.727709
13.559130
13.395895
13.462912
13.727709
13.793114
15.061540
14.534442
14.080128
16.016242
16.035274
16.064869
15.171355
13.928388
15.301307
16.319314
16.412495
15.558920
13.756816
12.090492
12.303252
12.869343
12.567020
13.656500
14.484820
14.392359
14.300000
15.134728
14.115594
14.052758
13.593013
14.447145
15.301307
14.866069
16.570456
20.192078
23.841560
27.507817
31.184932
33.264095
35.362409
38.466869
40.729596
42.854405
40.717195
39.545670
37.504800
35.506901
33.559648
28.945639
24.397746
19.961212
18.564752
20.081086
19.176027
18.572291
17.705366
17.098830
17.464249
17.258621
17.065755
15.771493
17.713272
15.572412
16.984993
18.162048
17.578680
17.875682
16.194135
16.703592
17.213076
17.722584
17.245579
15.787653
19.516403
19.136614
18.926437
17.756407
18.821530
20.938959
20.852098
20.769208
17.154883
16.124515
15.283979
14.449913
13.623509
14.007141
15.297059
13.417153
12.517188
11.618089
11.692733
12.589678
12.515990
12.445883
13.366002
13.300376
12.093387
13.861097
14.641380
14.428098
13.309019
12.093387
13.671869
14.259383
13.852076
13.563554
12.369317
13.793114
13.453624
14.101418
13.579396
14.080128
14.797973
14.524806
14.255525
14.977650
14.577380
14.418391
14.123031
15.013660
15.502903
16.194135
16.260689
16.567740
16.676031
16.516961
16.378339
15.651837
16.129786
19.799495
17.173526
19.300259
16.854970
14.108862
13.572398
15.242703
16.620770
16.351453
16.097515
15.528361
15.542522
16.194135
15.641611
15.096026
14.558159
15.119854
15.700318
15.641611
14.599315
14.681281
13.633048
11.768602
16.604819
15.394155
15.306208
16.211724
14.142136
15.556349
15.861904
15.283979
15.703503
15.033296
16.022796
16.748731
16.497576
16.046183
12.854960
13.572398
14.989663
14.480677
14.731259
16.070159
14.046352
12.940247
14.481022
13.380957
13.946326
13.767353
14.052046
14.108862
14.503103
16.140012
16.153328
15.219067
15.478049
16.522106
16.770510
15.190787
14.611297
14.171803
14.588009
16.124515
15.538983
16.001250
16.502727
17.057550
16.568042
16.311039
16.115210
16.918924
16.724234
16.530275
16.410972
17.301156
17.218595
17.104678
16.031220
15.100331
15.221038
15.316005
14.412495
11.510864
15.121177
15.738488
16.360012
15.990622
13.647344
16.211724
18.786431
19.374726
18.967604
17.564168
18.376343
19.714462
18.461040
18.020544
19.319679
14.236924
17.944637
18.406792
18.206867
13.462912
11.910500
12.557468
13.694524
15.119854
24.135037
13.970326
13.303383
20.859770
21.927608
24.459150
22.279363
12.725172
6.303174
4.119466
18.607794
23.406196
29.980827
36.623080
30.074075
23.436083
48.876170
47.438065
53.623875
59.814129
66.000000
68.479559
71.106962
73.866434
76.743729
79.726094
78.366128
77.325610
76.617557
76.251229
77.092477
74.313525
71.985068
70.151978
68.098825
67.308989
61.621181
56.417905
52.853855
48.916459
45.620719
42.154003
39.021661
36.529988
33.870489
34.000000
31.009837
28.862432
28.193794
26.072207
26.100766
25.514898
26.527156
27.134664
28.280912
30.516389
30.513276
30.774827
31.735469
32.348261
31.662280
23.083544
22.264321
20.929644
21.421951
22.808989
21.518829
21.561308
22.053118
22.552383
23.505319
23.046475
22.975204
22.905458
22.269710
22.594247
23.119256
21.828880
21.828880
22.192341
22.594247
22.624102
23.420077
22.931419
21.856349
20.814658
20.012496
20.534118
20.171762
20.259566
20.359273
20.439423
20.094278
19.761832
19.100262
18.821530
18.869287
18.964440
18.298907
18.613167
17.951323
18.808775
19.383756
19.212756
16.744253
15.402922
16.227446
16.351453
21.660332
24.181191
29.954132
31.573565
34.914324
38.231008
41.877082
45.773901
45.935281
48.075462
50.124345
53.481305
58.234440
58.501709
59.355286
48.800102
48.127435
48.438105
67.861992
66.683206
69.014853
70.918615
73.506802
72.587671
72.668631
73.403883
74.476641
76.591449
76.437687
76.646787
77.215801
78.136867
79.397733
77.868928
76.440042
75.116776
73.904804
72.809683
70.129594
67.455837
65.270514
61.725278
59.059292
54.141481
50.113870
45.251519
40.440079
36.311155
31.466967
28.540848
26.760605
16.601807
16.347783
16.096273
17.776670
14.771933
17.207266
24.824383
53.415822
48.978056
53.690316
59.474785
62.098712
64.081511
67.603328
71.235946
74.104588
76.941536
78.847004
80.329322
80.948440
81.595343
82.269375
81.260384
80.261136
80.208790
81.454589
81.432487
81.368114
81.329761
80.356269
78.435770
77.493548
74.827335
72.196745
70.778316
69.372401
67.979776
64.378646
60.779026
58.169494
54.574811
51.129737
47.298414
44.454584
40.623392
36.968771
33.143627
29.861346
24.684003
21.196698
23.377339
23.547824
23.186418
23.831492
23.385679
23.036059
22.699119
23.005434
23.161390
23.320592
23.482973
22.677081
23.356798
24.286004
23.997083
23.708437
22.192341
22.806359
23.152106
22.547062
21.949487
21.708293
20.112185
19.535864
19.227584
20.220040
20.988092
18.634377
17.083911
17.853851
18.469976
19.026298
17.628386
17.315889
16.918629
18.642961
19.235384
19.635173
19.067249
19.520758
19.126944
19.039433
19.200260
19.382982
19.749684
20.122127
19.780040
21.359073
22.038376
22.065584
22.100000
21.289669
20.294088
20.436487
21.569655
21.717504
21.868928
21.684326
21.672333
21.901826
21.936499
22.677081
23.714342
24.226638
24.358366
25.035375
24.520400
25.079872
26.386550
26.832816
26.856098
25.298221
26.446172
27.294688
27.741665
26.866336
26.000000
28.363533
28.999310
29.158361
28.890137
28.182441
39.654760
48.931074
58.450834
68.156071
76.879776
78.440614
80.149984
81.998598
83.977259
87.001437
83.100000
79.337822
75.735659
73.415325
70.301138
64.992076
59.814129
54.839128
51.331959
51.324945
53.400094
52.696584
54.877409
52.867476
53.106026
52.277911
54.567115
55.302984
51.694584
49.623583
58.604607
58.258905
58.597782
56.147128
55.158861
56.375970
57.564746
58.760956
59.256223
57.630287
59.122415
59.191976
59.298735
58.690800
58.843011
59.538307
60.122708
61.586443
59.345261
60.210049
58.589846
57.780014
58.616806
90.310409
61.002049
82.404005
84.363084
89.407941
92.136692
85.067620
70.235319
71.257982
71.877674
61.358781
57.489129
56.035078
52.097217
52.584884
51.147629
48.931074
46.217096
38.708268
37.064538
34.516228
33.533565
38.927882
40.880558
38.450228
36.772000
35.106979
36.349553
34.725495
35.011570
35.297875
35.584407
39.319334
43.105568
46.930694
50.785923
54.664888
60.330589
64.882740
70.566423
75.155372
79.765281
84.358580
88.037378
92.718553
96.312097
99.906206
100.540390
103.166516
105.792864
106.429178
108.061325
108.024627
106.997804
106.968594
107.072732
108.189648
105.889801
103.449505
102.397510
99.254219
95.923146
92.059546
89.528152
82.029507
76.759429
73.736016
69.292496
64.955369
61.178836
57.447367
54.279370
47.417824
43.401037
49.051504
44.809039
43.809246
42.860005
44.910689
41.216744
43.583598
37.503333
36.249276
36.226234
35.570915
35.651928
33.589433
34.571954
58.475037
36.804619
37.610770
45.524719
47.103397
29.509659
32.102492
51.785905
51.732485
52.616062
55.007727
58.423026
79.421974
71.338980
74.566615
79.097219
83.646996
87.942765
91.566915
94.540415
97.530816
101.512610
105.721994
102.470728
107.323530
109.236487
110.168326
113.244382
118.467295
122.602488
124.203784
124.615930
126.222106
127.832899
126.676951
122.869239
123.956646
123.866259
123.516193
121.526664
119.610075
117.407708
115.623224
113.517620
110.222911
107.020605
103.441819
101.287166
100.071225
97.599641
95.291185
92.538695
89.909343
88.827079
86.840083
84.939096
83.130019
82.064913
81.055537
79.211678
77.993333
76.155171
75.726085
74.506711
75.403249
74.104318
72.200069
72.747852
72.292807
71.788578
71.306732
70.847724
73.611480
73.109507
74.900267
75.990789
77.146938
78.365809
79.726094
83.984880
86.080718
88.317269
90.424609
92.382358
93.638934
96.656609
100.594483
105.643268
107.862181
161.516625
148.296089
105.387760
108.901653
116.509656
119.202055
130.916844
134.603009
130.504329
133.271340
154.797416
124.355177
108.765620
117.029441
106.023582
95.816335
94.006808
92.787553
92.911356
92.229334
87.804613
104.355402
67.001866
96.959012
59.927039
86.709861
138.299855
191.766525
120.300665
180.188790
109.702735
87.066411
84.241379
83.238453
79.191224
77.300000
76.139412
73.050736
71.214395
69.110419
66.581153
65.305819
62.816001
59.719762
58.354520
58.029820
57.301745
55.860004
54.479446
52.311567
54.163549
56.230419
58.069011
60.394867
62.138957
66.632500
70.428758
73.443924
77.422800
81.481593
85.073439
89.226734
92.497622
95.802349
98.515227
100.946322
101.822836
103.309438
104.796040
106.625513
106.368604
106.460885
107.492883
107.594981
107.703296
107.578158
105.231364
100.972967
100.477659
97.275382
93.547100
91.204934
88.047374
84.965052
82.791908
77.945430
74.274222
70.669725
68.052480
65.682951
63.378230
60.592491
59.561733
58.595648
58.523500
58.124866
58.082700
57.554322
58.364373
58.279499
58.887860
58.808333
59.568616
59.341217
60.104076
59.029823
58.945568
59.019319
57.951877
57.070132
57.094746
58.186253
58.407962
59.089424
59.154459
60.160618
62.413540
63.564927
64.952675
65.897648
69.226657
72.205401
75.348324
78.083161
80.723293
83.613456
86.010988
89.330230
91.827066
93.921510
95.707889
98.444147
100.319490
103.538640
105.475116
105.748428
106.982802
108.577023
109.857544
111.167666
112.753936
113.386287
114.973258
115.605579
115.945030
116.377360
116.811001
117.245938
118.340568
117.818717
116.946569
115.462765
115.572055
115.688591
116.165830
113.447124
111.719739
110.959677
111.143601
111.808989
109.754134
108.246617
106.837868
104.981760
103.755723
100.564208
97.265050
94.237148
96.475956
94.921020
90.034938
86.710784
86.972467
85.947891
85.663586
83.202163
81.644657
80.224684
79.455963
79.649231
78.497452
78.710863
76.698435
75.179785
73.730930
72.823348
70.607436
68.394152
66.183759
63.158531
63.017537
63.181010
63.075272
63.166130
62.699681
67.193154
71.480976
75.587565
80.694300
79.158070
93.702615
103.239140
89.048414
91.156349
93.693650
95.927577
98.163639
100.401693
107.253438
108.924286
112.925152
110.666436
116.490386
114.192557
121.372361
117.062590
120.767752
127.925955
131.414040
127.641098
131.741034
131.797003
135.800221
138.977876
145.754931
141.501095
144.516919
141.508445
143.297802
139.846344
138.737774
130.414263
123.494656
122.447213
116.323901
109.066814
102.115278
96.324088
87.064172
82.074661
74.250724
66.205211
57.085287
45.380282
48.931074
45.166802
1.552417
3.944617
4.060788
5.000000
4.909175
4.000000
3.911521
3.847077
2.915476
5.215362
1.303840
5.403702
1.140175
5.656854
0.943398
4.534314
0.781025
5.200000
3.354102
5.408327
5.239275
8.200610
7.605919
8.732125
9.729337
11.022250
11.503912
12.033703
12.747549
13.197348
13.805072
12.325989
10.937093
9.708244
11.363538
11.548593
10.410091
9.885848
7.632169
9.800510
9.841240
7.851751
7.406079
5.590170
5.456189
7.150524
8.421995
6.161980
5.408327
6.670832
7.433034
7.409453
13.260845
12.980755
14.081193
15.140013
13.824616
16.786304
13.928388
15.885843
14.340153
14.122323
14.709181
15.524175
14.699660
12.912010
13.050670
12.525175
13.601471
12.944883
12.902713
13.203409
13.157507
14.080128
12.608727
12.687395
11.833005
11.921829
13.285330
12.631706
12.535549
12.815615
13.662357
13.601471
13.756816
13.000000
12.816006
13.000000
13.756816
13.832209
13.250283
13.340540
12.748725
12.854960
12.954150
12.809762
12.903100
12.767537
12.854960
12.808200
12.491997
13.132022
12.816006
12.816006
13.124405
13.462912
13.124405
13.756816
13.124405
14.325153
15.234500
15.208221
14.464093
13.462912
14.233763
14.725828
14.546477
15.028307
14.560220
16.130716
16.456002
14.866069
14.560220
13.928388
13.978555
14.042792
13.160547
13.535139
13.601471
13.535878
13.471451
13.121738
13.050670
13.946326
13.692699
14.108862
13.572398
13.997857
14.705441
13.852076
13.333042
13.413426
13.502963
13.601471
13.050670
13.736084
13.471451
14.167569
14.560220
14.904026
14.294055
13.695620
14.045640
13.124405
12.902713
12.687395
12.478782
13.203409
12.649111
13.029198
13.410444
13.792752
13.219682
13.601471
13.635615
13.346160
13.060245
12.778106
12.816006
13.345411
12.940247
12.841339
12.427791
12.980755
12.857683
13.029965
12.902713
12.775758
11.704700
11.764353
12.149074
12.206556
12.593649
12.649111
12.301626
13.225732
12.875170
12.525175
11.236103
10.916501
11.538197
10.822661
11.016805
11.236103
11.859595
12.491997
13.132022
13.778607
13.462912
14.189080
13.948835
13.956002
13.708756
13.462912
12.300000
12.345445
12.393950
12.445481
12.500000
12.975747
12.495199
13.218548
12.998846
12.500000
12.617845
12.445481
12.557468
14.156624
15.074813
14.750254
15.294770
15.163443
15.670673
14.705441
15.339492
14.698639
14.956604
15.226621
14.577380
13.905754
14.317123
14.721753
15.100331
15.532225
14.100355
13.701460
14.317123
13.905754
15.572412
14.060228
13.544741
14.028899
14.516887
15.008331
15.526107
15.056228
14.516887
14.043148
14.577380
15.731815
15.970598
16.131026
15.308168
15.500000
15.147607
15.762297
15.383433
14.179210
12.658989
13.710215
14.412841
14.301399
15.111916
15.008331
14.903020
14.800338
14.727525
14.616771
14.577380
14.676853
14.776332
14.875819
14.975313
15.074813
15.880806
15.692355
15.504838
15.318290
15.132746
15.318290
15.504838
15.692355
16.012495
16.194135
15.223666
15.241063
15.107614
15.119854
15.132746
14.412841
14.687410
14.105673
14.369412
14.637281
14.415617
14.024621
14.611297
14.220056
14.807093
15.388307
16.001562
15.754364
16.378339
16.124515
15.990622
14.866069
14.741099
14.710540
15.700318
14.369412
14.029255
14.687410
14.483784
15.297059
15.047259
13.974262
13.891724
14.795945
14.713939
14.156624
13.606616
14.187671
14.787157
15.206906
14.870777
15.146287
14.787157
15.241063
14.577380
15.344380
16.127616
15.768640
15.572412
14.221463
15.160475
16.112418
16.079801
16.164467
16.124515
16.560495
17.000000
16.457521
15.924823
15.402922
15.546704
15.970285
16.807736
15.989059
16.140012
16.058954
15.305555
16.168179
17.330320
16.286497
15.495161
15.654073
15.814550
15.976545
16.140012
15.673226
15.495161
15.976545
16.471187
16.977927
16.155494
15.344380
15.498387
16.608733
17.464249
16.201543
15.911002
15.620819
15.621780
16.286497
14.972308
13.947401
13.882723
14.770579
15.402922
14.709181
14.236924
13.792752
14.043148
13.341664
15.163443
16.009997
16.857343
16.735591
16.378339
17.121040
16.886977
16.654429
16.423459
15.206906
16.263456
17.327723
17.404023
16.620770
15.890249
15.853391
17.147011
16.308587
16.630695
15.041609
15.015326
15.273834
15.242703
15.212166
14.230249
13.871554
14.469969
13.761541
13.986422
15.182226
14.770579
14.358969
13.947401
14.492067
15.041609
13.462912
13.124405
13.462912
13.829317
15.206906
14.480677
14.533066
14.588009
14.383671
16.194135
14.932515
15.164762
14.738385
14.674127
15.700318
15.847397
15.068510
15.983116
15.733404
15.890249
15.554099
15.219067
14.885228
14.552663
15.206906
14.212670
14.968300
15.728954
14.534442
13.601471
15.839823
17.441330
18.146625
16.858232
15.890249
15.264338
15.953056
15.754364
15.443445
15.000000
15.500000
16.031220
16.530275
16.000000
15.500000
15.501290
15.505160
14.512408
14.611297
13.647344
13.408206
13.174597
13.069813
12.826925
13.583078
13.179530
13.612494
13.072873
13.509256
14.916434
13.473678
13.109539
12.909686
13.097328
13.729530
13.945967
14.610270
15.277762
14.722092
15.206906
16.977927
17.585505
18.200275
17.356555
16.620770
17.514565
17.415223
18.309560
18.127603
17.029386
17.701130
18.453184
18.170581
16.819037
16.620770
14.516887
13.505925
12.500400
13.553228
14.916434
12.630123
11.531695
11.648176
12.490797
15.297059
14.021769
13.595588
11.987076
12.757743
12.539936
10.670520
11.835962
11.812705
10.621205
10.511898
10.670520
10.056838
9.270383
8.547514
6.964194
7.749194
9.364828
9.394147
9.257429
8.381527
10.447966
10.811568
11.200000
10.705606
11.180340
12.614278
13.201515
12.824976
11.485643
9.219544
11.157061
12.865458
15.057224
10.690182
12.083046
14.179210
15.601282
16.620770
17.464249
15.206906
16.346559
16.133506
15.814234
16.260689
16.710775
15.246311
13.640015
12.523977
12.371338
10.965856
10.621205
10.558883
10.241582
10.383159
9.708244
8.850989
8.544589
7.500667
10.182829
11.510864
9.347192
7.333485
7.233948
6.198387
5.590170
6.711930
8.188406
9.831073
11.672618
11.884864
11.718362
11.141364
11.094143
10.543719
10.000000
10.653169
10.495713
10.344564
11.092340
5.590170
6.171710
7.029225
6.481512
5.940539
6.020797
7.158911
8.052950
8.947067
8.127115
8.200610
7.742093
8.149233
7.736924
7.803204
7.905694
7.392564
7.854935
7.839005
7.463243
6.726812
6.896376
6.847627
7.323933
7.267049
7.071068
6.438167
5.882176
6.053924
5.966574
6.726812
7.262231
7.029225
7.580237
10.290287
10.124228
8.792042
7.355270
8.203658
8.420214
9.617692
8.127115
7.543209
7.003571
7.409453
8.500000
7.702597
6.720863
6.735726
6.762396
8.200610
7.017834
6.606815
6.200806
24.200207
44.206900
51.211815
57.126614
63.388090
66.723684
70.698303
72.640553
75.863364
78.484712
89.810077
94.859106
108.621637
88.218422
94.939665
95.999010
97.090164
95.549359
94.019253
92.500378
92.430406
91.923882
88.405260
83.996190
80.620159
77.325546
74.526841
74.849315
100.532234
84.684001
80.110986
49.239212
49.174180
48.312524
47.401477
45.957589
44.300113
90.378095
38.524018
34.643903
35.973601
36.400549
14.239382
72.967390
79.300946
53.832704
55.145263
35.341194
30.528675
32.756679
31.764760
43.278170
44.320763
44.932394
46.632285
49.021220
50.231962
53.867708
57.591406
61.387051
64.272311
68.170742
74.678310
79.020567
81.410380
84.781189
86.193097
90.292414
94.393485
97.331804
101.438504
110.819673
115.372180
106.963358
109.362974
113.915056
121.599753
124.613402
125.475496
126.338039
126.423495
126.524701
124.116437
122.228720
120.577817
119.158466
118.723418
114.930588
112.116056
109.312213
106.519904
104.694795
101.872911
99.052309
95.281740
88.354060
84.594622
82.606537
78.737602
82.410922
78.534642
74.330344
70.331287
66.339732
61.062345
61.753057
57.760280
57.280014
53.295872
50.600395
48.857446
46.173586
44.826443
44.730750
43.679400
42.336273
41.003049
42.129443
43.271353
44.427582
44.617149
44.813502
46.986062
48.187239
50.537214
51.900771
52.280493
54.488531
55.717591
57.744264
58.973299
58.249464
59.493277
60.742078
61.770948
61.073726
61.361633
61.410830
62.429240
61.798139
62.441092
65.247605
71.362315
75.172934
75.129355
74.300269
74.541935
72.770392
71.958460
70.118257
66.339882
64.531000
60.911822
59.301349
58.701363
58.100344
57.500000
57.312564
56.117466
55.903220
55.705745
55.509008
54.729608
53.962672
53.208740
51.471643
51.655106
52.659852
52.667732
52.675801
51.612111
51.560644
51.942468
52.327622
52.750166
53.133982
53.521024
53.137651
51.721756
51.338972
50.961358
49.540388
47.950495
46.362161
45.728000
43.107424
41.500000
47.520627
46.506881
46.515481
45.503956
43.511493
45.513295
46.515481
46.518168
45.521533
43.525854
46.152465
47.788074
49.431265
50.084928
50.746921
53.595615
55.479816
57.565702
61.482437
65.408333
68.357297
72.300277
75.289309
78.296679
81.043198
83.465202
86.858275
89.307111
91.769494
94.578010
91.049108
78.931363
77.288162
75.958146
73.691926
67.884092
63.265314
60.557824
56.395922
53.640004
49.540690
52.971407
49.320584
50.812695
48.259714
51.407587
49.763038
46.124397
50.438477
47.712682
47.061237
46.505269
45.035986
44.594394
42.190046
44.653555
45.214599
45.684352
45.160159
44.637428
46.091322
46.556847
45.080927
45.605482
40.376354
45.132029
50.212050
53.524761
52.404675
43.502873
43.722420
50.120854
55.964721
54.736642
59.801756
62.778101
78.546865
83.695938
85.997035
85.605198
84.841558
86.601443
90.014499
88.238824
92.050258
86.304693
77.839900
70.359790
64.108112
56.890245
50.473062
42.900117
37.870437
38.431497
36.500000
31.151565
44.887972
18.411410
18.334939
17.677670
20.057168
20.195544
20.523401
20.821623
20.862646
19.549425
20.173497
17.516278
18.738463
16.507574
19.961212
15.700318
20.066141
15.572412
16.224981
16.282506
22.823891
20.723899
23.642546
24.698178
35.007571
36.871669
39.796608
43.971354
45.400991
44.557603
47.480206
49.477470
51.524072
53.614364
54.657204
55.756076
56.819803
57.919427
58.002155
58.312349
57.607031
57.903109
59.214272
59.533604
60.056307
60.584569
61.118246
62.654689
70.114193
72.299931
74.445416
76.612793
88.989213
92.439169
93.003441
92.067149
108.189463
128.629857
133.929086
131.524066
129.134504
127.715387
126.307086
124.909968
120.564091
116.850760
112.561539
108.700046
104.529900
100.846467
97.188168
94.902529
91.311883
87.385640
141.777043
139.808333
138.320534
137.579541
134.053161
129.057545
126.523713
126.234108
119.716540
121.281697
121.703944
121.444843
122.078049
118.964070
118.242336
117.043453
116.134104
64.900924
65.118123
51.480579
35.860006
64.738010
53.902319
88.201417
105.368401
122.943117
130.125862
122.365395
167.881685
140.396759
139.997893
126.636053
133.085273
138.757378
142.007922
142.326385
142.418573
142.741725
143.827848
143.951381
143.559604
141.988169
140.420226
139.838335
136.312142
132.597323
140.577381
148.433992
174.131559
188.534480
212.407250
209.725082
206.282234
173.017600
204.364870
198.508690
197.042635
194.817094
160.744518
191.944002
191.133932
192.639612
193.330856
193.657894
195.403429
197.287937
199.208484
199.865880
202.797880
203.214788
207.986250
210.206018
212.431448
213.370406
215.244048
215.351271
216.800092
218.298717
220.758058
216.130169
214.609995
222.983968
226.535759
228.806578
230.272122
230.049125
229.352676
229.216492
228.293342
228.827446
229.928532
231.094180
232.323417
233.615239
234.192762
235.387447
238.058921
239.385568
241.458589
243.619067
242.193992
240.772860
240.063262
240.067345
237.962707
234.057514
230.163268
226.994009
223.128595
219.965906
214.500466
209.108584
204.446203
199.840436
195.295289
192.300416
187.844750
184.329732
181.502755
179.307696
177.791704
177.294134
176.068197
175.407212
173.127843
174.171324
176.195488
176.404790
177.929340
179.148681
181.372131
184.543355
186.774329
190.891199
192.788096
195.378223
197.057986
198.768332
198.825677
200.193032
199.677765
199.191089
198.320170
197.460401
196.189322
193.428953
190.246393
187.064267
183.882598
180.701411
176.067260
172.344771
167.310251
163.214828
158.230844
155.206314
149.608155
146.629465
143.334574
141.039002
139.172016
137.306227
135.441685
133.578441
131.393493
132.614215
134.079715
136.222502
138.188748
138.658754
139.963567
142.302670
145.134420
147.016496
150.748134
155.474242
160.555162
165.099849
170.681692
177.867929
179.270633
179.846156
182.112163
183.550429
185.827877
179.780588
174.156941
169.736089
167.179425
162.322210
157.244428
153.752854
149.911607
148.129200
147.889317
151.473595
155.949511
161.086467
166.565453
171.511661
178.112380
184.713102
190.313899
195.929503
205.602772
211.737219
217.089152
222.642426
230.359068
237.247234
240.522036
236.940182
236.628929
242.332519
240.768042
239.136488
237.753002
235.279281
235.676494
235.356113
230.405946
224.973110
219.038125
211.734031
204.954873
199.348765
191.753018
192.096772
188.319356
182.664310
201.268974
202.335489
186.483779
187.058413
189.169236
194.047649
198.000909
202.010916
207.081240
213.211749
217.996927
222.814026
226.704962
232.690803
236.779433
239.803336
241.948466
250.285757
253.795075
253.671047
251.170241
251.126183
251.130265
251.386237
251.893331
252.276119
252.545857
253.001502
252.252830
253.124475
251.282411
249.564821
248.329318
247.167959
246.396530
242.436466
238.857300
233.237133
228.500088
223.304725
215.553334
209.130007
201.433761
193.828378
186.324985
180.015360
173.806559
167.709779
160.483893
128.207839
129.155914
129.675942
129.220935
76.180378
108.333974
111.646809
112.378334
111.454430
108.617724
104.514353
103.483815
101.452698
99.408752
99.609487
104.969043
109.603832
111.359328
117.355017
124.279121
130.245921
133.309602
136.684308
139.434752
143.544418
148.789281
151.925014
156.358211
161.588026
168.243306
174.416886
176.329805
178.583454
181.721215
186.048515
190.688227
191.069438
190.778196
191.275116
191.941345
192.712869
189.962444
187.266041
185.285105
178.376932
137.124943
126.841515
121.149206
117.690824
138.415931
98.271308
72.476548
95.048672
72.564799
49.645241
75.559579
80.578409
85.726134
85.120620
85.525026
87.143560
86.342226
86.611316
90.359394
88.218365
92.219846
90.812389
95.677897
93.433452
97.504564
96.157423
101.159132
98.428299
103.670295
103.701350
109.982953
106.746991
111.633015
110.550803
116.561443
121.494856
122.032332
122.400000
131.161008
145.803429
106.800047
122.806026
105.549657
91.248452
63.434770
89.157165
86.003721
91.580347
91.615283
91.895811
93.557469
105.824997
136.503919
146.018389
145.668391
147.432188
155.907986
158.866139
159.489498
160.291765
159.500784
158.884266
160.001062
160.460244
161.026271
160.870289
157.054163
154.033405
152.671838
151.594888
150.808654
144.972618
139.536698
135.646378
130.887776
128.407554
123.993951
118.922244
112.260857
108.473499
105.936302
102.900826
97.085632
92.533345
86.163681
82.197932
77.010649
71.516851
65.663993
61.983385
54.203321
21.574522
35.327610
57.909757
97.000825
59.552498
96.814927
98.819128
99.452350
89.845312
96.701861
85.175172
84.123065
82.084651
79.059535
76.034532
74.359196
73.065792
72.025065
70.012070
22.455512
44.761591
50.931817
40.600493
55.703232
73.355300
76.074832
80.591067
83.390767
87.462449
92.046184
94.212366
95.992604
97.062506
98.891961
101.677185
101.328081
103.503478
105.060078
105.371391
105.983489
103.996394
101.074725
97.208282
100.781447
99.006313
94.790084
89.722294
84.823582
80.124965
75.663730
70.531766
66.420780
61.365870
57.340038
50.212050
47.300423
70.846101
58.178776
56.302131
56.384838
59.394360
62.898410
66.780311
68.068275
69.908869
70.617916
70.249626
72.389295
75.345139
78.900253
81.508098
83.524428
85.554252
87.497257
88.827079

