1.414214
1.414214
1.414214
1.414214
1.414214
3.162278
2.332381
3.310589
2.561250
3.498571
2.828427
3.124100
3.440930
5.122499
4.308132
4.472136
5.185557
4.770744
5.586591
6.800000
6.500000
6.657327
7.009280
6.122091
5.269725
4.472136
4.338202
6.072891
5.948109
6.657327
7.778175
7.433034
5.700877
6.946222
6.519202
7.826238
9.192388
8.139410
7.648529
9.124144
8.631338
8.237718
9.815294
9.420191
9.025519
10.606602
10.012992
9.420191
10.804629
10.210779
12.020815
11.067972
12.020815
11.067972
12.020815
11.067972
11.067972
11.067972
12.980755
12.980755
12.980755
10.920165
10.793517
10.688779
8.631338
8.558621
9.154780
7.764664
8.360024
8.956004
9.552487
9.552487
9.552487
9.962429
9.962429
11.884864
11.401754
12.854960
12.369317
13.829317
13.341664
14.833745
14.634207
16.430460
16.230835
16.031220
17.129215
16.475436
15.591344
14.709181
15.787653
15.787653
15.787653
18.200275
18.200275
18.200275
18.200275
18.200275
18.200275
18.200275
18.200275
15.787653
15.787653
15.787653
15.787653
15.787653
15.297059
12.854960
12.369317
11.884864
13.038405
11.144954
9.254188
9.353609
9.453042
9.552487
8.459314
7.368175
8.260751
7.707788
8.544004
8.595929
7.782031
6.435060
5.517246
6.103278
5.597321
6.661081
7.769813
7.220111
8.321658
9.178780
8.321658
7.500000
6.726812
6.500000
6.293648
6.139218
6.040695
4.001250
4.716991
5.220153
5.748913
3.471311
4.031129
3.640055
3.538361
4.114608
4.252058
4.687217
5.000000
5.939697
5.560576
6.505382
8.937561
8.602325
8.345058
8.376157
8.072174
8.163333
8.544004
10.554620
9.929753
9.305912
10.478550
11.704700
9.848858
9.848858
8.062258
8.062258
7.280110
6.209670
5.936329
6.621178
5.546170
4.472136
4.161730
2.912044
2.505993
3.939543
3.605551
2.828427
2.720294
4.560702
4.494441
4.472136
5.571355
4.833218
5.946427
7.088018
6.324555
6.403124
6.511528
6.648308
6.811755
5.000000
4.368066
3.423449
3.052868
1.969772
3.605551
3.200000
2.600000
3.600000
6.873136
8.944272
10.875661
12.880994
10.607544
9.903535
12.206556
10.584895
8.170679
6.720119
5.141984
4.123106
5.035871
4.004997
5.314132
4.237924
3.162278
3.111270
3.676955
2.668333
1.811077
1.414214
1.649242
1.811077
3.298485
4.808326
6.324555
4.472136
4.472136
4.472136
2.828427
2.828427
2.828427
2.828427
2.828427
4.472136
4.472136
2.607681
3.224903
1.897367
2.529822
3.162278
3.538361
4.569464
6.624198
7.843469
7.280110
8.099383
6.403124
6.811755
7.496666
6.324555
5.110773
5.768882
4.967897
4.681880
5.385165
4.110961
3.255764
3.701351
3.255764
3.807887
1.476482
1.272792
4.384062
6.243397
7.778175
7.106335
5.700877
5.522681
3.535534
2.121320
1.581139
2.549510
1.923538
2.915476
2.549510
2.404163
2.284732
2.195450
3.765634
3.535534
1.513275
2.420744
3.634556
3.337664
3.905125
3.721559
3.640055
3.667424
4.248529
4.716991
5.903389
5.608030
5.661272
7.283543
7.433034
6.931811
6.545991
6.296825
6.200806
6.264982
6.606815
5.800862
6.296825
5.445181
6.103278
5.872819
7.142129
7.156116
6.862215
8.139410
5.953990
6.800735
5.852350
6.888396
6.020797
7.006426
6.067125
5.001000
6.040695
5.024938
6.407027
7.877182
9.200543
10.623088
10.111874
12.010412
12.010412
12.010412
10.012492
10.307764
8.381527
6.500000
6.500000
4.716991
3.201562
3.535534
3.905125
3.535534
2.061553
2.915476
3.140064
1.772005
2.353720
1.029563
2.121320
2.701851
2.701851
3.301515
3.911521
2.915476
4.810405
3.982462
4.545327
5.323533
4.527693
4.527693
2.549510
3.535534
3.535534
3.535534
2.549510
2.549510
4.743416
4.743416
5.700877
7.106335
8.746428
10.511898
10.511898
11.768602
10.846197
12.192621
11.400000
10.804629
10.440307
11.287161
12.625371
11.497826
9.044335
6.708204
6.082763
6.082763
6.082763
8.062258
8.062258
7.375636
6.403124
5.656854
5.000000
4.472136
4.472136
4.000000
4.000000
4.000000
4.000000
2.000000
2.000000
2.000000
2.000000
2.000000
1.400000
0.800000
0.200000
0.400000
1.000000
2.236068
2.236068
2.236068
2.236068
2.236068
2.236068
4.123106
4.123106
4.123106
4.123106
4.123106
4.123106
4.123106
4.123106
4.123106
4.123106
4.123106
4.123106
2.236068
2.236068
2.236068
2.236068
2.236068
2.236068
2.236068
2.236068
1.000000
1.000000
1.000000
1.000000
1.000000
1.000000
1.000000
1.000000
2.236068
1.612452
1.341641
1.612452
2.236068
3.000000
3.000000
3.000000
3.000000
3.000000
3.605551
3.605551
3.605551
3.605551
3.605551
3.605551
3.605551
3.605551
3.605551
3.605551
4.123106
4.123106
4.123106
4.123106
4.123106
4.123106
4.386342
4.044750
6.161169
6.390618
6.082763
5.758472
4.903060
4.651881
4.686150
5.000000
6.003332
5.325411
4.686150
5.660389
5.000000
4.024922
3.255764
3.130495
2.408319
1.000000
1.843909
3.130495
4.494441
5.882176
5.385165
4.833218
4.294182
3.773592
5.015974
4.472136
4.161730
5.556978
4.368066
3.939543
5.000000
5.161395
5.325411
5.491812
6.931089
7.071068
6.942622
5.403702
4.123106
3.847077
3.605551
3.130495
4.669047
4.404543
4.494441
4.123106
4.604346
5.385165
5.830952
6.648308
7.071068
5.692100
6.356099
6.356099
5.099020
5.099020
5.590170
5.385165
5.220153
5.099020
5.590170
4.346263
3.132092
4.001250
5.048762
6.184658
5.433231
4.809366
4.368066
5.600893
7.071068
8.395237
7.424284
8.620905
7.802564
9.055385
9.297311
8.280097
8.121576
7.964923
9.433981
10.198039
11.907981
12.712199
12.657014
11.661904
10.551303
10.493808
12.773801
15.558920
19.474342
16.608733
16.662833
15.357409
14.807093
14.705441
17.819091
20.107959
22.196396
20.961155
21.213203
23.161390
23.970816
24.446881
23.332381
20.862646
19.731447
20.089052
18.962331
19.424984
19.981241
20.465825
20.977369
19.729420
20.259566
19.981241
18.741665
18.483777
17.321951
17.042594
15.976545
15.526107
15.181897
16.635504
15.356106
15.890249
16.324828
18.571484
18.223611
18.625252
19.039433
19.932386
19.608672
20.709901
20.359273
19.659603
19.614790
17.682194
17.772451
17.920379
19.039433
19.119100
17.523128
17.973870
18.993157
17.677670
20.704106
20.207424
21.277688
20.431838
18.560711
16.412800
16.100311
16.601807
14.469969
14.230249
11.448144
10.599057
10.312129
12.863126
17.334936
16.707483
18.843036
19.242141
21.371476
23.505319
22.553935
21.606018
20.662042
18.925644
17.117243
17.691806
18.335757
18.552628
17.280046
15.524175
16.046183
16.985876
15.585891
14.556098
13.601471
11.216060
11.636151
10.324728
12.529964
13.000000
14.176742
15.405194
16.673932
19.654007
22.638463
24.901807
26.170594
25.715754
27.079513
27.829840
28.744565
30.207615
29.719522
29.231832
26.800187
31.243079
34.146303
36.662924
37.596941
38.564880
38.713434
39.354415
39.014997
39.167972
40.942032
38.886116
39.066226
39.471129
41.922905
44.869255
46.592918
48.318216
47.611973
48.892228
45.961941
47.115390
48.509174
49.762838
49.163604
48.564390
49.373880
48.348940
49.412751
48.255362
47.100955
49.076471
46.824139
44.838599
43.156691
41.599279
36.939139
32.281574
31.510316
29.300171
31.662280
29.415642
28.043181
28.606293
29.260554
29.529646
29.650295
28.840250
26.860007
24.880514
22.901965
18.607794
15.443445
12.298374
10.124228
8.139410
7.023532
5.382379
5.437830
2.816026
5.590170
4.964877
4.522168
8.309633
11.315918
14.705441
16.428329
18.166177
19.915070
21.672333
21.476732
24.451789
27.767067
29.124045
30.500656
29.516944
30.548322
31.617242
32.609814
31.800157
31.016125
32.602454
34.200585
35.909330
35.562902
37.215588
36.503835
35.809496
33.165796
30.184102
25.597851
25.207340
22.871161
18.140838
15.792720
11.101802
12.639620
14.208800
13.800000
15.408115
15.033296
15.232859
13.437262
13.636715
13.836184
14.035669
13.050670
11.827088
10.662082
10.720075
9.486833
9.771898
8.170679
7.963040
6.280127
6.576473
8.256513
11.921829
13.723338
15.568237
17.442764
17.182840
16.930741
16.686821
16.451444
16.224981
16.211416
16.281585
18.310926
19.220042
19.448650
20.670027
21.219095
19.890953
21.115160
21.662179
20.248457
20.718349
21.189620
21.662179
22.135944
22.135944
22.135944
20.248457
20.248457
19.646883
19.646883
19.646883
19.235384
17.262677
17.262677
19.209373
22.671568
24.645486
24.207437
26.248809
27.955679
27.171308
28.873517
28.137519
27.459060
26.750701
26.053791
25.369273
24.240462
25.495098
24.711131
23.928226
23.659248
24.808063
24.041631
22.847319
22.847319
21.023796
21.023796
20.248457
18.794946
18.422812
18.123190
18.471600
17.007351
17.799157
16.896449
15.009664
13.122881
10.307764
11.641735
13.197348
15.092051
16.743058
18.607794
18.103315
17.803651
16.981460
18.064606
18.741665
18.543193
18.369812
18.222239
18.233211
18.337121
17.944637
18.057962
18.398098
17.251377
18.062392
17.536818
17.164207
16.584933
16.052726
17.102631
16.519383
15.983116
18.444782
21.779348
28.324018
26.254523
24.191941
22.138202
23.363433
24.869660
29.665131
32.713606
31.295048
29.880094
25.109759
28.101601
28.420063
28.023205
26.632687
27.973201
27.730849
29.313819
30.295214
35.968041
43.416587
47.155275
50.831880
52.769120
58.621839
62.502000
66.500301
68.561359
70.591855
70.631013
70.563801
70.400284
68.384574
68.354956
70.202920
70.064256
70.064256
70.007142
70.064256
70.064256
70.178344
67.254888
66.150435
63.056958
59.964323
60.667125
56.848043
54.926314
53.104614
53.390074
56.004464
50.618771
47.264574
43.972037
40.237545
36.503424
38.956001
38.974094
36.512053
30.206291
23.900837
23.228000
20.109948
19.428330
16.813388
14.230249
14.749237
15.526107
14.541664
13.562448
10.606602
12.100413
13.761541
13.571293
13.069813
11.067972
12.126417
12.169634
10.901835
11.734564
11.236103
11.537764
13.868309
15.332319
17.960234
21.633308
22.765983
24.140423
24.515505
24.896586
24.438699
23.568835
22.808113
21.066799
18.501081
15.008331
14.288807
11.871394
9.567131
6.447480
5.500000
7.273239
7.800641
7.516648
7.283543
7.106335
9.170605
8.949860
9.492102
8.080842
8.631338
7.217340
5.921149
4.627094
5.323533
4.272002
4.346263
4.428318
4.517743
6.425730
8.381527
7.747258
7.220111
5.777543
5.269725
3.807887
4.701064
5.594640
4.743416
4.827007
5.700877
5.941380
4.301163
4.827007
5.594640
4.949747
4.884670
5.961543
7.038466
6.313478
8.514693
7.289719
5.464430
5.353504
5.247857
5.147815
5.021952
6.586350
5.565968
5.331041
6.964194
6.074537
5.186521
6.236986
5.375872
4.527693
6.236986
6.074537
6.041523
7.829432
7.905694
7.218033
5.263079
4.701064
5.522681
5.147815
4.876474
5.331041
5.178803
5.565968
5.522681
4.081666
3.891015
4.810405
4.545327
2.915476
5.247857
4.884670
5.464430
3.397058
2.915476
3.264966
2.353720
2.267157
1.208305
1.581139
1.772005
3.931921
4.130375
6.777905
8.860023
6.935416
6.074537
4.393177
3.361547
2.549510
4.338202
5.457105
7.223573
8.367795
11.597414
10.300485
11.104053
9.924717
10.756393
9.617692
10.124228
8.700575
9.364828
9.904544
10.511898
9.525755
8.500588
7.580237
6.506919
5.522681
6.519202
9.617692
10.606602
11.597414
12.589678
12.980755
12.980755
12.980755
12.980755
12.980755
11.388591
9.803061
10.124228
8.538150
8.860023
10.210779
11.573245
10.988175
12.355566
12.349089
12.349089
12.349089
12.349089
12.349089
14.983324
14.115594
15.182226
14.430870
12.349089
11.715375
14.596232
15.008331
16.378339
17.147886
16.194135
