0.000000
1.000000
1.000000
2.000000
2.000000
2.000000
3.059412
3.006659
3.104835
3.026549
3.000000
3.313608
4.638965
4.981967
5.336666
5.700877
5.215362
5.941380
5.656854
6.580274
6.324555
6.184658
5.692100
5.554278
4.604346
3.905125
3.889730
4.622770
3.996248
4.396590
4.272002
4.123106
3.981206
3.847077
3.721559
4.242641
4.384062
4.525483
3.252691
2.778489
1.581139
1.303840
1.702939
1.140175
1.303840
1.581139
2.507987
3.613862
3.551056
3.512834
3.500000
2.080865
1.664332
2.601922
1.824829
2.061553
2.607681
3.201562
3.820995
3.471311
3.000000
3.111270
2.778489
2.668333
2.545584
3.605551
3.448188
4.019950
5.119570
5.063596
5.024938
4.570558
4.148494
3.769615
3.080584
2.500000
2.529822
1.431782
1.843909
2.202272
2.000000
2.500000
3.000000
2.500000
3.000000
2.500000
2.886174
2.523886
2.523886
2.886174
2.692582
2.433105
2.308679
3.298485
3.401470
4.472136
4.838388
5.200000
5.821512
6.477654
7.158911
7.071068
6.020797
5.099020
4.716991
5.000000
4.640043
4.280187
3.189044
2.340940
2.061553
1.414214
1.802776
2.236068
2.692582
3.162278
3.201562
4.404543
4.609772
4.837355
5.220153
3.443835
2.662705
1.984943
1.552417
1.581139
1.431782
1.140175
1.204159
1.140175
0.500000
0.412311
0.360555
0.360555
1.170470
1.118034
1.414214
2.500000
3.605551
4.031129
4.472136
4.114608
3.757659
3.401470
3.046309
3.640055
3.036445
2.435159
1.838478
1.252996
0.707107
0.670820
1.140175
1.910497
2.701851
3.500000
3.401470
3.306055
4.210701
4.119466
4.272002
4.998000
5.724509
6.451356
7.178440
7.905694
7.589466
7.273239
6.957011
6.640783
6.324555
6.578754
5.909315
5.283938
4.720169
5.000000
3.676955
3.111270
3.328663
3.676955
2.236068
2.765863
2.720294
2.692582
2.683282
2.692582
2.668333
2.707397
2.807134
2.961419
3.162278
2.912044
2.668333
2.433105
2.209072
2.000000
1.702939
1.414214
1.140175
0.894427
0.707107
1.077033
1.529706
2.009975
2.501999
3.162278
3.668787
4.565085
5.053712
5.546170
6.964194
6.239391
6.262587
6.824222
7.783315
9.013878
7.128113
5.243091
3.360060
1.004988
2.500000
2.209072
1.941649
1.649242
1.315295
1.000000
0.670820
0.632456
0.921954
2.280351
2.500000
2.308679
2.137756
1.992486
2.707397
2.500000
2.901724
3.395585
3.765634
5.135173
5.700877
5.096077
4.492215
3.889730
3.289377
4.031129
3.733631
3.551056
3.613862
3.505710
3.535534
3.649658
3.765634
3.883298
4.338202
4.472136
5.060632
5.122499
5.185557
5.946427
6.020797
5.672742
5.326350
5.798276
5.470832
5.147815
5.197115
5.247857
4.482187
4.545327
4.609772
3.969887
4.036087
4.103657
3.551056
3.605551
3.138471
2.683282
1.360147
1.612452
1.118034
1.360147
1.627882
1.431782
1.746425
1.118034
0.608276
0.360555
1.711724
2.184033
3.640055
3.195309
3.505710
3.080584
2.570992
1.802776
2.022375
2.531798
2.282542
3.753665
4.609772
4.687217
3.182766
2.475884
1.403567
2.500000
2.302173
2.109502
1.923538
1.746425
0.707107
1.984943
3.264966
3.982462
6.126989
8.276473
7.940403
6.300794
6.152235
4.743416
4.031129
4.382921
3.858756
3.360060
3.689173
4.031129
3.111270
3.061046
3.939543
2.816026
2.000000
1.923538
2.280351
2.915476
3.162278
4.949747
6.963476
7.736924
9.033825
11.240107
13.462912
13.597794
13.132022
12.684636
12.257651
11.853270
10.959015
10.064790
9.170605
8.276473
6.519202
6.370243
5.658622
4.981967
4.356604
4.743416
5.292447
5.860034
6.441273
7.915807
8.077747
9.315042
10.135581
10.465658
10.467569
10.920165
10.434558
8.908984
8.609297
8.386298
7.000000
6.900725
6.846897
6.912308
7.093659
6.670832
6.403124
6.140033
5.656854
6.300794
6.000000
7.517978
8.091971
8.323461
8.143709
8.000000
7.125307
6.203225
5.434151
5.110773
4.716991
6.306346
6.612866
6.044005
4.875449
2.500000
3.956008
4.588028
4.652956
4.341659
4.031129
4.640043
4.687217
4.750789
5.738467
5.852350
5.507268
4.750789
3.920459
3.863936
3.640055
3.206244
2.927456
2.668333
2.435159
1.414214
0.400000
1.019804
2.154066
3.310589
3.605551
3.088689
2.600000
3.140064
3.800000
1.581139
1.711724
2.102380
2.184033
2.641969
2.692582
3.106445
3.041381
3.500000
3.413210
3.354102
3.534119
3.716181
3.900000
4.085340
3.041381
2.319483
1.603122
0.141421
1.063015
2.121320
1.486607
1.772005
1.300000
1.029563
1.118034
1.403567
1.931321
2.555386
3.220248
3.905125
2.140093
1.081665
0.141421
1.063015
2.121320
1.780449
1.476482
1.236932
2.284732
2.061553
1.503330
1.044031
0.860233
1.100000
1.581139
1.749286
1.984943
2.267157
2.158703
2.549510
2.353720
2.158703
1.964688
2.267157
2.121320
2.435159
2.102380
1.081665
1.476482
1.118034
1.236932
1.403567
1.603122
1.824829
2.061553
2.451530
3.176476
3.534119
3.900000
4.031129
3.800000
3.900000
4.833218
4.887740
5.830952
4.837355
4.404543
4.560702
6.082763
7.280110
6.664083
6.621178
6.579514
6.539113
6.500000
7.000714
7.917702
8.407735
8.900000
9.394147
9.600521
11.123399
11.354735
11.609048
11.884864
11.921829
11.669190
11.417968
11.494781
11.236103
11.416217
12.568612
12.781627
13.817742
14.080128
13.930183
13.793114
13.669309
12.587692
11.543396
11.036757
9.974467
9.481034
8.989438
8.500000
9.284934
10.492378
10.783784
12.442267
12.776932
11.970798
11.595258
10.793517
10.604244
10.793517
10.000000
9.924717
9.121403
8.080842
7.280110
8.538150
8.876936
10.163661
11.454257
12.349089
12.459535
11.977479
11.142711
10.312129
9.486833
9.377633
9.303763
9.266067
8.765843
9.617692
10.307764
9.513149
11.629703
11.768602
11.672618
12.156480
12.758135
13.461798
13.398881
13.729530
13.165485
13.461798
13.090836
12.024142
12.379418
10.751744
9.167879
8.508819
7.605919
7.280110
7.242237
7.211103
7.186793
8.099383
8.077747
8.996110
9.928243
10.870603
11.363538
11.412712
10.715409
9.546203
8.036168
7.653104
6.519202
6.815424
6.395311
7.940403
9.343447
10.965856
11.031772
10.394710
9.762172
9.135097
7.905694
7.316420
8.149847
8.448077
8.864536
8.732125
8.676405
9.152595
9.985990
9.986491
9.219544
9.060353
9.775480
10.602358
10.584895
11.280514
11.510864
11.101802
11.067972
11.412712
12.103718
11.002272
9.534149
9.708244
8.203658
8.500000
6.268174
5.586591
5.762812
6.847627
8.077747
7.930952
8.249242
8.700575
8.605231
8.514693
7.213876
6.021628
5.015974
4.554119
5.385165
7.349830
8.881441
11.053506
12.606348
14.159802
12.589678
10.339246
8.769265
7.218033
5.700877
5.768882
5.021952
5.110773
4.876474
5.099020
5.565968
6.092618
6.262587
6.802941
6.964194
6.664083
6.414047
6.220129
6.087693
6.020797
6.519202
7.017834
7.516648
7.283543
7.778175
7.920859
8.065978
8.213404
8.363014
8.514693
8.796590
8.462860
8.741853
9.021086
8.514693
8.207314
7.920859
7.657676
6.860029
6.708204
6.484597
6.260990
6.037384
5.813777
5.590170
5.903389
6.216912
6.530697
6.844706
7.158911
7.300685
7.446476
7.596052
7.749194
7.905694
7.920227
8.026207
8.220097
8.495881
8.845903
10.012492
11.200446
11.603879
12.800391
13.200379
13.231024
13.292479
12.519585
12.617845
12.747549
12.523977
12.300406
12.076837
11.853270
11.629703
11.545129
11.463420
11.384639
11.308846
11.236103
10.925200
10.643778
10.394229
9.360021
9.219544
9.402127
9.602083
9.818350
9.208692
10.000000
9.741663
9.486833
8.420214
8.160882
7.106335
7.939773
8.778383
8.207314
9.052072
9.219544
8.273452
8.062258
7.158911
6.324555
6.103278
5.239275
4.904080
4.410215
3.201562
3.041381
3.289377
4.186884
5.420332
6.809552
8.276473
8.875246
9.021086
9.183137
9.360556
9.552487
9.963935
9.621330
9.280086
8.940358
9.433981
8.276473
7.615773
6.488451
5.813777
5.147815
5.385165
6.041523
6.708204
8.276473
8.944272
9.055385
9.208692
9.402127
9.633276
9.899495
9.219544
9.219544
9.219544
9.219544
9.219544
8.919641
8.627862
7.657676
7.359348
6.403124
