1.000000
1.581139
1.000000
2.549510
2.236068
2.121320
3.354102
4.743416
6.184658
7.516648
9.013878
8.139410
9.436631
10.394710
9.426028
10.500000
9.300538
10.101980
8.905055
9.992497
10.793517
11.463420
11.503912
13.389922
12.831991
12.539936
12.202459
11.552056
12.700394
14.101418
15.508062
16.710775
15.915401
15.121177
14.328294
13.536986
13.018833
12.728315
12.182364
12.111565
11.543396
11.936918
12.345445
12.767537
13.201894
13.647344
14.042792
14.458561
14.512064
14.894630
15.297059
15.033629
14.833745
12.700000
12.639620
10.500000
9.453042
10.300000
9.254188
8.100000
7.071068
5.758472
5.885576
6.514599
7.249828
7.280110
8.736132
10.192154
9.740637
10.720075
12.165525
10.553672
8.984431
7.484651
7.879086
6.519202
5.860034
5.316014
4.925444
4.933559
4.527693
4.427189
3.911521
3.794733
5.300943
3.162278
6.711930
8.590693
10.171037
11.815244
13.647344
12.116518
12.078493
12.061924
12.066897
12.500000
13.689412
15.357409
15.192103
16.292636
18.027756
17.297688
17.281204
17.415223
17.696327
18.117671
16.393291
14.812495
13.426094
12.300000
11.510864
10.480935
9.534149
8.697701
8.006248
7.500000
5.166237
4.313931
3.465545
2.624881
1.802776
2.302173
3.008322
3.807887
4.652956
5.522681
4.767599
4.052160
3.401470
2.860070
2.500000
1.421267
0.728011
1.334166
2.402082
3.535534
0.223607
1.923538
3.667424
5.412947
7.158911
7.034202
8.852683
8.409518
8.229824
8.062258
9.433981
8.910668
8.354639
7.810250
7.280110
8.285530
8.508819
8.732125
10.742439
10.965856
9.527329
9.183137
7.856844
6.585590
5.408327
5.575841
5.745433
5.916925
6.090156
6.264982
6.519202
5.852350
6.041523
6.264982
6.519202
8.062258
9.823441
11.704700
13.656500
15.652476
14.582524
15.297059
14.221463
14.946572
13.865425
15.271215
14.855639
16.269296
17.697740
17.269916
17.779201
18.298907
18.828170
19.366208
19.912308
20.231905
20.552859
20.875105
21.198585
21.523243
21.317833
19.448650
19.262658
19.080094
18.901058
17.940178
16.983816
16.032779
15.088075
14.150972
13.102671
12.056948
11.014536
8.266196
8.485281
8.386895
9.620811
9.542536
9.541488
10.700467
9.709789
8.810221
8.032434
7.414850
7.280110
7.317103
7.665507
8.041144
8.440379
8.860023
8.705171
7.564390
9.231468
9.908582
10.606602
11.152130
11.788978
10.822661
9.860020
10.547512
11.684605
12.836277
13.998929
13.376472
14.534442
14.596232
13.640015
14.541320
15.454773
13.647344
14.177800
12.949517
12.628935
13.191285
11.884864
13.407834
12.366487
13.882723
13.519246
15.041609
15.532225
14.150972
15.428869
14.094325
14.534442
12.753431
12.745587
12.753431
12.776932
10.965856
11.384639
11.810588
12.242957
12.681088
13.124405
12.116518
11.112605
10.113852
7.975588
6.946222
8.221922
9.749359
11.738824
13.336041
15.297059
15.003000
14.709181
13.092364
12.815615
12.539936
12.554282
13.277424
13.315029
13.439122
14.080128
13.997857
13.921566
13.851354
13.787313
13.729530
13.497407
13.267253
13.039172
12.813274
12.589678
12.601984
12.615070
12.628935
12.643575
12.658989
10.965856
11.244999
13.507405
13.793114
14.080128
13.373481
12.666886
11.960351
11.253888
8.558621
7.009280
5.636488
4.601087
4.162932
4.500000
5.247857
5.950630
6.592420
7.244998
7.905694
9.861541
9.235800
8.640023
8.080842
8.077747
8.132035
8.863972
8.886507
8.973851
9.656604
9.588013
9.590099
10.088112
10.066280
10.594810
11.115755
12.119818
11.146300
12.149486
13.152946
13.711674
14.277255
14.848906
15.085092
15.500000
14.534442
13.500000
12.539936
11.672618
10.920165
10.866922
10.817116
10.770794
10.728001
10.688779
10.375452
10.062306
9.749359
9.436631
9.124144
8.193900
6.753518
5.353504
5.575841
4.743416
6.016644
5.522681
6.826419
6.519202
6.403124
7.121798
6.440497
5.768882
6.907966
6.324555
7.045566
8.588364
11.574109
13.200000
17.000000
16.504848
16.019988
15.546382
15.425952
16.977927
16.107452
15.239751
14.375326
13.514807
12.658989
12.306502
12.126417
11.926860
11.943618
12.175796
12.554282
12.461541
12.856516
13.251792
13.500000
12.603571
11.715375
10.837435
9.972462
9.124144
9.503683
9.885848
10.270346
10.656923
11.045361
11.045361
13.341664
13.341664
13.341664
15.297059
13.179530
11.063453
8.949860
8.786353
8.631338
8.452810
8.276473
8.102469
7.930952
7.762087
8.420214
9.080198
9.741663
10.404326
11.067972
11.107205
11.161541
11.230761
11.314592
11.412712
12.143311
12.879829
12.662543
15.192432
15.890249
13.325539
12.624579
11.997083
11.455130
11.011358
10.890363
10.846658
10.881176
10.993180
11.180340
11.896638
10.840664
11.548593
12.258874
14.008926
13.285330
12.571794
11.870131
11.182576
10.511898
10.855874
11.300442
11.834272
12.445883
13.124405
11.327842
11.042192
11.094143
11.479111
12.165525
14.513442
14.945233
15.432433
15.969972
16.552945
16.376813
16.260381
16.204938
16.211107
16.278821
17.300289
18.335757
19.382982
20.440157
21.505813
20.055174
18.610212
17.172362
15.743570
14.326549
14.373587
14.451644
14.560220
14.698639
14.866069
15.493224
16.160446
15.243359
15.926079
16.643317
16.559287
16.475436
16.391766
16.308280
16.224981
17.181967
18.163975
19.167159
20.188363
21.224985
21.920766
22.649062
23.406837
25.487644
26.248809
23.842189
22.925968
22.010225
21.095023
20.180436
20.597330
21.015470
20.115914
20.524376
20.934421
20.370812
19.807322
19.243960
18.680739
18.117671
17.963574
17.810390
17.658143
17.506856
17.356555
18.016104
18.680739
19.349935
20.023237
20.700242
20.208909
19.730687
19.266551
20.319941
19.849433
20.348219
20.847062
21.345960
21.844908
22.343903
22.214635
22.086421
21.959280
21.833232
21.708293
21.357200
21.027839
20.721245
19.050722
18.741665
18.822327
18.909521
17.762883
17.892177
18.027756
17.949373
17.880716
17.821897
17.773013
17.734148
16.747537
14.560907
13.591174
11.686745
10.198039
10.384604
11.461239
13.059862
15.120847
14.422205
12.631706
12.705904
10.121265
9.303763
8.544004
8.772685
9.035486
7.683749
8.072174
8.485281
8.627862
8.772685
8.919641
7.683749
7.810250
9.042677
10.280078
11.520851
12.764012
12.419742
11.596551
10.870603
10.262553
9.794386
7.615773
7.432362
7.249828
7.068239
7.964923
7.810250
7.860025
9.193476
9.209777
10.875661
10.606602
10.500000
10.606602
10.920165
11.423660
12.093387
11.921829
11.365298
10.833744
10.331021
11.629703
12.671622
13.723338
14.782760
15.848344
16.918924
15.824032
14.746186
13.689412
12.658989
11.661904
11.940687
12.293087
12.712985
13.193938
13.729530
13.267253
12.844454
12.465151
12.133425
11.853270
11.684605
11.524756
11.374093
11.232987
11.101802
11.510864
11.926860
12.349089
12.776932
13.209845
13.122881
13.036104
12.949517
12.863126
12.776932
12.416924
12.056948
11.697008
9.660745
9.300538
10.000500
9.462558
8.711487
9.542536
7.632169
9.334881
9.849365
9.266067
9.883825
10.511898
10.632968
9.794897
9.956907
11.843141
12.103718
11.909660
10.462313
11.872658
11.624973
11.401754
11.067520
10.824047
11.576269
11.359577
11.236103
9.953894
8.681590
7.424284
8.962700
7.810250
7.605919
7.402702
7.200694
7.000000
6.800735
6.688797
6.618912
8.477028
8.537564
8.631338
8.036168
7.564390
7.240166
7.083784
7.106335
6.795587
6.574192
6.451356
6.432729
6.519202
6.503076
6.500769
4.775982
4.684015
4.609772
5.600000
4.805206
6.135145
5.745433
5.656854
6.920260
6.660330
6.435060
6.248200
7.433034
5.385165
4.522168
5.366563
4.477723
5.385165
4.243819
4.882622
5.521775
6.161169
5.852350
6.217717
5.787055
6.126989
5.728001
6.041523
5.943904
6.842514
8.060397
9.475231
9.861541
9.625487
9.394147
9.167879
8.947067
8.732125
8.640602
8.549269
8.458132
11.063905
10.977249
11.315918
11.700427
12.126417
12.589678
13.086252
12.587295
12.091733
11.600000
9.873702
9.433981
9.683491
9.963935
8.872993
9.280086
9.708244
10.121265
9.381365
11.034491
11.527793
12.041595
12.316655
12.593649
12.872451
11.840608
12.103718
12.946814
13.790576
14.634890
15.479664
13.509256
13.418271
13.330416
12.010412
11.903781
10.735455
11.819052
11.900000
12.984991
14.124093
14.150972
14.450606
14.755677
14.006427
14.288807
12.903488
13.729530
13.300376
14.328294
12.731850
12.349089
13.287964
12.734991
13.788764
14.860013
15.945219
15.280052
14.702721
16.944616
16.502424
17.000000
16.189194
16.326665
15.492256
15.698408
14.840822
15.508062
15.074813
15.725775
16.402744
17.102631
16.103726
16.260996
16.424677
16.594577
16.770510
17.933767
19.097906
20.262774
21.428252
22.594247
21.749483
20.905980
20.063898
19.223423
18.384776
17.863930
18.157092
15.851814
16.368262
15.811388
15.140013
14.494137
12.624579
11.963277
11.335784
11.060289
12.050726
11.780068
14.345034
14.150972
12.647925
12.390722
10.960383
9.558766
9.861541
9.353609
7.128113
6.603787
6.090156
6.726812
6.723095
7.877182
8.062258
8.464632
7.071068
9.827004
10.690182
9.095603
9.503683
10.012492
10.012992
9.914131
9.815294
9.716481
9.617692

