0.000000
0.000000
0.000000
0.000000
0.000000
0.000000
0.000000
0.000000
0.000000
0.000000
0.000000
1.000000
1.341641
1.788854
0.894427
0.000000
4.527693
7.071068
12.747549
17.117243
21.644861
26.518861
31.599051
36.718524
41.743263
46.671726
45.565996
45.244779
45.108092
44.622976
45.502747
42.768446
39.072497
38.296997
41.404589
43.548823
45.960527
46.469130
43.864906
42.886128
41.620308
43.757971
45.992282
45.160159
42.710771
40.521599
40.837483
40.676775
40.729596
40.565996
40.871751
41.772000
42.134309
43.489079
43.147422
41.599279
46.385450
46.676975
46.014020
44.916144
42.851488
43.479305
39.462007
37.197446
38.792396
43.832066
40.827074
38.593393
38.309920
39.988123
43.061003
43.603326
44.148046
40.782962
41.548165
41.112650
44.045431
46.009238
45.082147
42.940075
40.261644
40.609851
43.763455
44.355834
44.323357
41.484937
40.494568
39.243343
36.814264
36.793478
41.355169
40.316002
40.830993
41.012437
39.642528
40.404208
36.744659
36.744796
37.724395
38.714597
39.915536
44.038279
44.178388
42.470343
42.583682
40.140379
42.301891
46.154631
42.547033
41.586657
41.716304
36.704904
34.343122
34.424555
36.442420
40.660177
41.126269
42.326469
43.597362
41.165155
39.702015
40.897555
40.441192
39.727698
40.494568
39.322385
42.007737
43.269504
44.070965
44.145781
42.086221
47.803766
46.740240
47.531042
47.588339
42.755117
43.267771
39.479108
36.808966
38.418745
42.573466
39.245000
36.356292
36.407829
38.398177
41.112650
43.833891
45.599232
44.426231
43.255173
40.512344
41.897136
44.985887
44.653443
44.337005
42.086221
45.304525
43.832066
42.361539
42.086221
43.341666
42.163136
41.012437
39.733739
39.275692
44.161635
38.203796
35.481967
35.320957
36.635092
40.954243
38.707105
39.319334
40.906723
40.852050
39.217343
41.489276
41.292130
40.455408
39.874303
39.560081
41.470592
43.072497
42.805257
42.555376
40.140379
42.773473
42.695784
40.891686
43.519766
43.442491
42.453740
42.446790
41.239302
43.949630
42.755117
40.650338
38.897301
39.385911
40.654643
43.900456
39.363562
36.263067
36.108309
38.518697
42.240384
39.878440
41.014753
42.154596
42.048662
40.040604
42.086815
41.565009
41.125418
41.200121
40.626346
43.851112
46.636681
47.695702
46.793376
43.174066
40.730578
39.290202
43.345357
43.560073
43.063906
40.728000
40.316002
39.904010
42.128613
44.869255
42.540921
41.688967
41.552016
42.108550
41.967249
42.785512
41.936261
41.785165
42.598709
41.231056
43.495402
44.434221
43.516089
43.352047
41.282563
46.044001
50.134320
49.532313
46.761630
42.582273
39.024351
39.636473
39.946214
41.292251
43.341666
43.104060
42.194075
41.677812
42.678566
43.174066
40.286598
39.616158
41.565490
40.362854
41.355169
43.248699
45.142552
44.605493
43.345703
39.915536
40.754141
40.827074
39.946214
39.092838
39.654760
42.912003
45.631787
45.971295
46.146939
41.773197
44.499101
46.250189
45.088025
42.735465
44.263416
41.950566
42.282975
41.651531
41.986307
44.036916
42.154478
40.770700
39.395431
39.223080
41.976184
40.048471
40.285481
42.479642
38.596373
38.639358
45.178424
47.895302
46.000109
41.369554
39.373214
41.238817
44.111336
44.501236
40.312405
40.261644
35.527595
33.266199
32.082550
34.084601
42.086221
40.260402
39.256210
38.289685
38.676220
41.140005
40.793382
36.415656
38.901157
38.916577
40.871751
45.220018
48.638462
48.326494
45.515931
40.660177
45.328247
47.023930
44.902673
46.106941
41.620308
37.088003
34.477964
33.809466
37.290347
41.761226
40.983167
38.962546
38.519865
40.604433
41.838977
41.608292
42.765640
44.195588
44.659825
41.003049
43.629004
46.195346
47.002234
45.597039
41.620308
41.607932
44.505393
39.932193
40.879946
43.063906
40.932383
40.501111
41.578119
42.565949
44.994444
41.555024
41.276870
40.047222
42.652315
46.222289
49.210771
51.253293
52.127728
48.539674
45.260358
46.992978
49.717804
51.488445
50.151171
47.900939
51.104794
50.423209
51.229874
47.611973
46.695824
46.640111
44.273017
42.385139
43.649742
46.481179
43.658905
41.062148
41.401691
43.681804
48.150805
48.764741
45.546679
46.173586
47.460510
44.922155
48.433460
48.557183
48.567479
47.227111
45.354162
48.598354
50.328918
49.140615
49.463118
46.097722
45.259253
43.947696
42.638011
42.801869
46.572524
43.449741
42.627691
42.451384
43.274473
47.539457
42.472108
41.960934
41.717143
43.660967
44.643029
45.660048
48.608230
51.563165
49.677359
45.880279
45.632006
45.671873
46.378012
46.128950
46.840154
46.952742
47.068461
46.896055
47.440067
46.872167
47.281709
45.317105
45.902505
46.283474
46.690470
47.183896
47.687315
46.217746
46.867046
47.675990
47.518417
47.675990
47.675990
47.675990
47.675990
47.675990
48.662100
48.662100
47.675990
48.507731
48.662100
48.507731
48.507731
48.507731
48.507731
48.507731
48.507731
47.675990
47.675990
47.675990
47.675990
47.675990
47.675990
47.675990
47.675990
