0.000000
0.447214
2.529822
2.863564
1.264911
1.000000
5.903389
9.818350
9.718539
5.603570
3.041381
1.726268
3.488553
4.860041
2.707397
2.915476
2.517936
4.884670
4.501111
2.517936
0.707107
0.781025
1.392839
5.223983
5.679789
5.408327
4.134005
2.758623
2.193171
3.269557
1.118034
4.272002
5.920304
5.869412
3.640055
2.500000
3.041381
4.738143
8.285530
9.831073
5.590170
7.692204
7.357309
7.080254
4.045986
2.692582
4.304649
6.129437
6.063827
5.703508
3.640055
0.538516
2.570992
0.781025
2.343075
5.590170
5.714018
3.905125
2.247221
4.104875
2.061553
1.562050
2.758623
1.166190
1.300000
6.082763
8.160882
7.810250
7.496666
7.224957
7.280110
6.511528
6.276942
5.440588
6.648308
6.324555
8.052329
7.858753
9.610411
9.414882
11.180340
7.570997
5.922837
4.275512
6.612110
7.000000
8.009994
7.045566
8.089499
7.011419
6.324555
7.343024
10.221546
8.653323
7.121798
7.211103
7.000000
9.633276
9.476286
9.338094
6.403124
9.338094
10.963576
12.649111
11.636151
8.944272
6.129437
6.251400
6.303174
6.412488
6.576473
9.239589
11.701709
10.331021
9.009439
7.762087
5.728001
6.363175
6.171710
10.469479
14.008926
8.099383
6.312686
9.000000
11.552056
12.806248
10.589145
11.718362
13.998929
14.494137
14.534442
13.572398
11.344161
10.290287
10.927488
13.901439
16.770510
18.386136
20.041208
18.613167
15.008331
19.037069
24.105808
23.067076
18.681809
16.560495
18.062392
19.612496
16.824090
15.743253
17.327723
15.487091
12.175796
10.404326
11.569356
18.062392
20.462893
21.498139
18.203571
16.368567
16.560495
16.864756
18.169480
18.454810
19.843639
15.700318
16.860012
16.454179
16.393291
14.787157
14.230249
15.171684
15.179592
11.765203
9.087354
10.124228
12.998846
14.303147
13.875518
13.100382
10.688779
9.472592
8.256513
7.040597
7.792946
9.013878
9.415413
9.841240
7.632169
8.052950
7.762087
7.915807
12.628935
13.709121
12.116518
6.519202
7.912016
7.596052
7.334848
7.134424
5.000000
8.900562
9.070832
8.998889
8.928606
4.527693
9.588535
12.500400
13.544741
8.805680
3.807887
2.785678
3.023243
3.440930
4.178516
5.099020
7.665507
6.887670
8.440379
7.359348
6.708204
6.846897
8.032434
8.736132
9.202174
8.246211
5.813777
6.511528
7.602631
6.811755
6.082763
4.967897
4.617359
3.757659
5.280152
6.082763
2.607681
1.843909
2.280351
2.863564
5.099020
4.049691
4.049691
2.280351
3.162278
5.830952
6.594695
8.964374
8.544589
8.163333
5.220153
7.002857
7.253275
9.141116
7.738863
7.615773
8.572631
8.411896
7.470609
7.657676
8.321658
9.849365
11.536464
11.810588
12.091733
12.379418
10.857716
10.705606
9.349332
7.582216
7.826238
4.904080
2.906888
0.223607
2.202272
6.103278
9.167879
8.127115
9.902020
8.947067
8.077747
10.737784
12.467959
14.202113
13.238202
13.729530
16.617160
17.596022
16.129786
15.250574
13.756816
15.592626
16.780048
14.034600
13.104579
12.500000
15.289539
18.496756
19.751709
17.174691
14.080128
14.549914
14.410066
15.610894
17.223530
17.902514
13.938795
11.604310
9.381365
9.630161
11.101802
9.918165
8.805112
10.214206
12.229881
13.829317
16.604819
15.866001
18.933568
20.188363
19.104973
18.221416
16.367040
17.267889
18.647252
22.638463
18.598118
18.843036
20.727035
21.107818
21.523243
22.361798
23.342022
21.467417
22.495555
23.690715
23.226063
22.913970
25.005000
25.900772
25.223997
22.971286
20.875105
20.912197
19.491793
21.260292
26.977398
29.891805
28.439761
25.761988
20.408332
20.686711
21.500233
20.953759
20.831227
20.554805
14.319916
10.711676
9.313431
12.159770
20.988092
23.988330
29.138634
32.461670
27.812587
19.646883
24.955961
28.404225
26.206869
22.172054
20.248457
19.359752
14.764823
11.610340
12.280065
12.727922
13.263861
12.382245
11.583177
8.395237
8.139410
8.956004
9.533625
7.942921
8.438602
10.735455
12.022063
14.545446
14.682302
16.641214
18.848077
20.276341
20.424740
20.575957
21.225692
19.293781
19.041271
19.285487
18.523769
18.872467
21.077239
19.954198
18.919038
16.538742
16.104968
15.692355
15.831930
15.121177
17.083618
16.378339
17.557050
21.005952
23.122500
22.760712
22.410935
18.200275
21.780037
25.371835
25.078477
22.872910
22.073740
24.205165
23.945981
22.167769
23.872369
25.985573
24.497551
24.502449
26.921553
28.888233
30.907119
30.636579
30.411347
30.390788
30.180292
30.149627
29.996166
29.854313
29.871893
29.955300
34.033072
33.624396
32.812345
33.970576
35.148969
36.345564
35.565854
34.045851
34.524919
37.038898
39.613760
39.545543
41.507228
43.214002
42.947060
42.687820
40.404208
40.140379
43.982951
45.841575
47.565744
48.000208
46.331199
44.759133
43.109396
41.527100
41.512046
41.503012
43.500000
43.525854
45.598794
43.722420
46.057030
46.290928
46.527949
48.592695
45.693435
44.629699
45.574225
48.533391
49.510100
48.920037
50.300398
49.700402
51.103522
50.589030
52.437868
54.501101
56.387676
54.660132
52.280493
55.570946
58.535203
61.546486
60.617902
57.578208
54.162441
52.867098
51.440548
54.007129
56.579590
55.592176
54.517979
55.523058
56.528665
59.533604
58.705451
59.921365
61.147118
60.311939
59.533604
59.565846
59.608808
59.662467
59.726795
59.801756
56.817691
57.638963
56.641416
57.534772
58.500000
57.716982
58.905433
60.100333
59.321581
60.574334
62.531992
62.571959
60.632087
60.706260
60.796793
61.393892
61.991048
62.588258
63.185520
63.782835
64.623912
63.625860
62.627869
61.629944
62.627869
61.629944
62.627869
61.629944
62.787339
63.782835
63.782835
64.001953
65.986741
65.986741
65.986741
67.330305
66.503609
65.875109
63.253221
62.627869
62.484638
62.351985
62.229977
61.918737
61.629944
61.430367
61.393892
61.194853
62.986427
64.623912
65.987650
65.360003
66.736272
66.119362
65.568666
66.168044
66.767432
67.366832
67.966242
66.507518
67.504741
66.502707
67.501185
66.500301
65.500000
66.714691
65.904856
65.100307
66.301207
65.568666
65.987650
66.408810
64.836178
65.262317
63.696546
64.181072
64.679904
65.192714
65.719175
66.258962
66.091830
65.925488
65.759942
65.595198
65.124880
58.251953
55.632814
50.734702
55.741277
63.009920
64.327055
61.676008
61.015818
60.360335
59.709714
68.594533
71.533838
68.504671
65.514960
58.534178
55.629938
53.047243
52.028934
52.597433
55.509008
50.694872
53.951182
59.038377
61.993306
63.001984
66.115127
67.081219
66.003712
63.028644
58.363088
66.439296
69.839602
66.819309
63.374522
63.501968
60.951866
52.455886
45.781765
50.834831
50.002500
45.387443
38.783115
42.125764
41.165155
41.527100
38.574733
35.574429
32.574376
29.500169
26.800187
23.042569
21.514879
20.120636
14.588009
13.341664
16.260689
18.309560
17.090641
13.789851
6.800735
11.386395
11.182576
8.077747
3.612478
5.220153
11.292475
16.641214
20.896890
18.449119
8.000000
7.550497
8.856636
8.572631
6.997142
12.539936
13.440610
12.491997
9.646243
11.280514
16.800298
21.169081
27.220764
27.158240
26.060123
25.044960
31.468238
36.840874
36.565694
31.894357
27.681221
30.231771
28.873690
27.324714
30.711724
30.149627
29.781370
25.626549
25.953227
25.997692
26.100766
30.187580
34.690200
35.025848
32.073198
31.531730

