    0.5000
    0.6083
    0.8544
    0.3606
    0.6083
    1.1180
    1.1402
    1.2042
    0.3162
    0.5000
    0.7071
    0.4472
    0.3162
    0.4472
    0.7071
    1.0000
    0.8000
    0.4000
    0.6000
    0.2000
    1.0000
    0.3000
    0.6000
    0.9000
    1.2000
    1.5000
    1.3416
    0.9220
    0.6325
    0.5000
    1.4142
    1.2806
    1.8868
    1.4000
    1.2000
    1.0000
    1.2649
    1.4142
    0.6325
    1.0000
         0
    0.6325
    0.4472
    0.8944
    1.2649
    1.0000
    2.0809
    1.9799
    2.1840
    1.9698
    0.5000
    2.0248
    2.6926
    2.0248
    2.7659
    0.7071
    2.3601
    1.3342
    0.3606
    1.5556
    1.1180
    1.0296
    1.2207
    1.9849
    0.1000
    0.7071
    0.4123
    1.3342
    2.0809
    1.1045
    1.5000
    2.1213
    1.7464
    1.7029
    2.0616
    2.5495
    3.4438
    3.7336
    3.6249
    4.1785
    4.5277
    3.4928
    2.9833
    2.7203
    2.1213
    2.2361
    1.5297
    2.0881
    1.7493
    2.3324
    1.5811
    0.9220
    1.5811
    2.3345
    2.4698
    2.5000
    4.3139
    4.7634
    4.7424
    5.2924
    6.8007
    6.0539
    4.9649
    4.8836
    4.9041
    4.0311
    3.4928
    3.0083
    2.6077
    2.3345
    2.2361
    2.4187
    2.8284
    3.0414
    4.5607
    4.7170
    5.4708
    6.2266
    7.8721
    8.2541
    9.9624
    9.0471
    6.8884
    6.1685
    4.9041
    4.5000
    4.1012
    4.7043
    5.3085
    4.9163
    5.5227
    6.1814
    6.8659
    6.3789
    6.0877
    5.8523
    5.4424
    5.9775
    6.5253
    5.1546
    4.7434
    6.0083
    6.3325
    5.7706
    7.0214
    7.3824
    6.8600
    7.2069
    7.5591
    8.8238
    9.1924
    9.5509
   11.1973
   12.5929
   13.2673
   13.7295
   13.1381
   12.5674
   12.1198
   12.6752
   12.2577
   11.2294
   12.1511
   12.1037
   12.0603
   12.0208
   11.2272
   10.4355
   10.9385
   10.1637
   10.3078
   10.5991
   10.4695
   10.3470
   10.2318
   11.4237
   11.0494
   10.6892
   11.2254
   12.6625
   12.8160
   12.8950
   12.2381
   11.9549
   12.6384
   13.3417
   12.4952
   12.6301
   12.9757
   14.0812
   14.4309
   13.7873
   14.3391
   14.6973
   14.2580
   15.7877
   15.9656
   15.0083
   14.2021
   15.3834
   14.5774
   13.9302
   13.1643
   13.5074
   11.8870
   11.1018
   10.9179
   10.7355
   10.4307
   10.2396
   10.0000
    8.8051
    7.6236
    6.4630
    5.3367
    4.2720
    4.3909
    4.0706
    4.2802
    5.3600
    5.8310
    6.6573
    7.4887
    7.5286
    8.3738
    7.8102
    7.0456
    6.8819
    6.1774
    5.5714
    5.3852
    4.8083
    5.5027
    5.9228
    5.6321
    6.0828
    5.3038
    5.6143
    5.9135
    5.3367
    4.9244
    5.4342
    6.1131
    5.9304
    6.7030
    6.5765
    6.5069
    6.5276
    5.5731
    5.9237
    6.0415
    5.0359
    5.5444
    6.1188
    5.8873
    6.7082
    5.9237
    6.4622
    6.6940
    6.2642
    5.5902
    6.3569
    5.9237
    5.5036
    5.6400
    6.7268
    6.5192
    7.1028
    6.9065
    7.5664
    7.1063
    7.2422
    7.2180
    7.3246
    5.9414
    6.0208
    4.4922
    5.0567
    3.9013
    4.2107
    3.5355
    4.3829
    5.5082
    6.9921
    7.0328
    4.9244
   17.0294
   16.7705
   19.3132
   23.2648
   27.2029
   30.4592
   33.7260
   37.8423
   40.6123
   43.9090
   46.4966
   49.5774
   50.8485
   53.4928
   55.2472
   57.6439
   60.0910
   61.6456
   64.1683
   65.7761
   67.1050
   68.4341
   69.7633
   70.1411
   71.4703
   72.8643
   73.3062
   73.4479
   74.5600
   74.7262
   72.0457
   71.2904
   69.5731
   68.8177
   67.1007
   65.5355
   63.9727
   62.4123
   62.0782
   60.5186
   58.8507
   58.1489
   56.4836
   56.0616
   55.3624
   55.0019
   54.6465
   54.2963
   53.9515
   54.5550
   54.2019
   54.4486
   53.7573
   54.3567
   54.6008
   54.4291
   55.5623
   55.7940
   56.5555
   56.8177
   56.5796
   55.9129
   56.1894
   57.3694
   56.8705
   58.3600
   59.0204
   61.3499
   61.4613
   62.9623
   62.7389
   55.5763
   54.1140
   53.3889
   53.4158