85 191 35 131
88 188 35 131
92 185 35 131
98 190 35 131
105 188 35 131
108 189 35 131
115 181 35 131
117 182 35 131
120 185 35 131
121 185 35 131
121 184 35 131
126 184 35 131
128 185 35 131
134 185 35 131
134 185 35 131
141 186 35 131
143 186 35 131
146 186 35 131
149 184 35 131
157 183 35 131
159 183 35 131
160 183 35 131
163 184 35 131
168 184 35 131
170 188 35 131
175 187 35 131
177 185 35 131
181 187 35 131
181 185 35 131
184 184 35 131
187 182 35 131
190 180 35 131
192 181 35 131
194 182 35 131
198 181 35 131
204 182 35 131
209 182 35 131
213 182 35 131
219 181 35 131
224 180 35 131
228 180 35 131
232 178 35 131
235 177 35 131
238 178 35 131
241 178 35 131
244 179 35 131
250 179 35 131
254 180 35 131
260 180 35 131
267 181 35 131
272 184 35 131
276 183 35 131
280 183 35 131
286 183 35 131
288 182 35 131
295 182 35 131
299 182 35 131
304 182 35 131
310 182 35 131
315 185 35 131
319 185 35 131
323 180 35 131
328 180 35 131
332 180 35 131
335 181 35 131
341 187 35 131
346 187 35 131
351 183 35 131
355 185 35 131
360 187 35 131
365 187 35 131
368 185 35 131
370 185 35 131
375 186 35 131
379 187 35 131
383 187 35 131
388 185 35 131
390 185 35 131
394 185 35 131
392 186 35 131
391 181 35 131
385 181 35 131
380 180 35 131
400 194 35 131
395 187 35 131
392 188 35 131
388 189 35 131
387 190 35 131
383 189 35 131
382 190 35 131
375 187 35 131
373 188 35 131
369 189 35 131
366 191 35 131
363 193 35 131
360 195 35 131
358 195 35 131
359 196 35 131
358 205 35 131
358 208 35 131
359 212 35 131
359 218 35 131
355 220 35 131
354 218 35 131
353 218 35 131
351 220 35 131
348 224 35 131
348 225 35 131
347 228 35 131
345 230 35 131
346 230 35 131
352 225 35 131
354 227 35 131
355 229 35 131
359 230 35 131
362 235 35 131
361 236 35 131
360 237 35 131
360 238 35 131
360 239 35 131
359 241 35 131
360 237 35 131
358 237 35 131
360 238 35 131
362 237 35 131
365 228 35 131
370 227 35 131
376 228 35 131
384 228 35 131
392 228 35 131
401 228 35 131
409 227 35 131
418 227 35 131
425 227 35 131
431 226 35 131
434 227 35 131
437 227 35 131
440 230 35 131
444 231 35 131
447 231 35 131
451 233 35 131
456 233 35 131
462 233 35 131
468 233 35 131
475 233 35 131
483 235 35 131
487 231 35 131
492 226 35 131
500 218 35 131
501 221 35 131
502 219 35 131
500 223 35 131
496 223 35 131
484 219 35 131
473 218 35 131
463 227 35 131
451 224 35 131
446 214 35 131
436 215 35 131
433 215 35 131
432 214 35 131
431 213 35 131
434 212 35 131
436 211 35 131
439 210 35 131
439 210 35 131
444 193 35 131
445 186 35 131
447 190 35 131
446 187 35 131
443 192 35 131
440 185 35 131
440 188 35 131
438 186 35 131
452 180 35 131
435 183 35 131
446 176 35 131
445 180 35 131
439 172 35 131
434 171 35 131
428 164 35 131
424 160 35 131
421 159 35 131
423 157 35 131
419 176 35 131
420 178 35 131
422 183 35 131
400 182 35 131
400 180 35 131
405 171 35 131
405 174 35 131
400 170 35 131
396 166 35 131
394 166 35 131
390 172 35 131
389 173 35 131
386 171 35 131
387 175 35 131
385 175 35 131
381 174 35 131
379 174 35 131
376 171 35 131
374 173 35 131
372 173 35 131
372 174 35 131
373 175 35 131
372 176 35 131
371 178 35 131
371 179 35 131
370 179 35 131
368 178 35 131
367 177 35 131
365 175 35 131
364 175 35 131
363 174 35 131
361 174 35 131
360 174 35 131
358 173 35 131
355 173 35 131
351 171 35 131
349 171 35 131
348 171 35 131
347 170 35 131
347 170 35 131
346 171 35 131
344 172 35 131
342 173 35 131
339 174 35 131
336 174 35 131
333 172 35 131
330 171 35 131
329 173 35 131
328 173 35 131
326 174 35 131
327 175 35 131
326 175 35 131
327 174 35 131
322 166 35 131
323 171 35 131
325 195 35 131
325 199 35 131
327 201 35 131
325 204 35 131
317 187 35 131
315 187 35 131
312 187 35 131
309 195 35 131
303 189 35 131
298 189 35 131
292 191 35 131
287 190 35 131
