1.000000
1.835409
2.860354
4.344059
3.344847
2.504596
3.022201
3.686804
3.454113
1.832280
1.880007
1.278828
1.649257
2.290922
1.394633
3.401944
4.122002
6.297341
12.016140
15.830358
346.384541
351.078695
356.063548
358.716113
363.033401
364.959244
369.938171
372.694580
375.348172
379.435436
382.218851
385.728207
387.144999
390.015705
390.793104
395.034492
397.940008
400.082804
404.371426
407.985600
412.903439
419.290174
420.086003
421.564052
420.221668
418.884531
417.472454
417.472454
416.728029
414.572370
415.173759
411.609341
413.829977
408.851134
403.133043
406.632820
405.895615
407.930448
405.693542
404.208177
404.156220
404.137662
399.161935
396.337293
392.833616
388.068615
384.671613
383.996419
380.146353
379.582995
373.940169
369.391730
365.419280
357.720911
352.271557
345.604181
343.457785
340.800895
339.660492
332.681905
333.793724
330.524205
323.935565
320.454755
316.158584
310.396923
309.902001
307.072060
303.796396
304.156621
303.234645
300.571539
292.927039
293.820098
290.248600
288.012587
288.005642
284.000440
285.780073
286.271287
286.737249
286.796531
286.323680
284.733647
286.094827
282.613252
284.615969
284.262643
286.323680
289.803813
291.409077
291.913086
292.190434
292.226368
290.226205
292.214390
295.010593
294.825796
297.284796
298.221813
301.529849
304.738002
307.444710
307.146952
304.824950
303.900066
306.638631
305.190514
306.555460
311.496790
312.192649
313.602057
315.032141
316.487362
315.140048
315.232057
312.461598
312.592786
314.080006
314.825745
316.904165
316.321435
317.918622
317.164390
316.719513
316.071590
317.723543
321.308652
320.033201
321.579306
324.393665
328.126881
330.796388
333.123476
333.432527
330.958079
335.343481
337.111628
335.710068
338.703779
338.703779
338.100946
339.102123
340.331089
340.198839
342.889559
343.393724
343.654259
346.410522
346.410522
354.736874
355.008803
355.840203
358.891697
360.559634
359.462446
357.533565
356.694898
356.150600
356.694898
355.568910
352.545387
354.473201
356.404616
351.463014
353.149048
353.686655
353.993291
353.149048
354.226269
357.789393
358.339574
359.725242
360.278018
360.278018
3.807887
3.852561
267.421016
260.982708
256.538270
252.468474
251.097460
245.961490
244.751638
237.576497
233.423458
230.294413
227.120184
224.375706
220.899551
216.935075
214.396768
208.960137
206.031372
204.013409
201.093702
197.278086
195.288638
193.568907
190.792233
189.325206
188.291729
184.789096
184.670264
183.347704
183.377111
183.443321
182.652853
179.735421
178.213622
178.623669
174.584659
174.140970
173.136439
170.099395
169.083295
170.237963
15.524175
13.084476
9.610157
10.775626
8.318765
10.035290
8.579564
11.359895
158.268759
155.903398
151.221447
149.401962
146.457855
142.020089
142.760153
137.955695
136.125304
134.979751
130.157975
128.590838
125.633133
123.336063
120.536190
117.326325
111.447520
109.390930
115.336464
114.643674
112.109682
110.215196
106.499504
101.760621
100.758868
99.535888
100.358765
94.537283
94.410869
94.021274
93.297708
94.081063
90.889881
88.317773
86.098173
83.640888
84.475677
84.104911
84.706284
86.008127
92.813915
95.044952
96.231767
93.618692
94.624779
94.736428
97.321871
100.792976
100.092270
103.649256
108.042853
111.525000
116.188708
117.033176
119.571195
121.065432
125.211249
128.527881
130.488981
131.320738
136.557060
140.489445
141.302582
143.429420
143.132747
146.186140
147.981005
148.512445
147.605485
150.402335
152.363609
153.000824
155.343520
157.192063
159.945640
162.315951
162.211073
164.664886
165.194190
164.133844
162.672218
164.571670
163.881290
163.881604
164.313973
162.878111
162.695613
162.626035
165.170553
164.458226
164.642069
164.328480
162.501424
163.336719
163.433421
163.514763
162.792083
161.002383
162.788532
161.666470
162.263735
163.464219
161.464190
164.205564
164.911863
166.382241
164.350537
164.485636
167.756559
167.318208
167.696854
169.996121
168.008163
168.917933
166.517774
167.468817
166.923358
167.385664
169.511706
169.082256
167.374784
169.086947
168.683130
168.987988
169.207849
169.512264
170.613310
171.706832
170.172920
169.952442
170.648932
170.775590
304.870874
305.880436
304.718286
305.642469
305.707288
308.585482
306.608450
306.147432
304.452794
305.141271
307.195763
305.583192
306.502242
309.412767
309.196818
306.733546
308.883473
309.596984
310.316523
311.292708
312.482048
313.073410
318.015706
317.698259
316.736419
317.888143
315.466038
316.246425
316.819108
319.104884
317.856013
314.611402
316.320619
314.637961
315.101762
316.142440
315.053058
314.402566
314.710543
314.161102
312.777708
316.057906
311.953137
312.517206
312.517206
312.814076
313.549517
314.448207
314.342047
313.150978
311.679952
310.749816
310.452742
307.348870
307.909546
306.998216
305.238604
305.136170
302.722867
301.583761
301.853406
300.824928
300.150173
297.575673
296.871117
294.992154
293.076376
290.061938
288.407099
287.449687
285.556134
283.700973
277.484472
275.302316
270.789622
267.089413
10.606602
9.016258
8.271543
8.551751
10.965702
8.731301
7.061878
13.504314
10.678096
10.511270
9.011132
202.915007
193.644003
186.664311
181.237365
174.879458
166.990417
161.278215
154.124812
148.485726
140.172808
134.781790
129.072255
121.803582
116.409517
110.403338
104.534337
101.152164
99.374271
97.948291
95.537354
151.003311
160.673845
168.749230
173.457191
177.340996
175.974463
184.048799
184.263237
187.216432
191.132935
195.084220
200.427869
203.082400
206.347258
209.719291
213.883061
214.692897
218.438324
217.198033
216.520042
133.645052
131.124272
131.795927
133.604907
137.065808
138.914993
141.488395
144.641507
146.274498
149.873734
149.625491
152.877219
154.091588
156.916370
156.601776
159.192117
160.321398
161.435466
164.057384
166.985138
169.225150
173.576496
175.491308
178.002725
181.822946
183.426652
184.131140
188.902634
194.161865
199.572696
203.023181
206.338814
209.854476
208.139414
211.471551
215.497893
219.242316
225.772488
227.534009
230.911581
236.919316
239.314102
242.799415
243.343614
247.944902
252.088034
257.071656
260.294276
265.663717
266.288133
271.608800
272.490334
273.943943
277.338418
280.669595
286.034314
287.982801
3.605551
3.226988
2.978695
2.971182
4.900638
4.209647
2.871672
3.493222
3.750000
2.300962
2.566598
2.958179
2.687215
3.488166
2.826102
4.952456
3.746151
3.643079
2.464183
2.343128
1.068504
0.980523
2.950153
2.904238
3.116192
3.037668
3.976698
3.706973
3.909453
5.303871
3.468083
3.861272
2.619046
2.249428
3.460925
3.652208
3.095036
2.206320
2.335562
2.084304
1.155509
0.761988
2.895186
2.045495
1.019338
1.486649
1.644331
2.192761
4.352195
3.114330
283.668821
284.004686
283.875796
283.228625
286.638737
286.340479
287.050543
288.031976
284.806781
283.070544
283.788660
281.748019
279.428970
278.813178
278.241563
278.648518
277.700468
275.470621
274.496454
271.551681
268.700670
265.087773
260.399831
23.086793
21.388616
22.255858
23.421837
23.033893
23.395030
23.452796
22.506535
20.506127
21.482598
18.942968
20.740266
21.215650
20.322783
23.478618
410.172220
147.873257
145.002397
141.461539
142.063864
134.676563
132.221887
128.119384
121.558243
431.840538
436.567578
437.185601
440.297911
438.904602
440.058235
447.382666
445.635782
446.798892
448.554623
449.951386
449.142795
449.951386
450.539954
448.119683
449.951386
451.797798
449.239635
450.870547
449.820242
450.054719
448.900045
450.784039
449.963610
449.963610
449.963610
449.963610
447.430721
449.143908
449.392089
447.686553
447.686553
448.511148
446.296146
444.045324
444.605724
444.045324
443.515783
443.515783
443.515783
444.081355
441.866779
442.389252
441.300634
440.476163
440.736032
438.261623
439.346390
437.130701
435.446036
439.085698
438.520524
439.910502
439.969601
442.268301
443.662315
442.268301
438.087035
435.544774
434.152335
430.547616
429.155275
425.880558
422.276272
419.489273
419.489273
415.309824
