2.236068
2.655377
3.693542
2.690465
3.801710
2.288165
1.479223
2.615363
3.282000
2.813619
3.554423
3.794153
2.748186
3.963348
3.187652
3.435233
3.582639
4.685963
3.470695
4.472119
3.363127
3.633886
3.848198
3.268276
2.892006
2.311634
3.675843
2.734726
2.495481
3.334835
3.571138
3.547309
2.629644
2.976008
2.450561
4.226547
4.069340
3.730965
2.560942
3.063042
3.896165
3.509024
3.859446
3.697530
4.826438
4.057394
3.913710
4.271136
4.626049
4.676949
4.058562
5.232461
4.473623
3.080637
4.418668
4.436623
4.037431
4.307116
5.312883
4.624035
4.579301
4.041237
5.679952
4.505133
4.795519
5.821445
5.473402
5.594678
5.356277
6.274584
4.433218
3.827173
5.363322
4.109513
4.975814
5.415542
4.602024
5.761827
6.182867
5.771828
5.670295
6.169605
6.895870
6.893189
6.778364
7.863142
9.413060
8.005848
9.270437
7.686020
9.072522
6.885064
8.515810
7.379101
6.718886
8.304988
7.470937
7.732920
7.381831
8.083565
6.847076
5.629707
4.706405
6.763167
7.570327
7.826123
6.617849
7.651996
7.519476
7.705720
8.219630
7.516814
9.331721
11.996204
11.384767
13.557305
13.139873
11.644141
10.562619
10.183401
9.005255
7.921435
7.069830
6.234832
6.065585
8.323596
7.635321
11.412712
13.034927
12.971493
12.915213
15.376093
7.905694
5.514130
8.253330
9.703475
10.275996
10.173537
9.586120
8.981688
9.213768
8.174717
10.761107
11.447997
10.480630
10.008926
9.226909
8.568926
7.928053
7.055361
8.380483
7.953666
6.845548
6.968590
7.835849
7.417604
7.075875
8.837773
7.453177
8.220103
7.668170
9.365514
6.372372
8.191851
7.535970
6.353243
6.791763
6.219110
6.590269
6.955519
8.398289
8.398269
8.460994
9.066080
9.249468
8.408359
7.901989
7.549379
9.418016
7.598381
8.870347
9.311198
9.697510
10.628529
8.369004
9.844128
9.792018
8.690289
8.658666
9.731800
9.991869
11.221161
10.628689
12.075166
11.171474
12.990866
13.328781
13.811656
13.682961
12.724945
10.167395
8.802439
7.407311
9.936630
8.035079
8.280873
7.065078
5.009294
6.935373
6.857633
8.040902
8.595582
8.759672
9.360903
10.152553
9.954653
10.360854
8.933646
9.433878
7.687771
7.194025
10.008428
5.513023
5.263934
6.604922
5.523011
5.838144
5.209858
4.866048
5.476030
6.146229
5.989491
6.919975
7.289719
8.496602
8.498179
9.150165
6.785046
9.588041
9.206743
7.352721
8.731737
11.171756
9.378653
9.221232
9.519677
9.250963
8.674135
8.181326
7.131628
6.898596
7.398738
6.539841
7.763416
6.307696
6.526027
7.050044
5.970488
6.359344
7.008825
4.645872
6.612099
5.275550
6.202584
4.943703
5.656556
6.279650
6.315604
4.970780
6.689245
6.937038
7.030941
7.429335
7.839619
7.216046
6.894005
6.812474
6.844710
6.049529
4.403206
6.664781
5.849900
4.728028
6.139684
5.850823
6.462585
6.820924
7.698886
7.636015
8.895090
10.077661
7.181288
7.361815
8.868881
7.450453
7.582256
6.878345
10.192389
8.576207
8.851316
8.279694
9.412010
8.346892
6.648784
7.915570
8.912891
7.370254
8.579028
8.937233
7.619829
7.355027
6.804036
6.059526
7.462113
6.634275
5.910283
6.392114
5.437909
6.388153
6.591605
6.356265
6.202782
5.636765
5.549022
6.645134
5.664232
6.092934
5.631245
5.555128
5.737147
6.347939
8.286744
7.043195
6.427015
5.584465
6.074619
8.440053
8.157512
8.531873
8.755241
8.102970
8.428772
8.251704
6.304017
5.406223
6.922608
6.654602
2.897089
5.357194
4.025298
6.056024
5.783788
6.570306
6.119367
8.145614
8.072907
6.427009
6.122534
7.997890
8.855589
6.676992
8.011362
9.487307
7.288115
7.286618
5.487625
5.839822
7.011114
6.416863
8.201934
8.019258
8.155631
6.777014
8.172322
8.479453
8.899924
7.127191
6.848841
7.359093
5.676568
6.249900
3.592054
8.644455
4.320475
5.859714
5.335115
6.842368
5.491787
6.282090
7.706499
5.856492
7.653300
5.441553
5.990993
5.675881
6.707021
7.143873
8.063997
5.788586
7.324795
8.005094
7.255455
7.344626
7.166340
6.664692
7.595163
7.164923
6.279039
5.923802
4.783735
6.486370
7.453120
6.936548
7.274338
4.880791
9.091822
7.167644
8.035860
8.621905
9.746079
7.516399
8.273761
7.899426
8.437135
6.710291
5.861359
8.901018
8.626878
10.625114
9.172058
7.162772
9.077259
9.353609
10.157975
9.872433
8.158214
9.853987
8.638178
11.183696
12.250408
10.925772
10.120446
10.105703
7.994018
10.052256
10.403861
9.791993
10.307631
10.353574
9.700786
8.932416
10.154142
9.540022
9.499428
10.451661
10.275459
11.871909
9.421690
11.258238
9.503171
7.076245
8.155023
8.523946
7.233799
8.150153
7.639393
9.464863
11.008875
7.431287
8.703282
9.145657
10.338899
12.416015
12.044071
9.586513
9.737566
9.893464
7.672407
9.478693
9.764974
8.444195
7.778073
7.056238
9.078432
8.858442
6.861213
5.495694
6.339647
4.825000
5.293340
4.562324
3.676224
3.991422
6.168468
4.634568
4.902474
4.494135
3.837424
4.379763
4.520398
4.265317
5.628943
6.181272
5.849865
10.404326
10.311026
9.176127
7.853071
10.031361
10.039374
7.904888
7.474900
7.192401
6.145415
7.354482
5.419124
4.517391
4.174787
6.084657
4.723267
6.361985
5.626244
5.790699
6.708854
6.774004
7.217550
5.271646
6.087810
4.621353
6.193706
6.944339
8.018031
8.147015
8.545778
8.004200
9.673102
10.752215
9.712190
9.792796
7.811090
7.470370
5.904975
5.642094
5.560650
4.591171
5.878956
6.384601
5.675284
5.161330
4.850567
5.369276
7.019888
8.080200
6.516061
6.329741
8.234806
7.924382
10.523594
10.676547
10.047890
9.950126
11.705264
11.642797
10.869443
10.424135
11.062126
11.134951
9.817357
11.927005
9.594922
10.781151
11.684803
13.383084
11.314119
10.231678
7.216240
9.959459
12.013968
10.679584
11.502057
7.058626
6.548565
4.702523
7.550041
8.119474
9.369365
10.011438
14.488487
14.090511
16.335398
16.468471
15.000000
12.414800
13.168360
12.724776
21.762098
20.185255
15.164106
14.940188
26.043233
25.624826
14.812739
