4.472136
4.258822
4.720251
3.748471
4.392183
3.728734
2.538924
3.251768
4.309711
3.823220
4.507278
5.373222
6.203574
5.960488
6.376806
7.148629
7.922142
6.317241
5.752614
5.275939
5.824926
6.170216
7.039494
6.708241
7.505979
6.201291
6.661158
6.025058
6.332414
7.189463
5.301845
5.847252
6.617408
5.672371
6.471691
6.165879
6.574292
6.935790
6.219417
7.196560
5.607765
5.791178
4.346255
5.171009
5.408607
4.585293
6.313954
6.830913
5.425592
6.563746
5.001404
5.856599
5.270784
4.014956
4.143379
4.851035
5.580654
6.047074
5.457674
4.634997
5.534584
6.734242
5.639640
5.015477
4.488764
4.437312
5.362418
4.811085
3.774732
2.528832
4.358528
1.968265
1.753666
2.849898
3.035591
3.493168
3.278802
4.692613
3.992944
4.341886
5.342985
4.883826
6.470302
6.551900
7.436583
6.049593
5.157504
5.386994
6.576463
5.956078
6.323622
6.556126
7.187765
6.792805
7.025275
6.339954
6.322809
5.349287
5.563775
5.681039
5.595316
4.101606
5.625960
4.098366
3.054442
4.139962
2.941615
3.736440
3.074454
2.043577
1.068943
1.414194
0.883849
0.613222
0.505089
2.084507
2.847704
1.426033
2.634823
2.224833
1.840301
5.261949
2.805967
3.984802
3.053928
3.407165
4.659955
5.518434
7.295449
6.511054
8.964041
8.887748
7.658400
8.320308
7.308342
7.782417
7.859371
7.718420
8.331451
7.832283
8.116103
9.221751
8.602773
8.391804
9.358900
9.091639
8.257252
10.073608
8.824580
9.696527
9.443585
11.504145
9.569589
9.067711
10.103964
10.801622
9.854835
11.223340
10.563225
9.797463
9.608188
12.006736
10.449607
11.016018
12.567783
12.730430
13.001556
13.463591
14.265531
16.137739
5.385165
5.079710
5.228483
5.514342
5.231171
5.341853
5.551380
4.605000
5.457181
3.231118
3.690974
3.483506
3.722616
2.462021
2.541930
3.041381
3.057702
2.721900
3.116786
3.583066
3.762501
4.340107
4.937399
4.359232
3.781426
4.992246
4.732172
5.186669
5.715163
4.924113
5.315250
5.420843
4.526040
5.189720
5.056689
3.870031
4.783676
5.151025
5.142651
5.538531
4.945500
5.628758
4.310010
3.577348
5.297520
4.187771
4.322226
4.012622
3.541406
4.899548
5.333099
3.788254
4.619491
2.981262
3.991938
4.439516
4.863784
3.560865
5.241817
3.639846
4.706700
5.072530
4.982487
6.386181
5.367923
3.445714
4.840793
4.241591
4.675076
3.811661
3.426809
4.708541
4.115751
4.549726
3.840769
4.410516
4.618153
3.802289
4.393930
4.232729
3.808407
3.923786
4.697433
4.643870
6.324555
6.150457
5.469187
5.843399
4.191793
6.103278
4.880958
4.918000
5.041226
3.945522
4.665347
4.379146
4.248753
3.569748
3.163124
3.799609
1.972648
3.041892
3.778904
3.971283
1.359761
1.828957
3.407262
2.553900
3.865150
2.188630
2.779559
2.877364
2.170735
3.546776
2.633069
4.101666
3.378702
1.078796
1.144884
1.455094
1.520267
2.147762
2.832216
2.623851
2.985151
3.779837
3.096112
3.115819
2.423903
3.250465
3.102036
2.940477
3.973954
4.585722
2.720131
2.945340
3.450454
3.945100
3.278696
3.910195
3.978125
4.420846
4.950922
4.153578
4.765896
3.924100
4.698771
3.982314
4.882599
3.887028
4.004488
3.161280
3.585172
4.714831
4.073292
2.755218
4.273132
4.298884
4.578800
2.888220
4.422142
1.974338
4.855363
4.230630
6.511924
3.898043
4.098430
4.200325
3.133119
4.486423
2.448501
2.471126
1.969875
2.383967
3.358510
3.104169
1.330096
3.919484
3.195338
3.611082
3.806125
3.672727
3.470508
3.535486
2.667689
4.124876
3.079807
2.871017
3.376307
2.672246
2.578053
3.652509
4.214032
4.152146
3.842404
4.663414
3.920533
4.021633
3.863506
5.254119
6.946573
5.510538
4.397240
4.173263
4.820069
5.061749
6.785949
4.754011
5.656654
4.178443
4.913215
5.072730
3.218451
3.157991
2.815514
3.969038
3.524368
4.511093
4.450270
3.377432
3.943730
2.454993
4.398853
4.160872
2.342725
3.668981
4.815460
3.699382
3.905991
3.195213
3.288763
2.397514
5.902514
4.202773
2.882155
4.067069
3.671648
3.618823
4.917324
4.333054
2.700325
5.140089
3.529662
2.979586
4.579440
4.106460
4.822219
3.428545
5.131517
6.415766
5.966147
6.000527
6.291123
5.558467
5.133118
1.484461
2.818153
3.022483
2.613368
3.439429
3.412993
3.783137
4.528684
4.314912
4.593755
2.757618
3.786492
3.918007
4.270877
4.065972
4.197727
3.497406
4.177757
4.163533
5.268556
4.504944
3.930766
5.307003
4.546771
2.521712
3.529064
3.985966
4.959864
3.408615
4.939370
3.641446
3.733253
4.745068
4.883488
5.065337
4.937755
5.022452
4.961931
4.578720
5.311315
5.642218
6.543449
6.095443
5.973806
6.466419
5.988210
4.688271
3.690548
2.426065
2.940061
2.599076
2.260315
3.011724
3.341650
4.188908
4.288658
4.198194
4.562789
4.228846
5.286053
3.793449
4.778736
3.712825
3.830545
3.883929
4.151565
4.434996
4.659433
4.477437
4.209640
5.321445
3.342119
4.307206
3.473673
3.665189
3.767846
5.758323
5.235219
3.901109
4.566401
3.104960
4.309125
3.288750
3.928156
5.279199
5.607687
4.457937
3.217624
3.853792
5.164363
5.629135
4.514626
3.596165
5.884165
6.192585
3.708525
5.440113
6.191999
4.833014
3.545930
4.526372
6.071622
2.826939
4.246059
3.279900
1.183388
2.604968
2.741884
3.993375
1.956087
4.472843
4.035600
2.036501
3.864151
4.344877
4.585041
4.466713
4.383185
2.420530
5.470449
3.203631
4.399885
1.824696
3.677437
1.704120
4.034081
5.226917
4.847347
5.649677
4.899993
3.715762
3.776176
3.570383
2.502564
2.957235
3.676483
3.009262
7.648529
7.066301
6.143139
7.084865
6.549603
6.549032
6.445286
8.145765
9.424878
6.460368
6.665899
7.631478
6.791877
4.120046
5.883954
6.858327
5.128462
4.250072
3.933844
3.528732
1.894070
3.003914
2.440668
4.044384
3.275759
3.081741
5.409743
5.082893
2.313265
3.072626
2.414898
1.915504
1.527811
1.218502
1.617858
1.525467
1.345229
1.787912
1.114464
