57.489129
56.774434
56.600742
55.774038
55.405230
54.423805
54.194332
53.581080
52.223754
51.917595
51.965635
50.495673
50.113918
48.175127
46.747443
47.318659
45.753781
45.820471
46.612003
44.312244
44.308795
44.404896
42.552324
45.161706
43.522489
44.363615
44.790813
43.448622
43.600468
42.321325
43.942698
43.651692
43.429693
44.049304
44.360370
44.484319
43.265788
43.776337
43.105933
43.481276
43.175080
42.833824
43.789368
43.104531
44.277659
45.850664
43.520377
44.823753
45.969474
45.474312
46.894818
44.893973
45.740112
43.504314
43.600051
42.343899
41.918821
42.064556
40.960301
42.130644
41.117563
39.479544
39.746248
42.152202
43.816792
43.817680
42.395028
42.753651
43.189876
45.576485
41.777159
45.690510
46.213363
46.558708
47.584476
48.021730
46.892813
45.384851
46.024158
44.456415
45.044710
44.539439
43.973329
45.506664
43.011321
44.169124
44.640701
43.501748
42.525981
44.558195
42.984823
42.134267
42.333255
43.021141
43.466380
43.575005
43.092187
44.047958
45.109290
45.547033
45.094461
44.288875
44.739498
46.185340
46.825379
46.262923
46.831657
47.405860
45.309921
45.184979
46.091195
45.625326
46.543737
45.828891
46.812242
44.668270
43.298317
45.319098
42.595940
42.103877
42.930182
39.863360
43.037003
41.343150
42.025896
42.512445
41.772411
41.446259
39.242709
40.615148
39.070559
39.939856
41.114656
41.235964
42.169296
43.558582
43.675901
43.857223
44.323607
46.725376
48.109381
49.040392
50.106221
50.020336
50.678635
51.691294
54.134329
53.704764
56.406667
56.244061
57.019296
55.980797
56.149337
56.885805
57.114743
56.576093
55.970330
55.327271
55.018070
56.169120
56.919798
56.827268
57.716388
56.070673
56.954171
57.930459
58.661209
55.983920
56.998356
55.864330
56.654487
58.099030
57.906072
58.323985
56.088011
56.020346
57.580862
60.552852
61.551866
63.146478
63.209284
64.702241
64.101331
64.364783
64.750610
64.712650
66.816441
67.159075
68.590127
69.649086
69.918816
72.082575
71.435718
73.128569
71.380367
72.251604
72.696402
71.850782
72.981658
73.703381
73.920409
75.078973
73.454787
75.334144
75.891989
76.606044
77.799105
77.273010
77.541511
78.227629
78.549251
78.626306
79.727500
80.045721
82.465091
82.303152
84.112688
84.515747
84.679756
86.484685
85.396421
86.045701
87.234670
87.458388
88.509143
88.941614
90.552696
91.289085
92.112262
92.436169
93.093284
94.343804
94.386895
95.495741
95.667944
96.293064
96.861368
96.667657
98.309160
98.307000
98.975089
99.457311
100.995980
101.170674
102.039423
102.698816
102.452748
103.274945
104.353320
105.514564
105.296329
107.216375
107.112726
108.427192
110.924216
111.292654
111.694981
112.024843
111.991601
113.420420
112.114457
113.749044
115.199689
113.753986
115.744908
116.372901
117.033516
117.917949
115.774662
115.817621
117.452025
116.603788
116.515631
116.614086
116.982388
117.060094
119.172276
118.848371
121.261415
121.659688
121.638139
121.692004
121.326418
122.286267
124.987894
123.349324
124.602571
124.647756
126.644333
127.563373
126.891057
127.721733
128.566174
129.927375
130.642924
129.596414
130.996560
130.781178
131.527684
132.917218
133.751533
134.144058
135.003007
137.390713
134.875742
138.811947
139.167267
140.962117
140.714379
142.817904
144.355342
144.926973
148.157818
148.578942
150.413882
152.355844
153.849777
154.983698
156.888288
157.094593
157.950075
160.739844
162.246166
163.206226
164.108405
166.425933
167.545779
169.345182
170.047026
174.209931
176.206565
176.463357
178.098384
180.306863
182.871267
184.731171
186.719729
189.154997
189.711918
191.813558
192.993862
194.921037
198.584628
200.290076
202.537979
203.599375
205.471940
206.427942
206.856660
207.091316
208.763148
211.617680
213.123620
217.213433
218.889876
221.306985
225.592759
227.581753
229.983767
233.175052
233.990139
233.367863
232.967762
234.346954
235.451182
236.699739
238.352651
239.686670
242.240996
243.487734
246.903261
247.946397
249.860359
250.387740
252.743559
253.901936
256.403755
257.357281
258.306443
259.306927
262.287620
260.995130
262.198698
262.296092
264.647572
264.789397
266.992345
265.976193
267.624535
265.227783
267.890754
269.964495
271.100980
