1.414214
0.564822
1.518463
1.874976
1.949905
0.497016
0.571210
0.165940
2.381635
1.744439
1.931573
1.604985
1.854065
3.663157
1.987240
1.146212
1.538286
1.622090
1.884545
1.886619
1.157411
2.187171
2.251579
3.089791
3.869120
3.242285
4.923983
3.292388
3.392788
4.164186
4.521658
4.563468
4.534751
5.538919
5.507339
4.614423
3.587228
4.402352
4.659360
5.397040
3.926542
3.558405
5.082727
5.230015
5.756055
4.863846
5.737525
6.156311
4.477404
6.161868
6.069952
5.561657
5.290628
6.446942
4.892628
5.191606
5.344179
4.695706
6.629433
6.473540
5.597676
6.289100
6.241400
5.857378
7.108680
6.576863
7.521261
7.367407
7.345736
6.850613
7.108886
6.332216
7.664391
7.884027
6.801887
7.807080
6.425792
7.474917
7.967067
7.188636
7.948147
7.369437
7.354121
7.645407
8.402515
8.047077
9.256803
8.417771
9.582393
8.788954
9.205969
8.283346
8.639646
9.140176
9.544950
10.482073
9.617886
10.244751
10.097396
11.038208
11.280321
10.463705
10.454256
10.142335
10.803110
11.399517
9.868204
11.089866
12.570499
11.276249
11.531919
12.519407
10.752195
11.879180
13.097790
12.199371
11.587411
12.670950
12.668764
13.016132
12.710499
14.486378
14.874415
15.534839
15.821714
13.461750
14.859231
14.269481
14.994224
14.340031
14.523327
14.742436
15.152620
14.690763
16.208471
14.755274
14.816619
15.186140
15.536410
16.762388
16.660466
17.661077
15.381844
17.739349
17.102793
18.430964
17.541097
18.697680
17.313470
20.490862
18.764227
19.736514
19.484046
19.125611
17.917316
17.442764
18.692058
19.739509
19.420714
27.778225
40.216525
18.384776
16.557718
16.582594
16.555665
16.528198
12.764500
17.019132
15.590013
15.369871
15.312460
15.995570
16.264069
15.482656
16.070913
16.049281
14.739149
16.017099
17.751975
15.136347
16.828239
15.425001
14.910441
14.055280
15.834994
13.599435
17.075838
14.923247
15.950264
15.334318
17.242068
20.030002
18.186382
19.099899
18.946992
17.354072
21.112286
23.483510
16.848045
19.660968
21.942897
24.148111
25.654026
21.238204
