4.472136
5.419709
6.727024
7.251982
7.906278
5.887975
6.536563
4.094585
5.958131
6.737538
8.663494
10.058076
10.594599
11.774330
10.023497
8.980203
8.655497
8.815469
7.084457
7.883801
9.055834
8.523416
9.240611
9.820288
11.693359
12.336654
11.845608
10.440131
11.871287
12.153749
13.320384
15.277425
15.218246
12.549881
12.094219
8.871330
11.487738
10.870446
21.610838
33.316097
43.542505
52.770438
69.914469
80.758718
89.520269
94.371116
95.532584
94.479050
89.454615
79.458702
13.000000
13.024197
12.796781
12.856754
10.929118
12.224756
427.931069
440.092036
454.274146
471.191044
485.884760
496.250945
509.659690
516.923592
518.591361
511.077294
497.369078
483.801612
469.284562
18.901058
17.410830
13.992324
14.089594
14.737300
13.136879
13.351709
12.668758
12.976542
11.269855
9.836678
11.286829
9.176309
10.551668
8.444229
8.107732
7.514533
10.137057
11.190260
10.590170
11.151934
13.675369
15.009318
15.345652
15.054903
15.718184
16.392498
17.236172
16.386492
17.126824
16.095498
16.801555
17.456581
18.421577
19.375697
19.805490
16.659187
17.380380
16.689883
14.989000
16.339707
16.996678
14.466895
13.747382
13.859049
14.586409
15.799742
14.798548
15.757795
14.257624
14.347887
15.265337
14.716097
15.495711
15.948220
17.195720
16.910027
16.955832
16.351040
15.542575
14.746807
14.127436
16.073491
16.962736
17.569668
16.170049
15.347782
14.915303
16.221693
15.747718
15.475969
16.829237
17.191780
17.952407
17.905782
17.483113
16.712027
15.501435
13.929783
13.951520
14.242160
12.637327
11.746159
11.994271
12.400771
10.693658
12.349050
12.512238
14.254141
12.274149
13.931067
14.152570
11.071786
14.063872
13.776800
18.943601
17.803340
16.277796
15.017618
16.685518
16.854887
17.695672
18.807996
19.575738
16.991772
16.797727
19.016365
19.670328
17.586277
17.779705
20.330977
20.421549
20.570424
18.650926
20.833601
21.131697
18.359829
19.018412
22.680285
30.055236
38.818774
53.828956
58.368527
18.445867
18.973383
20.260539
19.023618
21.431673
22.447397
22.726327
19.795040
19.718003
19.517611
15.969231
15.310944
15.665556
15.627141
12.781390
12.189324
17.120806
18.051230
16.002538
16.634228
15.092477
14.646040
15.860296
359.488526
373.209057
390.151253
396.022727
407.148622
409.609570
413.632687
10.770330
10.475072
9.355747
10.979128
8.804489
7.097487
11.479465
10.327615
10.148607
9.591799
9.389719
10.706569
12.399002
14.253943
15.506878
15.839945
14.956521
12.339410
9.196039
8.610999
9.275350
7.978354
8.214489
8.550621
10.469616
10.642308
9.845259
7.561485
10.062666
5.273123
20.153676
30.366671
451.031041
456.426336
461.111700
467.402396
468.106825
468.825127
468.837925
466.048281
461.053142
453.260411
444.065311
434.165867
428.565048
416.620931
411.272416
413.917866
408.949875
418.549878
418.001196
428.141332
439.892032
450.998891
461.862534
470.616617
476.170138
471.669376
463.693865
447.823626
432.539016
413.266258
398.503450
381.077420
368.647528
355.394147
341.123145
328.871175
321.726592
