1.000000
2.478966
1.448292
2.826181
2.454724
2.372604
2.771861
2.813229
0.679177
1.694736
1.959192
1.944530
2.739264
1.123721
1.736942
2.776882
1.187052
0.492633
1.116272
0.687807
1.848666
2.032075
0.973799
1.050879
0.905501
1.253987
0.611993
1.131405
0.850857
0.843589
3.015464
2.776874
3.825408
3.943357
1.652804
0.998559
1.054943
0.625080
2.146740
1.268000
2.583430
1.104181
1.303330
0.420459
1.650084
1.692956
2.915517
1.355775
0.125016
0.389270
0.414152
1.136170
3.145015
3.347026
3.803228
4.246565
2.033889
0.930937
0.240416
1.225901
2.611852
2.477976
3.486667
1.788853
2.511539
0.367025
5.700877
7.454624
7.370817
7.480699
6.053329
6.047319
5.396559
0.500000
1.606682
1.683063
2.566452
2.982793
1.888122
2.042461
4.544771
3.719446
4.367434
4.169012
6.306273
6.867988
