2.000000
1.837213
1.805116
2.093285
1.707593
2.771961
2.815537
1.246645
1.321003
0.875000
1.626138
1.628558
2.024747
3.344925
4.054189
3.746935
3.013412
4.633328
3.834384
2.828825
2.330021
2.178302
3.974450
9.607323
10.495829
14.508572
18.231172
3.640055
3.882283
4.661698
3.861298
3.747332
5.092274
5.344684
5.286362
5.885544
6.782219
7.925112
8.825878
13.967944
18.306543
22.054696
25.707789
30.064912
33.811764
38.689566
43.093204
48.915057
53.978867
59.926988
64.072927
68.674425
72.520557
77.206061
82.414766
86.597906
91.077886
96.195095
101.317813
107.555314
113.265424
117.234652
122.539722
126.824588
131.284763
137.347692
140.555188
146.073355
151.855501
157.060109
163.400223
167.455011
172.706077
177.565345
183.251318
188.690101
193.180021
199.270349
204.325495
211.225468
217.160709
225.001840
231.009395
237.421486
243.832304
251.471437
259.695000
263.747399
269.996170
278.087296
279.995100
288.556573
291.164292
300.233686
300.412511
307.619195
314.898373
320.611870
324.956306
329.629567
334.984934
339.839868
344.517302
349.673251
355.146063
360.281426
366.239050
373.519295
379.379505
385.509126
392.035099
397.525058
401.939502
