1.414214
1.560831
1.171475
1.580115
1.681303
1.366488
1.215692
1.692023
1.607832
1.783806
2.630000
2.517318
2.205381
2.459609
2.515295
2.398858
2.540315
2.316432
2.367452
2.723570
2.134518
2.352146
1.605518
2.387317
1.969754
2.064047
2.438851
2.948713
3.472585
2.830786
2.522920
2.598148
3.090559
2.467939
2.911099
2.898966
2.873582
3.099665
3.187272
3.819093
3.581611
2.717277
3.565602
3.594554
3.578799
3.418052
3.693630
3.463829
3.645765
3.716718
3.761602
3.818282
4.023227
3.927658
3.758141
3.584913
3.850225
4.035590
3.251100
3.424337
3.681960
4.206001
3.681620
4.406055
3.664342
3.638141
4.101261
4.543347
4.270854
4.008177
4.260432
4.563498
4.557162
4.220014
4.524296
4.830275
4.852762
5.158423
4.243706
4.603346
5.143464
4.773828
5.185726
5.484960
5.141256
5.135240
5.149480
6.233711
5.336798
6.092969
6.421459
5.893293
5.814448
6.185618
6.317213
6.085510
6.014362
5.952814
6.612019
6.389515
6.258519
6.287998
6.762511
7.024696
7.530548
8.294754
8.995031
9.542769
8.904719
10.263180
10.516827
10.663331
9.498643
9.302054
7.847802
8.180833
8.023234
7.896827
6.402913
5.374420
6.236435
6.353506
5.635461
5.708128
6.021907
5.111676
4.630714
5.424270
5.768974
5.710608
5.523134
5.556156
4.300185
4.245733
2.825217
3.163642
3.118017
3.603405
3.422102
3.803108
3.940603
4.112350
4.429248
4.187010
4.500714
4.314137
3.757505
3.786503
4.654749
4.437918
4.115847
3.998228
4.680985
3.997476
4.846850
4.847618
4.825366
4.134074
4.566519
5.337263
4.866909
4.767450
4.669390
4.816835
5.260893
4.719290
5.823822
5.269265
5.907225
5.624034
5.764429
4.573318
4.916901
5.024869
5.443347
5.144077
5.098225
4.957434
4.786211
4.644820
5.045396
4.294396
3.501673
3.906742
4.250530
4.596908
4.485434
4.198960
5.067412
5.412131
5.272748
4.422612
4.437817
4.686397
4.457140
4.307053
4.100369
4.712422
4.714459
4.571618
3.513285
3.139319
3.131154
2.734795
2.488301
2.479233
1.821084
2.146056
2.350831
2.617956
2.031385
2.571330
2.640057
2.668606
3.336401
2.911739
2.889076
2.989743
2.974532
2.297952
3.401008
3.626494
3.099798
2.728837
3.025695
2.472306
2.935064
2.452325
2.523027
3.106611
2.599742
1.656138
2.448742
1.783885
1.682911
1.895266
1.566247
2.237672
2.508151
1.992237
1.712603
2.028746
1.743585
1.991958
1.730954
2.555499
2.231766
3.540796
2.784831
2.961300
2.833966
2.775968
2.724637
3.157460
4.091315
4.513921
4.461828
4.302241
4.930036
4.387992
4.763127
4.731730
5.108983
4.284409
3.984942
4.975367
3.987575
3.635419
3.686263
3.808591
3.373998
3.299573
3.734069
4.235798
3.286687
4.021420
3.998417
3.788700
4.401503
3.848351
3.673788
2.815421
2.899192
3.470246
3.580769
3.738511
3.409205
3.899703
3.641835
4.048421
4.294091
4.376089
3.968644
4.035188
3.031163
3.795357
3.403927
3.557044
3.449985
3.178003
3.134138
3.422804
3.045857
2.544489
2.419379
2.347217
2.637258
2.770624
2.801705
2.548169
2.352693
2.460043
2.264649
1.829648
1.419822
1.714139
1.644362
1.266565
0.833607
1.731368
1.649336
1.605326
1.970713
1.629206
2.335537
2.516033
3.551166
2.884221
3.239523
2.551621
3.037137
3.066951
3.522757
3.170931
3.406590
2.722824
3.851112
3.899439
3.856414
3.283582
2.627658
2.831043
3.874043
2.858405
2.858828
2.591922
3.645107
2.874959
2.846108
3.334886
2.498845
2.981739
2.991784
2.628223
3.162232
2.020705
2.475823
3.053686
4.174326
3.149544
3.832936
3.595087
3.612150
3.906411
3.809150
3.311986
3.539951
3.759511
3.797960
3.904475
3.643779
3.814384
3.314121
3.378735
3.758673
3.215937
2.866653
2.602931
2.759755
2.825748
3.031819
3.103115
3.828110
3.436313
3.392588
3.381198
3.800740
3.847379
3.587179
4.186505
4.552837
3.651719
4.019020
3.786304
3.377218
5.190542
4.370681
4.514300
5.112057
4.631307
5.013614
5.218508
5.602725
4.641296
5.465201
4.001315
4.510709
3.917684
3.918144
4.033934
2.666594
4.510291
3.089001
3.151400
3.152203
3.237080
3.097927
4.060086
3.738673
3.679555
3.885926
3.579979
3.372381
3.092543
2.901263
2.883135
3.071032
3.225104
2.673559
3.353466
3.413915
3.370048
2.875960
2.374031
2.802289
2.875905
2.707328
3.188883
3.137589
3.505697
3.593136
3.698054
3.027432
2.872352
2.669908
2.884488
2.361346
2.897762
2.160065
1.970525
1.866468
1.980204
2.033015
1.929767
1.615674
2.609760
1.985862
1.589208
2.208349
2.387789
1.724091
1.795665
2.466953
1.749064
1.538486
1.355065
2.228207
2.741068
2.744012
3.244099
2.836949
2.398486
1.966152
2.509971
2.427511
2.212792
3.179771
2.453754
2.495555
2.952321
3.418695
2.885601
4.071156
3.868336
3.352995
4.093725
4.281362
4.517302
4.634685
4.856384
4.766480
5.439328
4.995269
5.524845
5.497850
5.738487
4.864904
5.825929
4.454541
5.441353
4.262423
5.779440
5.441631
5.271625
5.980676
5.696456
5.201178
6.071557
5.755255
5.594883
5.932589
5.839702
5.463643
5.956533
5.398181
5.744557
4.982711
4.917481
5.271773
4.601024
5.156458
5.259130
5.755993
5.121431
5.550690
4.142446
4.129826
4.425033
4.789635
4.538591
3.519713
3.439606
4.034515
3.864136
3.668824
3.628726
3.649652
