3.000000
6.758414
5.184483
7.191370
6.029563
3.037104
8.062258
8.972342
7.059249
5.780190
3.952847
1.250000
2.098721
4.743416
1.613281
1.742350
2.113132
4.133552
2.435144
4.301163
2.522016
1.845180
2.657208
5.273756
3.472406
3.658654
4.732666
7.804246
7.065347
8.855141
9.132367
7.004793
8.935845
7.871031
8.066655
2.967061
3.691629
2.371334
4.651302
4.851973
4.476165
5.505254
11.748401
9.554116
8.592977
8.954721
8.464632
9.345391
6.090429
6.890492
7.887216
8.176864
5.117404
2.925084
4.821213
4.669120
5.029718
8.092090
8.177674
10.179971
9.740643
