1.000000
1.492490
1.275167
1.779389
1.469098
0.788495
1.035761
1.302325
1.463087
1.445701
0.989545
1.018430
1.901506
1.244237
1.323112
1.294112
1.270089
1.795007
1.428373
1.115717
1.125044
0.682092
0.641346
1.964746
1.651923
2.227835
2.256380
2.122852
1.319138
2.172004
2.333008
1.864966
1.836532
1.156936
1.539618
2.074801
1.601999
0.881887
2.031410
1.843400
2.101886
2.882195
1.907937
2.250028
1.895422
1.901289
2.198846
2.375337
1.966787
2.727109
2.128362
2.410047
2.282805
1.892208
2.765777
2.490045
2.694680
2.758814
2.337807
2.668567
2.695264
2.653210
3.205807
3.105934
2.789346
3.006601
3.022470
3.133832
3.192996
3.027065
2.990727
3.068293
2.541938
2.782000
2.987378
3.385203
2.870980
2.040613
2.715005
2.544135
2.700542
2.688122
3.022007
3.509822
3.688838
3.767761
3.495061
3.957000
4.027487
3.565614
3.911192
4.400139
3.646156
3.778280
3.099782
3.311952
2.884380
3.719603
3.694327
3.986932
4.066906
3.982424
4.288453
3.864072
4.004151
3.685824
3.285441
3.726043
3.994221
4.044246
4.285003
3.404071
4.156134
3.793709
4.105304
4.155120
4.076656
4.431380
4.333904
4.442919
3.361443
3.913061
3.431414
3.164152
2.664592
3.466489
3.547218
3.771416
4.064247
3.928527
4.884670
4.531753
4.061493
3.404414
4.328891
4.277654
4.186374
5.501011
4.949776
4.711284
4.009113
4.326437
5.107470
4.585330
4.906274
4.931626
5.607706
5.449808
4.896986
4.528751
4.923611
4.967510
4.721426
4.872800
3.625031
3.783630
2.822887
3.281193
4.276415
3.323716
3.931215
5.253320
4.832059
4.402373
4.400369
5.348326
4.827279
3.536427
5.371604
5.388600
4.979331
5.359824
4.276422
5.630524
4.846548
4.153929
4.635696
4.389964
3.807336
3.670015
4.409681
5.121015
4.289713
4.044931
4.957591
4.713741
5.232667
5.493503
4.571797
4.745759
6.021109
3.825116
5.136256
4.866251
5.841132
5.047623
3.800043
5.533699
5.451974
4.305903
4.269924
4.622610
3.977176
5.496217
4.718223
4.616194
5.547191
6.710067
5.908342
6.213550
5.196754
6.250722
7.579505
5.948214
6.458949
6.014019
7.596231
7.426348
6.820038
8.130075
8.602325
9.229437
7.111507
7.361258
7.249400
7.169088
7.828413
6.013695
6.614779
5.801261
6.560404
6.182043
5.812375
6.014493
5.477054
5.743588
6.030464
5.766802
4.874590
5.648630
6.406249
5.928630
4.490713
3.251538
4.345572
4.364138
3.686004
3.219169
3.074528
2.080601
3.060041
3.682859
3.551257
3.890774
4.576453
4.081020
4.284880
5.364618
3.608247
4.810405
4.086490
3.850675
3.812365
3.477104
4.716781
4.613873
4.344727
4.231468
5.222873
4.305414
5.595548
6.058298
7.471268
6.821980
7.069995
6.152018
7.099637
6.640030
5.507888
5.814252
6.679863
6.297882
6.426142
7.873523
7.325164
6.866231
6.397982
7.455357
6.781001
6.854013
7.202980
6.839383
6.720860
6.942282
5.870006
6.654346
7.346701
6.896533
6.210186
6.471266
5.303735
5.683271
4.948176
5.846466
5.876033
3.891682
4.338858
4.535288
4.407237
4.792004
4.875722
5.349896
3.741855
4.281677
3.497489
3.736858
4.180680
4.178099
3.938712
3.723266
4.173960
3.472578
3.264362
4.278901
2.571348
2.209625
2.704598
1.857710
1.596273
0.779106
2.324414
1.802811
1.059000
2.150314
1.947521
1.985952
1.563894
1.359824
1.567280
2.464418
1.549994
1.859113
1.370911
1.696507
2.953405
2.117454
1.970895
2.216454
1.535471
2.046859
2.474632
1.830222
2.537627
2.542483
2.293771
2.485367
2.991836
2.866481
2.589104
3.218782
2.783053
3.299793
3.633962
3.611864
2.930470
2.793152
2.259096
2.630371
1.339972
1.438778
2.133125
2.164631
2.665930
2.789846
2.450128
2.717481
2.643690
3.045158
3.185367
3.571786
3.322544
3.962223
4.412496
4.377011
4.350393
4.410868
4.998290
3.088289
3.151028
3.126505
3.366685
3.455640
3.602100
3.991068
4.258993
5.046096
5.306166
5.487584
3.410297
3.721113
3.846675
3.880366
4.202580
4.433874
4.549090
4.595220
4.630246
4.724375
4.551983
4.321280
4.297430
4.275908
4.746935
4.507466
4.317591
4.259388
4.214728
4.178339
4.192279
4.610893
4.628552
4.891140
4.714428
4.450371
4.343777
4.279874
4.271581
4.291025
4.278372
4.257653
4.427525
4.616706
4.767206
3.731636
4.980451
3.618328
3.722207
5.690416
5.156441
4.286364
3.794145
4.659582
3.365423
3.120208
2.341790
3.688001
3.089745
1.918975
2.255022
1.998530
2.430437
2.080969
1.270309
2.841922
2.123017
1.381906
1.326618
1.016913
0.697948
0.667155
0.292108
0.881565
0.868646
0.908355
0.965063
1.046114
1.239352
1.633760
2.057529
1.650286
2.360522
2.604559
3.344122
2.308863
3.364349
3.216287
4.157193
4.755005
3.151646
3.075426
2.476298
2.815248
2.782619
4.066695
4.046038
4.390124
3.818130
4.155472
5.439276
6.388351
7.446623
6.311196
6.060044
4.889297
5.432458
6.177242
6.867378
5.451081
5.119875
4.929364
4.577718
3.790869
5.366452
3.781683
4.117082
5.241434
4.792149
3.491589
3.713944
2.621386
3.303141
2.179299
3.114076
3.513195
3.843010
3.329384
4.329204
4.184913
3.993134
3.717487
3.739190
3.609550
3.166668
3.303852
3.239853
3.822493
3.822911
2.802740
3.789627
3.898603
2.644614
2.291392
2.320739
2.060449
1.876414
2.015843
2.229232
2.331182
2.598328
2.290016
2.239726
2.644186
2.907591
3.038400
2.675075
2.660801
2.287572
1.511029
2.120019
2.170214
2.112891
2.263460
2.264198
1.897737
2.629045
1.998644
3.224606
2.131750
2.400013
2.654237
2.063686
2.586395
2.389330
3.670892
3.292970
3.111559
3.367054
2.838842
2.496337
4.102542
4.110000
4.716898
4.684690
5.057257
4.930428
5.517246
6.199058
6.621014
6.975514
7.091842
6.786575
6.720076
6.171947
5.631467
6.769420
6.672219
6.351915
6.186877
5.587294
5.665953
7.991558
7.255489
6.906700
6.642712
7.175211
5.201723
4.668919
4.788867
3.614250
4.020162
4.572814
4.045207
3.272938
3.058402
4.024404
3.515921
3.929545
3.314363
4.011714
2.958995
2.499625
3.486345
3.569713
3.693136
4.152024
3.167195
3.885254
4.278142
4.081020
3.314363
3.135618
1.979419
1.569745
1.508940
1.114495
1.679799
0.735272
1.941166
2.903881
2.999921
3.567212
4.121896
2.702411
3.294488
3.282926
3.013578
2.815444
2.862447
1.092623
1.841992
1.905244
1.916402
1.891285
2.877751
2.555791
1.916722
1.160873
1.482945
1.611094
1.330038
1.199135
2.182029
0.588069
1.645919
1.560649
2.370749
3.747432
4.803046
4.147002
5.699952
4.713642
4.013639
3.944946
3.636911
1.576785
4.556910
4.208886
4.215522
4.912764
3.692919
4.325610
4.357637
4.766049
5.317718
5.575538
5.098983
5.597790
4.291017
2.844820
2.621803
2.155348
2.965510
2.941513
2.825531
2.506831
2.493216
3.143764
2.524005
3.149829
2.477428
4.577731
5.937813
5.728948
6.585139
5.660464
4.739159
4.096499
4.933450
5.296909
5.139711
5.523880
4.597391
3.306225
2.077890
2.280318
2.515855
3.014142
2.284053
1.612762
1.215082
1.568000
2.697689
4.466598
5.763927
4.430265
3.505125
1.876006
1.054425
1.175266
0.653601
2.328246
2.480000
3.369177
5.048218
6.012270
6.224590
6.670332
6.573551
6.084894
5.577396
4.467012
2.529304
0.688100
1.390938
2.573988
3.891595
2.284567
2.068130
1.864007
6.930213
9.268502
10.049185
9.001657
7.399277
5.036268
1.901381
0.400562
1.495936
2.360005
2.652362
3.342248
2.919439
2.581748
1.907590
0.675370
3.410169
3.067087
4.620092
5.262077
5.963422
2.828184
1.994843
1.493025
0.755811
1.344693
3.816179
7.221518
6.828611
7.880523
8.797525
7.223194
8.185428
8.778112
8.788748
8.308124
8.082787
7.441065
7.266259
7.781067
8.967192
10.212910
9.354627
11.051359
13.297806
13.497748
14.137371
11.193911
11.422549
11.422833
10.900065
10.976139
11.753268
12.010506
11.757249
11.188467
11.036513
10.353962
10.012324
7.612754
8.038422
6.206539
9.786272
11.924706
12.036112
10.948430
10.925550
11.941610
8.591999
7.743775
7.378269
6.761010
6.200429
6.517149
5.692392
5.706106
5.503183
6.684170
6.844043
5.912910
5.728669
5.574585
4.801510
6.085403
6.488736
5.192757
5.699765
5.545507
4.644699
5.014903
4.945867
4.776633
5.547071
6.204857
6.546039
5.752778
5.823051
5.524647
4.316509
4.846001
5.145294
5.253237
6.006072
5.548885
6.124469
6.107250
6.264481
7.463473
7.227641
5.663967
6.382212
6.608027
5.016259
4.211452
3.275280
3.467337
4.198088
5.230023
5.632393
6.553474
6.615484
6.429471
5.567989
7.310492
7.473102
7.004679
7.883924
6.002270
5.699285
7.429309
6.587536
6.224665
5.043246
4.027543
4.616986
4.294985
4.245503
3.946676
5.517653
5.943999
7.850713
7.925101
8.427494
8.462860
6.901601
7.000759
6.326400
5.686321
5.000146
4.856476
5.528423
5.464562
4.413053
2.999287
2.831371
3.788324
5.014533
6.061281
6.490405
6.998178
8.624746
8.433042
7.165263
5.855681
4.765228
5.618705
4.683439
4.784298
5.052189
4.750898
3.348102
4.433753
3.147366
4.413855
3.066148
4.036861
2.362335
5.203098
7.722916
7.345735
4.373674
5.622117
4.508395
5.282163
2.248777
3.511658
4.160392
4.628398
4.418670
5.543487
4.273763
3.812250
3.369410
5.268178
8.661572
5.972981
6.120304
5.591210
4.094411
2.120053
1.949263
2.355849
3.897624
1.702860
1.967690
2.759719
2.919187
4.563028
6.655299
2.872368
3.177361
2.996469
2.807000
2.621016
4.035701
3.524842
4.152168
5.007710
4.704069
2.932742
4.130504
1.100329
2.160428
4.445672
3.195894
2.541385
3.164604
1.509486
1.843998
2.569641
2.845576
4.628754
4.496092
5.474207
5.144077
4.790551
2.352003
0.676371
3.298317
2.787920
4.533262
6.098049
6.160973
3.775014
1.062379
2.859189
2.314423
4.272662
5.145000
6.288512
5.703738
4.074143
3.837437
5.787394
9.146814
9.657796
9.509343
9.832134
6.496102
3.504886
3.994862
6.325022
7.441297
7.655322
8.101865
5.329036
6.432279
4.087199
2.444611
3.754943
12.041595
4.570163
4.160195
1.386990
2.674653
6.863735
7.559313
7.523267
9.088521
9.333223
7.036693
5.577293
2.725181
1.906812
3.025365
4.696604
3.749958
6.778378
5.136798
2.516720
2.143324
3.223910
3.593908
5.224770
6.194128
5.566182
1.924533
3.457604
2.361112
4.989341
18.439089
2.606843
2.699930
1.600251
5.363366
6.157990
5.511336
6.220375
7.210706
5.271359
2.935413
4.531628
3.587705
4.300549
1.478935
1.735403
3.796989
4.387551
5.469825
6.746453
8.064093
6.286986
7.513094
6.315463
8.838896
6.766212
5.331696
4.182120
6.424523
6.254828
6.531933
7.003392
7.455476
7.315134
8.481953
9.963185
9.514549
7.623723
7.716008
7.933401
8.964444
19.163768
18.778771
18.320047
14.730454
15.106933
12.061943
14.253166
13.639091
13.487643
13.262708
14.391619
12.049258
12.654348
14.685886
14.723805
18.108154
18.019559
17.700107
15.954295
14.228023
14.891011
13.926255
14.333962
13.561833
14.308005
13.655513
11.454587
9.914382
9.499724
7.654143
9.363346
10.426391
7.235624
15.435349
14.216290
13.896723
13.340541
12.502225
12.568334
11.910173
11.664404
12.960667
12.943000
12.165796
11.436264
9.917867
9.790128
10.204216
12.208343
12.240459
11.503226
14.709195
12.307162
10.766066
10.053586
8.575281
10.406331
11.236633
11.170972
10.559481
9.824009
9.506676
8.903113
10.447542
9.635274
9.530300
6.651274
8.405455
6.822345
7.067242
5.750559
8.446387
8.621261
7.131709
4.113587
4.563861
3.487607
4.526436
4.480393
4.557329
8.062258
7.934261
8.132781
8.735406
8.132982
7.275661
6.342210
6.619115
7.312677
7.813600
7.476353
7.104506
7.010795
6.325830
5.168680
5.048869
5.148014
4.676698
4.938202
4.312682
2.395432
4.385551
2.486684
1.118034
2.731323
4.019832
5.138037
6.516844
6.736011
8.748157
9.251189
11.008796
11.529850
13.053682
13.602850
13.683954
12.441969
12.214848
13.886391
12.447990
12.134976
11.691348
8.646687
7.281561
6.827946
6.162682
7.300796
6.144664
5.693176
4.684015
3.954099
3.153728
2.152028
1.929514
0.874142
1.220912
1.835218
2.721089
1.865382
1.112205
1.194738
1.675231
1.975664
2.109082
2.364937
1.954290
1.708581
1.560649
1.006243
0.645484
1.298249
2.745223
2.511822
2.812850
1.755634
2.587088
2.159172
1.736555
1.100011
0.998361
1.283160
2.718308
2.630105
2.402317
2.582373
1.671264
2.679277
2.321492
4.578176
4.876241
4.610531
4.509113
5.200060
3.869884
5.270401
6.580693
6.601259
6.600843
6.737871
6.857399
6.089780
6.100660
7.627598
5.866901
6.801059
6.824766
6.539916
6.791082
5.994383
5.453542
6.268604
5.793000
6.516122
6.762531
6.697869
6.250200
6.117085
5.972280
5.474507
6.004217
6.051037
5.954431
5.135720
5.106217
4.959556
5.046999
5.198425
5.080288
4.057271
4.978278
4.166872
4.740003
4.272134
4.984037
5.401370
6.668877
6.832734
5.414887
6.090018
5.466923
5.616983
4.843841
4.241344
2.855355
3.869483
3.363785
2.357509
2.935937
2.848601
3.929987
3.290289
2.991760
3.037783
3.257399
3.610544
4.076622
4.084899
4.795519
3.645343
4.325928
2.662705
2.895794
1.694410
2.845633
3.166110
4.630132
5.579113
4.383814
4.312009
4.082401
5.507268
4.713420
5.018080
5.114533
6.325735
5.161884
5.765243
6.999229
6.317139
5.911556
5.161262
5.122499
5.897194
6.903718
8.657172
6.862115
6.988786
6.154610
4.697984
6.527672
