1.000000
0.747429
0.176918
0.854942
0.971288
1.512258
2.032548
2.676514
1.927440
1.747069
0.974025
2.249644
2.018167
1.097657
1.255956
1.392273
1.428504
1.365009
1.020441
2.053351
2.232308
2.329641
1.831297
1.489463
1.089231
2.595694
2.879878
2.321077
1.931269
1.335084
2.135445
1.459109
1.685007
1.523885
2.217707
1.487120
2.145286
2.299157
2.775018
2.065345
1.098237
1.643852
1.241390
1.241380
1.550492
1.219887
3.027689
2.169654
2.251089
1.639703
2.061553
1.729892
1.641417
2.551103
2.662189
1.478005
1.593495
1.439601
1.732931
2.006446
1.799701
1.400723
1.386732
1.633478
1.976240
1.622136
1.430813
1.369900
2.243062
0.742024
1.055047
0.655687
0.961353
0.965207
0.295169
0.809599
0.396011
0.410000
0.453018
0.279508
0.332415
0.612638
0.729195
0.465967
0.947048
1.125000
1.409433
1.803469
1.543000
2.513454
2.861193
2.945390
2.788624
2.135568
2.269279
2.312364
2.964878
3.301185
2.998854
3.220190
2.887235
3.087187
3.322123
2.495321
2.722150
2.132944
2.226432
2.012175
2.318728
2.147987
1.991413
1.652528
2.309567
2.030185
1.992636
1.697771
1.765453
2.495601
1.433824
2.776265
2.523415
2.050274
1.663167
1.477236
1.896154
1.121896
1.355913
0.693397
1.258104
1.352156
0.898944
1.403585
2.054440
2.884723
1.749807
1.422410
1.499208
1.397542
0.653012
1.091421
0.648151
0.582409
0.870919
0.651920
1.036979
1.161658
1.226998
2.049250
2.011231
1.627705
1.869358
2.257814
1.743309
1.044031
0.281114
0.150000
0.943623
0.620987
0.355035
0.152643
0.595189
0.496236
0.726240
0.334701
0.682092
1.266698
1.520403
1.481899
1.161142
0.627096
0.708890
0.737869
0.539351
1.116389
1.217631
0.975000
1.512415
1.113216
0.563494
1.323499
1.012052
0.848779
0.944034
0.729178
0.236326
0.100000
0.295169
0.359201
0.936283
1.399366
0.872611
1.028263
1.321003
1.306111
0.997221
1.566046
2.361700
2.366353
2.537016
2.289678
2.688647
2.345464
1.351240
1.234220
1.618927
1.528202
1.821648
1.679769
2.451576
1.664159
2.122646
1.749121
2.241456
2.821950
3.700054
3.256171
3.586154
4.291631
4.085367
3.877016
4.417471
4.908872
3.911026
3.362116
4.197505
3.770816
3.768703
2.728195
3.454305
2.172608
2.642560
2.345704
2.140666
2.112398
0.983285
1.319024
2.129894
1.442437
2.560747
1.701411
1.638658
1.658441
1.483543
2.195081
1.818115
2.325860
3.490772
3.783559
3.082607
3.774645
3.628744
3.448922
3.767814
3.526061
2.676985
1.789489
2.332764
2.224395
3.135870
2.571591
2.889961
1.751782
2.229584
1.595342
1.762693
1.752138
1.905171
2.202528
1.755094
1.712431
1.910494
2.384206
2.680353
1.333688
1.931747
2.337017
2.688182
2.819313
3.325846
3.576940
4.525069
4.374497
5.002152
4.520625
4.790806
5.476954
5.236652
5.232399
5.555115
5.732375
4.931288
4.892734
5.123500
3.693592
3.305771
3.547520
2.949822
2.951550
3.091092
2.593733
3.267514
2.524703
2.566953
2.672171
2.444284
2.828038
2.178451
1.970343
2.988319
2.246442
3.007462
2.242348
2.358050
1.671414
1.701191
2.396550
2.213171
1.906207
1.203412
1.745458
1.427815
2.094379
2.120341
2.090949
1.966933
2.259985
1.516346
2.080060
2.163721
2.435910
1.197145
3.108592
2.780628
1.816736
2.234066
2.427975
2.191154
3.283574
2.245469
2.415855
2.286817
1.643358
2.765571
1.321420
1.437358
1.593378
1.877966
1.038677
2.285301
3.024669
3.843361
3.326503
2.680672
5.088271
4.720551
3.687472
2.642428
3.804234
3.855755
3.808796
3.536753
4.182012
3.686804
4.241851
2.762843
3.902262
2.795711
4.069674
3.828374
3.739960
3.877915
2.940621
3.289457
5.326005
4.269359
4.340487
4.200003
3.462983
3.179155
2.792387
3.949560
3.988950
5.093734
3.983227
4.039137
2.436729
2.869708
3.542968
3.574748
3.530074
4.086673
4.787468
4.880525
3.926452
4.327130
4.277865
4.235354
4.411083
4.747971
1.582808
1.523944
1.248942
1.409211
1.823904
1.940108
1.429891
0.970462
1.584557
1.003796
1.673210
2.685675
1.829105
2.374574
1.536465
2.055493
1.438558
0.147733
1.104688
1.852278
1.637349
2.381308
1.386081
2.229601
0.506028
0.574022
1.172511
1.357260
1.716213
2.999468
0.759849
0.452683
0.567611
2.566001
2.208444
1.686803
0.328434
0.220907
0.801706
1.626624
2.387213
0.887507
1.390164
1.341135
0.891176
1.163756
2.481039
0.790571
3.950297
3.100262
2.268469
3.482646
3.170242
3.893425
1.297651
1.734106
2.362173
1.857254
1.699978
2.236856
1.375909
2.066597
4.100223
3.933294
4.821735
5.328865
4.953327
5.760584
5.107235
4.506939
4.487029
4.476438
4.507022
4.328400
3.645974
3.346689
4.112192
4.331397
4.305012
4.557987
4.760236
5.922098
6.233859
6.345471
6.232848
7.320068
7.869438
7.932763
7.595393
8.146021
8.128299
8.083233
8.234139
8.393165
8.719662
7.874929
8.083124
9.045591
9.187766
8.426354
8.778088
8.292578
8.942221
9.234367
8.725241
8.530898
7.757206
8.881054
8.109245
5.930987
5.278251
4.989587
4.975669
4.232080
3.906565
4.081207
6.172329
5.763029
5.272563
5.099748
3.144281
6.141028
6.542387
6.836470
5.823101
5.750696
5.903101
5.994281
6.019572
6.515681
6.421925
5.640301
7.057393
5.400613
5.208426
4.758553
3.295425
4.039065
2.887802
2.591882
2.498650
1.475305
2.142084
3.387809
3.576482
4.459487
4.092163
4.698311
3.043321
3.859177
3.494939
3.655821
4.123970
5.528980
6.188588
6.430958
6.120304
6.148229
5.699864
6.126184
6.695091
6.426525
6.128919
6.329560
5.777586
5.056110
5.081331
5.056525
5.307667
5.442963
5.490877
6.112843
6.332892
7.099769
7.212614
6.736908
6.962846
6.822675
5.741169
6.551336
5.572659
5.309014
4.626351
4.768821
5.527669
5.175828
6.137935
6.135293
5.950389
8.064862
5.784743
7.722210
8.084207
8.014312
8.827634
8.051646
7.787992
6.536094
6.524180
4.870832
6.368919
5.275230
4.783607
4.964212
4.988993
5.314360
5.094921
5.921159
6.238053
5.568216
5.727569
5.511744
5.221212
4.797002
3.406160
2.988633
3.110792
3.363934
2.674416
1.211218
2.204138
2.643218
4.325650
4.933804
4.708572
5.597464
5.508775
5.043337
5.439016
5.743425
5.099020
4.805843
5.414483
4.678659
5.083220
4.958452
4.809202
4.848201
5.713860
5.290430
3.893742
3.546674
4.224861
4.249956
4.518144
5.425995
4.412012
4.450270
4.200298
3.300735
4.288502
4.885924
4.697225
4.859712
5.183035
5.455147
5.797435
6.030425
5.663729
4.826036
4.280260
4.001065
3.962890
4.320098
4.138131
4.488499
4.535912
4.705582
4.996071
5.214374
4.060114
4.512962
4.135895
3.899439
4.679340
4.986595
4.457872
3.760007
4.106790
3.786093
4.264815
3.288966
3.852824
2.717172
3.999278
3.520717
3.154077
3.611042
4.473860
4.819162
3.086503
3.242410
2.383873
3.483102
3.480348
2.510657
1.180095
2.434512
2.773022
1.305086
1.760575
1.947113
0.735425
1.611312
1.849088
3.524418
3.165537
2.637011
1.875167
1.231686
1.452248
1.072392
0.598770
1.559247
1.988530
2.015502
2.775018
2.296965
3.878224
3.155776
3.774652
3.067898
4.046557
3.895241
3.336109
3.747833
3.727657
4.051944
4.146773
4.134504
4.567989
3.831149
4.180147
3.770958
5.378041
2.980218
3.263012
3.285864
5.160002
3.349642
4.877420
4.427008
5.133834
6.223623
5.655810
5.076703
5.536799
6.793099
7.335543
5.661309
7.306624
6.901085
6.689865
5.761844
7.345256
6.976679
6.891133
7.517209
7.636782
6.860063
6.958030
5.674784
5.697185
5.555772
5.317690
6.914182
6.171186
5.429272
5.899301
5.452827
5.913518
5.526846
6.558331
4.912764
4.916798
5.714335
5.266842
6.372837
6.954315
5.502454
4.852280
5.394935
6.384121
6.271748
5.464387
5.565177
5.631565
4.857821
4.559496
4.475179
4.686216
4.913993
4.855003
4.697765
4.727052
4.947941
5.876966
4.798380
4.758963
5.269787
5.843366
4.049228
5.992572
4.866757
4.575251
4.556964
4.832417
5.237008
5.222882
4.578518
4.236561
3.320136
3.688919
4.861178
3.106304
3.840745
4.110368
3.592054
3.736583
4.102956
4.101905
4.699362
3.187793
2.842451
2.953291
2.782899
3.842551
3.755120
2.340823
2.460554
4.208996
4.259020
3.698800
5.283552
5.306995
4.885583
3.837919
4.122384
4.988640
5.648347
4.926439
4.793822
4.508132
4.592976
4.105426
4.518144
6.720947
6.385055
5.547506
6.590372
6.317367
6.728129
6.671855
6.028039
6.153361
7.014503
6.556724
6.855086
6.455496
5.397675
5.734015
5.494015
5.461962
5.617620
6.265688
6.567429
4.802088
7.028474
6.139971
6.090177
4.818270
4.211202
5.736746
5.258453
5.825161
4.811575
5.778672
6.066698
5.478016
5.782796
4.360004
4.109549
2.613806
3.834748
3.104742
3.182617
4.300735
2.722985
4.245615
2.627594
4.032698
5.478923
3.855091
4.695756
4.290492
3.378836
3.189712
3.115164
3.294979
2.721562
2.678035
2.338857
2.163747
5.580896
6.439631
3.868310
6.489291
3.488445
5.175983
4.342465
2.877673
4.861481
3.215628
4.194412
3.718969
5.028663
5.519055
8.197006
7.675530
9.528855
11.014485
11.653666
11.760665
12.486268
10.810524
12.664451
12.943929
13.394873
13.574343
12.391951
13.290863
10.820010
11.475962
11.587322
10.880156
9.349278
12.663832
10.752557
8.097580
9.093492
11.943217
10.644301
11.960509
9.271203
8.850030
8.726927
6.990354
7.358921
5.219890
5.453130
5.573062
7.125293
5.390856
5.959616
5.490713
8.317531
7.518446
7.390387
8.124748
7.531391
9.311437
8.115075
8.232535
7.502708
8.133365
7.125746
7.249393
7.544032
6.068709
6.701138
8.896530
8.494046
7.206013
8.606516
8.237228
8.220646
8.158016
9.111885
9.316653
10.058202
7.031005
8.732268
7.156637
6.431442
7.034160
8.360437
7.274699
7.388264
7.893265
7.237481
7.393756
5.994708
4.985424
7.139765
4.896631
5.775054
4.709565
5.615381
3.918957
4.857625
3.795260
3.210685
2.509283
3.326838
4.109167
4.246331
4.699258
5.648832
4.930733
4.697321
4.555889
4.543030
5.623222
4.001012
4.389311
4.853087
4.385855
4.548956
4.298116
2.898866
4.123930
4.457109
4.121711
4.074632
4.896759
5.830997
5.857971
5.813385
5.793628
5.612310
5.851335
6.315893
5.684510
6.662734
5.915879
5.625436
5.795365
5.538973
4.777491
5.826159
5.892860
5.725055
5.274327
6.100205
5.816015
6.927254
5.670207
6.398758
6.379671
6.980732
5.981576
6.836236
6.216048
6.288867
5.906405
5.603236
5.236098
6.078036
5.218621
5.700325
6.192253
6.088795
5.594339
6.098692
5.839017
6.499740
5.203943
4.393418
5.893395
5.715002
5.686356
6.391535
6.550727
6.551620
5.836561
5.544989
5.402300
6.144672
5.459716
4.993689
4.855456
4.871150
4.481261
5.561587
4.775513
4.691141
5.570110
5.632025
5.467321
3.948987
4.460925
5.527228
4.739655
4.272523
4.974779
4.476285
4.082980
3.527042
3.431476
4.004060
3.856076
3.512068
4.228490
3.737225
2.992942
3.297002
3.166453
3.599003
3.728646
2.897003
2.693223
4.365192
3.783005
4.213742
4.906144
3.547242
4.504345
4.590983
4.429447
3.940650
4.629279
4.412766
4.664681
3.944949
4.315568
4.867099
4.152644
3.764455
4.299980
4.800422
5.878301
5.551416
5.498202
5.552704
4.364000
4.419007
5.032159
4.888768
4.207651
3.161020
3.624062
3.154001
4.140365
4.405431
4.910919
4.995681
6.481285
6.720314
6.748187
6.623330
6.545710
5.708844
5.475957
5.346506
5.545550
5.278923
5.004968
5.788286
5.843205
6.066888
5.602680
4.727306
5.782564
6.423630
6.354300
6.231824
6.443534
5.538831
5.083562
4.872089
5.292183
5.653764
5.402835
4.383118
4.891472
3.992055
4.150771
4.090688
4.784154
4.266691
4.370286
3.695484
3.972711
3.958519
3.837014
3.857930
3.520480
3.206127
2.859528
2.199712
2.900073
3.100688
3.141271
3.487657
3.499931
3.387858
2.857384
3.715102
2.193747
4.064533
3.523879
3.390889
3.394496
4.011995
4.038171
5.096001
5.136344
5.441144
5.868767
4.833324
4.892494
4.819813
4.699492
4.842649
5.336239
5.512250
5.668838
4.698173
3.734505
4.240333
4.071735
5.186222
5.052351
4.423576
5.056926
4.697765
5.654673
5.023475
4.808537
5.061640
5.577636
5.158888
4.822823
5.247538
4.738367
5.069450
5.366437
5.908003
5.711519
3.654271
4.505166
4.569360
4.147183
4.074040
3.958614
3.523227
4.341912
4.565537
2.994315
3.435116
2.958315
3.775874
3.446513
4.129504
3.548820
4.607041
4.311314
3.683646
4.084829
4.172928
4.198122
4.367588
4.567672
3.577894
3.630937
3.453028
4.030732
4.608004
4.064333
3.750333
3.786704
3.920746
3.889402
3.250877
3.594844
3.186001
4.135943
4.194210
3.652376
3.929434
3.681240
3.469312
4.965957
5.017970
5.207295
5.505318
5.638734
6.153237
5.600288
5.221563
5.648451
4.355930
4.430011
5.181259
5.215410
4.238977
4.900367
5.056246
5.002092
5.360564
4.680860
4.748697
5.065891
4.702521
4.404205
4.081547
4.850984
5.015389
4.868154
3.734009
3.476439
4.011050
2.751227
2.991760
2.807120
3.520884
3.163799
3.548077
3.276217
4.048336
3.794223
5.690804
5.142188
5.181066
5.663943
5.910019
4.735198
5.381868
5.983899
6.139483
6.892222
7.351029
6.982444
7.242834
6.761799
6.781069
6.620357
7.031403
7.198467
6.303731
6.794623
6.210173
6.074918
6.162307
7.001473
6.106318
5.427912
5.094715
5.296400
5.021606
5.030986
5.377372
5.370812
5.232667
5.117248
5.358099
5.193173
6.201814
5.498732
5.352861
4.086105
4.114274
3.497588
3.998953
2.657974
3.078624
3.137172
3.643439
2.827667
3.230917
3.649253
3.314080
3.093077
3.354285
3.520405
3.412345
3.814354
3.246121
3.402602
3.522971
2.854645
2.859545
3.065652
2.516794
3.013677
3.764788
3.723070
3.574049
3.607083
3.161851
4.268659
3.895590
3.825526
2.742868
3.991807
3.571694
3.813456
4.792661
3.798717
4.619719
3.859236
3.164842
3.123480
2.612834
2.852131
4.079216
4.722976
4.829001
4.626862
4.238977
4.891076
5.926635
6.802582
7.015326
7.007712
9.112663
8.560552
9.404319
11.057407
11.250890
10.786974
10.945758
10.391114
10.399243
9.644361
8.094109
7.453513
8.658155
7.349231
8.351983
8.333254
9.358906
8.120408
7.040256
8.593406
7.981505
6.876747
7.863908
7.330084
7.115450
6.404266
6.189685
5.456927
5.027708
4.904348
4.760740
5.404177
4.970417
4.265809
3.598017
3.327371
2.356109
2.379937
3.163183
2.810952
2.283473
2.607321
2.695227
2.726692
2.221469
3.160063
3.182656
3.286731
3.666269
4.405227
5.046318
5.009112
5.120957
5.018730
5.109721
5.483402
5.246046
5.146049
5.729616
5.416376
4.574563
4.895153
4.973703
4.991643
4.546606
3.597923
4.464765
4.261493
3.378702
3.682370
3.202846
3.300644
4.041268
3.735967
4.035276
4.337675
4.085661
4.577729
3.977317
4.236225
3.676972
3.167621
3.409373
3.758863
3.593776
4.333890
4.289945
4.349943
4.270670
4.133331
3.278982
4.113007
3.094584
3.390612
4.939737
4.259589
3.598656
2.814947
2.623457
1.715175
2.376973
2.422586
2.218541
2.756964
2.130023
3.445232
1.700000
1.775929
1.895059
2.148773
1.975025
2.487127
1.858232
1.236790
0.882298
1.650189
1.363204
1.598945
2.277740
2.216286
2.255022
2.114438
2.577795
2.563811
2.517166
3.597360
3.482646
3.715404
3.453784
3.458793
4.545946
3.768491
3.718753
3.795329
3.675391
3.837199
4.275573
4.017617
4.316167
3.412290
4.237042
4.390140
4.016889
4.260179
3.889026
4.059076
3.546949
4.514358
4.223156
4.826514
4.261763
3.656645
4.376379
4.551317
4.360322
3.123661
3.341530
4.421655
3.670759
2.920799
2.800251
2.716898
3.492911
4.958353
3.281149
3.078381
2.580630
3.593353
3.790178
3.631174
3.036924
3.677133
2.410012
2.800264
2.229940
1.825125
2.067388
2.350903
2.695285
1.965096
2.662762
1.961842
3.518256
1.824863
0.300832
1.850304
5.230717
5.845402
4.062592
5.664989
7.657970
7.396219
7.941179
6.240068
7.206291
7.660104
5.893694
6.871055
8.333218
6.459236
6.415359
8.213562
6.509195
6.714918
6.667393
7.443025
4.883485
4.830699
3.777334
4.003461
3.721508
2.197755
3.405532
2.636252
1.880957
1.667221
1.894228
1.859227
0.807248
0.258312
1.066677
0.896437
1.582127
1.796511
2.119304
2.304176
2.775221
3.056522
5.194560
4.866590
5.301200
6.354371
5.134630
5.015855
6.057634
4.830230
6.050694
5.405009
5.283503
4.844610
5.162163
5.059155
5.325284
5.549552
5.883292
6.036574
4.711658
3.880052
4.027422
3.221188
2.611226
1.374809
2.502169
2.394264
2.924731
2.265502
2.640478
2.796864
2.514647
2.058665
2.875778
2.948936
1.943560
1.743194
1.925260
1.509677
2.156415
1.636292
2.388122
2.216828
1.712075
1.099011
1.321524
0.961769
0.888608
0.302200
0.097082
0.887046
1.291056
0.283196
1.640922
1.696541
1.335440
1.007100
0.976844
1.665270
1.194508
1.747069
2.065732
1.896629
0.671956
1.552884
2.208721
1.832737
2.333720
2.815360
2.157556
3.836274
3.555014
6.111352
7.069931
6.904833
6.752868
7.868739
8.280930
8.372076
7.085699
7.138662
7.521599
7.234297
7.392635
6.412741
7.279001
6.107229
5.325638
5.743644
5.518487
4.564000
4.618062
4.480829
4.515861
3.938458
3.909476
4.015199
2.744886
2.372051
3.301685
2.232067
2.615234
2.284956
3.227050
2.325962
2.138510
2.835578
2.100292
2.673958
2.886663
2.776626
3.134876
2.711844
3.452202
2.479082
3.141855
3.251250
3.911141
3.639732
4.285945
3.774974
4.282304
4.341270
4.488633
4.868996
6.139147
5.335759
5.548489
4.819193
5.800983
5.508403
5.393109
5.561137
5.385353
6.091406
6.494709
7.373644
5.594359
6.071260
7.788846
7.335770
6.228740
6.574515
5.677592
5.622562
5.730020
4.903124
5.666855
5.534569
5.853418
5.606425
5.175068
5.351121
4.802270
5.434344
4.795503
5.268038
5.173954
5.640259
4.914786
5.313723
4.394909
4.147385
5.620093
5.259679
4.734686
5.350037
6.066848
6.249098
4.710480
4.901278
5.321412
4.892862
4.991054
5.204664
5.251995
5.189376
4.879903
4.027794
4.431301
4.399165
5.791323
4.881332
4.639537
4.577931
4.789389
4.711120
4.561327
4.416769
3.028370
3.337593
3.070330
1.956253
1.919017
0.997459
1.753525
1.521184
0.860131
0.777705
0.530589
1.436680
1.880086
2.318965
3.804146
3.866565
4.832424
5.375233
4.891485
4.630011
4.900500
3.915230
4.048892
2.482589
4.416248
4.173263
4.377676
3.053686
2.423102
1.604034
2.212386
2.085569
1.918137
1.886611
1.916377
2.296067
1.977277
2.175833
2.484713
2.719508
1.611777
1.027740
1.271928
1.530523
1.268592
2.148174
0.542033
1.331587
1.389469
1.297978
0.218324
0.315050
1.307622
1.148650
1.895833
1.688600
1.383420
2.498350
2.444873
2.086649
2.895036
3.205988
1.883514
3.263392
2.253137
3.263223
3.595615
3.004368
3.111117
5.290314
5.257476
4.286123
3.262334
3.657492
4.422547
3.418318
3.609016
2.904385
2.933108
3.059514
3.001054
2.981363
3.284893
4.163994
4.443954
4.907425
4.835713
5.212334
5.549543
6.095445
4.279299
4.359363
6.206384
5.598716
5.723104
5.304573
2.143111
5.761035
6.403316
6.077520
6.625000
6.251562
7.338398
6.257146
5.862289
6.649823
8.889366
4.703457
7.327828
6.845422
6.701494
7.559848
8.197257
7.045000
9.530604
10.554965
10.392926
10.722556
10.959591
12.889896
7.624764
6.936627
7.996565
9.247801
8.747521
8.623956
7.783638
8.331125
7.425769
8.101187
8.632915
7.531774
7.424118
7.035824
5.778252
5.073820
6.679536
5.138409
4.531915
4.372931
5.049161
5.251866
6.305999
5.455532
3.567271
3.889026
3.261978
3.799872
3.395501
3.242746
3.759495
3.315848
3.548922
3.863373
4.187135
4.855093
5.779157
4.864247
3.680489
5.026410
5.486404
5.198637
4.923934
4.472002
5.266047
6.004009
5.636187
5.014703
4.859064
5.943015
6.294269
6.429139
5.837440
7.097776
6.243332
5.434844
6.357814
5.655009
5.682649
4.293382
4.038258
3.511253
3.818458
3.753665
3.086960
3.770212
3.620497
3.616217
3.026450
2.606554
2.528685
1.985101
1.561930
1.361075
1.516913
1.166898
2.262918
2.536474
0.952575
0.828402
0.860712
1.511001
0.623077
1.417683
1.192183
1.366254
2.929748
2.310914
2.546223
1.856724
1.813422
2.213984
2.119304
2.495020
2.601658
3.248942
3.650250
3.805397
3.968526
4.826640
4.758794
4.815418
4.800677
5.464396
5.166055
5.503565
5.770886
6.800421
6.989607
6.616532
7.204183
7.295375
7.212685
7.955057
6.802428
7.925208
8.056061
7.272991
6.851162
6.983131
6.173629
5.894483
6.397908
5.982746
6.318807
5.572383
4.635170
5.336125
4.514621
4.222665
4.480279
3.081075
3.246109
2.921545
2.770884
1.607047
3.760562
2.881128
3.063340
1.717105
2.330376
1.680238
1.913021
2.603315
2.348963
3.015464
2.378834
2.359772
3.890260
3.145016
2.799295
2.735114
2.744253
2.569056
1.780232
2.393831
2.524465
2.907955
2.984401
4.053088
3.972332
3.166721
3.533854
4.169652
4.237364
3.374352
2.651264
3.476309
4.186317
4.697765
3.475198
4.790099
4.467519
4.159642
4.553035
4.377811
4.522499
4.033376
3.809505
3.699138
4.187869
3.438932
3.961114
2.744458
3.268341
2.786440
3.668411
3.805081
3.128691
3.448975
3.140143
1.933276
2.302834
2.010326
2.333285
3.076849
1.438793
4.370483
5.356167
4.484308
3.420005
4.797932
4.137351
4.617628
5.196550
4.668180
5.832116
5.699561
4.931404
6.286279
6.959975
6.968290
6.399546
6.771734
7.283885
6.193537
6.646258
6.042785
6.008180
6.408994
4.427350
5.367134
5.387636
4.433610
6.261624
7.001502
6.665696
6.418129
5.631310
4.371707
5.043535
5.431089
4.845351
4.469779
5.618652
5.586191
5.909943
5.977458
6.748874
6.084252
6.376990
6.585235
6.775443
7.136436
7.304028
7.290310
6.783900
6.834876
6.555154
6.603685
5.638708
7.429820
6.247720
6.779576
6.120974
5.270451
5.436932
4.659413
4.348060
3.249815
2.515601
2.604323
2.928212
2.274714
2.817557
2.741332
2.409673
2.674009
2.253752
3.505610
4.113104
4.035654
3.671383
4.171585
3.659320
4.082037
3.268214
4.105304
3.618853
2.718047
3.734280
5.364907
4.312937
4.850839
3.781482
4.474393
4.225555
3.160236
3.063702
4.577103
4.005604
3.596748
4.549703
4.528114
5.559092
6.399062
5.555595
5.473678
5.996509
6.048223
5.076071
5.036715
5.184277
4.899291
5.152092
5.499530
5.001050
5.516611
5.091076
5.559357
6.661301
7.074534
6.059389
5.893795
5.716697
6.115852
5.157839
5.921630
5.886767
4.868906
4.359478
4.771881
5.272191
5.051181
4.881416
5.493068
4.812829
4.387565
4.266805
4.465115
3.888817
4.472821
3.290034
3.778955
3.821927
4.657523
3.853810
4.644922
4.787050
3.894371
4.497180
4.091103
3.570004
3.045759
3.286111
3.625472
4.047002
4.077236
4.159243
3.698909
3.937010
3.155095
4.885235
3.596109
4.744726
3.823287
3.518966
4.084315
2.780018
2.100869
1.407595
2.298097
2.046198
1.896642
2.439390
2.225410
2.949788
2.642087
2.988319
3.100403
3.796972
4.381818
4.808825
5.576955
5.497204
4.496410
5.202915
4.648769
5.506780
5.592893
4.936887
6.778851
5.627657
6.622175
4.880648
5.662828
6.957595
3.869431
4.371032
3.603554
4.374294
3.886403
3.487721
5.227413
4.021971
4.848415
5.204613
4.906373
5.399817
4.552540
3.836486
8.294486
6.476722
8.158569
7.590422
5.251295
6.894262
4.738874
3.783851
3.884936
1.991243
2.569640
1.366245
2.261250
2.525995
1.485076
2.861473
2.365085
2.211108
1.910059
3.082292
1.596817
3.921683
4.311267
2.945386
3.920539
3.005100
1.559118
3.895706
2.725115
3.296862
2.195359
1.699242
3.851298
3.987637
3.592005
2.375337
2.365402
3.244226
2.694411
4.169898
3.759076
2.839300
1.835736
1.309198
6.020797
4.425071
4.154699
4.678111
7.264799
8.381754
7.369065
6.878982
8.151393
7.869244
4.996098
7.104034
7.643985
5.253994
3.452593
4.079614
3.750467
3.149623
4.004460
3.265463
1.131868
2.494238
2.970699
4.215652
3.985803
3.214409
3.504586
3.105358
3.183885
2.175971
2.909798
2.685652
2.650571
2.486976
3.160004
3.441635
2.759801
2.919884
2.361488
1.966443
1.959904
2.246597
2.718111
3.412169
3.070065
2.659215
2.617728
2.158848
2.820660
3.257491
4.143911
2.866971
3.080390
3.655681
3.466533
4.043405
3.205191
3.321483
3.343370
3.251803
3.661318
3.377251
2.958530
3.031604
3.782542
4.232000
3.337522
3.805693
2.850162
5.274232
3.228099
3.908264
2.994370
3.706147
3.900542
3.821953
4.022055
3.696728
4.096950
3.825474
4.391133
3.956959
5.036738
4.513380
4.800586
5.265738
5.344315
5.817588
5.403038
5.314558
5.361576
5.577065
6.205199
6.429872
6.673622
5.761476
6.081710
6.293731
5.966175
5.611588
5.575117
4.960718
5.017881
5.013806
4.621052
5.459572
4.462522
4.660370
4.651075
4.728448
5.469938
5.736558
4.221433
5.029515
5.027954
3.988386
5.004898
4.713067
3.430251
3.095824
2.705018
3.225523
3.159446
3.727912
4.085783
3.471901
5.256658
3.875590
4.562324
5.064785
5.054152
4.141026
4.198154
3.765385
3.586478
4.283836
3.776751
4.561757
3.699503
4.436285
4.675778
4.523718
4.026192
4.237443
4.245662
3.816622
3.491379
3.514043
3.612980
2.708967
2.644433
2.997820
2.598043
2.565448
3.546819
2.730169
2.707494
2.186253
2.748745
4.500006
3.500429
4.314655
3.806064
4.224195
3.818383
3.889978
3.195473
3.441983
3.139574
4.220960
3.630344
3.526563
3.837242
4.391156
5.335658
5.857749
5.924662
6.259792
5.700107
6.350041
5.425037
5.286294
5.155429
4.979784
5.371936
5.696372
5.284212
6.024616
5.351049
4.923926
4.859841
4.744536
4.799169
5.253801
5.094281
5.474655
5.139750
4.819971
5.141911
4.848964
5.043793
4.994019
5.061563
3.504319
3.863033
3.224159
3.292370
3.689173
3.045821
3.596943
3.694787
3.445178
3.783081
3.642472
3.028531
3.850029
2.644036
2.608237
2.381370
2.771426
2.975924
3.440294
2.261526
2.540177
2.706972
2.316830
2.768863
2.816527
3.539838
3.427408
3.757170
3.979146
2.609526
1.976392
3.039099
2.953574
2.504965
1.162809
3.537856
4.426760
3.621950
3.960057
4.584234
5.468770
4.581269
4.923952
3.678291
5.211766
4.978044
5.575720
4.727843
6.032912
6.268592
6.349583
6.800801
6.196890
6.623009
5.967824
6.721944
6.256708
7.132058
7.604410
7.392444
6.818418
6.672408
7.183070
5.930101
6.680019
5.688603
6.325097
6.079311
5.830064
6.735200
6.320008
6.546392
5.724635
5.232710
4.655526
5.081302
5.392275
4.382650
4.457278
3.158532
2.413426
3.741327
3.290289
3.311193
3.543095
3.778111
3.512994
3.613316
2.431183
2.765434
2.590183
2.933334
4.047422
3.079403
4.681031
4.229090
3.960934
4.035127
4.415419
4.973932
5.072007
4.585818
4.545473
4.915987
4.334167
4.852180
4.479314
4.808526
3.866371
4.770797
5.151087
5.848669
6.090519
6.245294
5.948533
5.779397
5.816666
5.572006
5.493462
6.809523
6.046640
6.194128
5.986105
6.199244
5.645600
5.079441
6.352704
5.618705
6.305779
4.984829
5.238819
5.252737
6.265924
5.214734
6.065528
5.462364
6.141303
5.881799
5.798904
7.048756
7.136352
6.551240
5.288440
6.261457
5.972439
6.092438
6.191123
5.340686
6.484597
5.723489
6.136622
5.810133
6.539362
7.051642
7.676099
8.814003
7.023826
7.723511
7.251621
6.731941
8.388088
9.410921
9.079412
9.603544
9.512498
8.516255
9.331830
8.413100
7.752085
7.882317
7.913321
6.982321
6.840194
6.575606
5.633684
5.334735
4.267848
4.507840
5.015698
5.772593
5.809228
5.536833
4.550618
4.317213
3.928680
5.033689
4.647368
4.835817
5.291200
5.403578
5.209693
5.533304
7.549783
6.141344
7.407624
7.595393
7.565041
8.267412
8.742013
9.050012
9.108223
9.253940
8.992815
9.326839
8.245861
8.065434
7.965559
7.866511
9.179292
9.040942
8.420000
9.445641
8.855834
9.472555
8.355061
8.711386
9.066581
7.806167
7.034554
8.643607
8.436399
6.181736
6.299237
7.134511
7.164701
8.051523
7.030296
6.418188
8.716099
8.222521
7.344883
7.592588
8.665330
6.889781
8.381316
6.436842
6.622757
8.194650
6.857089
6.326855
6.332123
7.251409
3.503148
3.396266
3.697567
4.249259
3.107833
4.363556
4.470045
5.055893
4.743306
4.684709
3.394802
5.362998
5.052272
4.638782
5.743840
5.498169
5.592924
6.094852
5.760545
6.681368
7.247559
7.348423
8.020111
7.612537
6.872684
7.044076
7.371632
6.613093
7.970897
7.773661
8.424800
8.960077
7.779777
7.738025
7.110200
7.894045
7.071656
5.728790
5.297642
6.627943
5.658772
6.260854
6.851327
6.248367
6.530555
6.850439
7.694262
8.040064
7.802064
9.016558
7.810463
7.611340
8.038584
10.165177
11.658860
11.146799
11.487107
11.152310
8.927444
10.896868
11.783078
8.495182
10.231034
10.420252
8.338261
10.732905
9.317415
10.021307
10.331195
8.875389
10.362655
11.548550
8.501391
9.372761
8.200613
7.563736
8.472807
9.127815
7.725809
8.832214
8.370884
7.734791
8.972254
7.372357
8.465411
9.093624
7.579896
4.124755
5.539937
5.951457
4.575579
7.908926
5.995749
7.787259
8.744948
4.241701
2.753523
5.391558
3.748227
6.831504
7.158363
4.210760
3.240701
6.589237
9.533468
6.003876
10.372670
8.892734
5.361478
4.506357
4.110368
3.325511
3.580590
4.796574
5.304357
4.067948
7.354607
4.965161
6.126959
5.633511
3.881820
4.523478
4.210659
10.591511
11.157626
8.426478
8.573054
6.647904
7.639257
8.702087
8.591241
8.803582
9.274055
8.766728
8.256496
9.679314
9.448414
8.773243
9.832442
10.361124
9.887338
9.248780
8.355313
8.142188
8.181646
7.589455
7.725887
7.888970
8.301717
8.887048
7.700055
7.133430
7.686573
8.331226
7.657940
7.960454
7.117879
8.614691
8.225281
7.834009
6.452600
6.221818
6.776979
6.971103
6.348113
6.076662
6.628117
6.017868
5.975203
5.468209
6.277756
5.674914
5.906024
6.154624
6.296876
5.909198
6.429452
5.870762
7.190607
5.971149
7.761450
8.747064
6.787094
8.808056
7.375042
7.102112
6.632232
6.495321
7.273641
6.610630
7.081386
7.135352
5.903389
6.115656
7.140779
7.423587
6.700151
5.999154
6.237862
5.892905
4.933178
6.252284
5.450268
5.118125
4.845268
4.566322
4.600818
5.367655
4.106684
5.413402
4.035697
3.208216
2.969145
3.118630
3.605804
3.491551
3.923038
4.038230
3.354374
4.025422
5.033838
4.638965
4.131976
3.746015
3.476385
4.554846
4.129204
2.777211
3.970406
4.164331
3.947569
4.919311
5.571106
5.119849
5.089622
4.945023
5.410585
5.426237
5.254401
5.171298
5.547044
5.467150
5.283886
4.329492
4.998532
4.713539
4.379732
5.244502
4.429955
4.524627
3.947483
4.317271
5.148131
4.622775
5.207043
4.288502
3.494317
3.986192
5.035007
3.840120
4.575153
4.721083
4.809909
4.387850
4.218365
4.431312
3.762662
3.595139
3.845208
3.030817
3.493226
2.980625
2.795174
3.205160
3.071176
3.457488
3.743501
4.160252
4.238585
4.257347
4.022965
4.554275
4.175991
4.638936
4.018100
5.507436
5.563614
4.709161
3.526769
3.944217
3.771276
4.101036
3.853781
4.537744
4.087215
3.247126
2.611226
3.233902
3.066472
2.457931
3.926274
3.884086
3.240525
3.459570
4.197466
3.411103
3.688919
2.991810
3.019512
3.156739
3.475435
3.669622
3.816975
3.786357
3.662980
4.153486
3.296369
3.033711
3.205343
3.536382
3.562643
3.535541
4.017418
3.957183
3.967647
3.850224
3.200508
3.801266
3.121482
3.754574
4.020923
4.292092
3.412920
4.288694
5.133432
4.637836
5.091807
5.607945
5.263613
5.691555
5.029836
4.401116
4.358583
5.147614
5.611081
6.177979
6.887351
7.559487
7.177399
7.818154
8.142372
9.023226
8.915359
8.720665
8.796752
8.409102
8.050635
8.488877
9.048791
7.676746
8.214137
8.087475
7.528200
8.512170
7.651836
8.130397
7.580677
8.470720
7.528244
8.079530
8.305622
6.911711
6.627101
7.434351
6.576384
6.986522
6.786688
5.379467
5.218141
5.455132
6.120122
6.269597
7.503642
8.387385
6.538174
9.476588
7.814642
9.430473
10.150400
8.015750
9.768976
9.284530
8.618956
10.123325
7.835317
8.859599
7.980384
5.981074
6.813510
7.434245
9.347952
7.521852
7.716316
7.101732
5.069559
7.601028
5.453462
6.443757
6.262589
7.413670
6.316126
7.213245
6.547946
6.488085
4.608481
5.212284
6.885710
5.759745
6.165519
5.850149
7.228607
7.211394
7.230174
6.402788
8.030092
8.430124
7.579778
8.936432
7.499042
8.778801
9.456515
9.922182
6.888408
6.611218
7.699747
7.791118
9.332036
9.414754
11.202706
9.091826
9.173098
10.242754
9.267891
8.345253
8.369161
6.899308
7.820668
7.984700
7.795545
7.609307
8.760330
7.361958
8.380656
6.911367
8.878285
8.376775
8.461796
7.526705
7.405158
3.842868
5.092168
6.033647
5.663110
6.702516
8.139991
6.705703
6.917875
7.509744
6.760699
7.230133
5.491539
6.836000
5.218661
6.004065
5.075239
5.650524
6.921273
7.245939
7.196299
7.801875
8.338778
8.120586
8.430043
7.115539
8.020843
8.249015
8.186558
8.799233
8.521587
8.144655
8.064800
8.431176
7.243801
7.041806
6.766604
6.258155
6.502696
6.722925
6.607997
6.789207
6.397322
5.950303
5.091977
5.411104
4.900574
5.464899
5.227705
5.609200
5.411388
6.250160
5.554001
5.377381
5.854285
5.802973
5.055010
5.345451
5.293661
6.019545
5.304965
4.258559
4.151376
4.394827
4.519439
4.093531
4.320952
3.916408
3.916149
4.134840
4.140124
3.959779
3.948661
3.641078
3.705955
3.241975
2.501485
2.776279
2.784318
2.940612
3.184812
2.719301
3.085389
2.728741
2.619948
2.572863
2.478810
2.380635
3.365628
3.307329
3.597360
3.573909
3.255676
3.390531
3.157293
3.793089
4.201312
3.430616
3.788129
3.849172
3.559508
3.855454
3.858756
4.630478
4.625043
3.961976
4.175362
3.079951
2.660381
3.903937
3.894371
4.215510
3.966135
4.821465
5.163780
5.806567
5.820981
6.103337
5.791805
5.673158
5.791589
6.433593
7.008011
7.019603
5.796486
5.566743
6.163514
5.636386
5.129098
5.880425
5.523941
5.146846
5.920053
5.537556
4.183569
3.858902
4.283389
3.794766
5.612542
6.059169
4.887504
4.824192
4.220145
3.900570
3.523497
4.115536
4.102749
3.778549
3.699937
4.777147
3.947997
4.245514
4.683103
5.298118
5.549110
5.848600
5.128550
4.440329
5.809667
5.568090
5.284037
4.280526
4.796230
5.119048
5.907529
5.849053
5.614895
4.869222
5.120432
5.042009
5.648548
5.786581
5.246261
5.888593
5.855692
6.205776
4.780756
5.218058
4.615823
4.306173
4.827018
4.288572
4.695117
5.739784
6.332022
5.064410
5.195472
6.196098
4.130511
5.567428
4.807130
5.494515
5.242371
5.274005
5.469337
5.132495
3.775040
5.440009
4.477457
3.800819
5.497709
4.990303
4.462488
3.882914
4.649737
5.066088
4.026624
4.473827
4.290390
4.044703
4.107521
4.843398
4.945124
4.219727
5.220194
4.686257
5.241863
5.851261
4.928692
4.938826
4.974729
5.420415
4.710011
5.310843
5.706218
5.494782
6.142158
5.217339
4.945827
5.320193
5.463520
5.087499
4.187511
4.414255
4.941402
4.530742
5.123681
5.236623
5.052371
5.650970
7.320795
7.608647
8.515238
9.004090
9.429623
6.129735
9.152727
9.148573
9.184086
10.622884
10.306454
11.459630
10.170734
12.903233
12.292954
14.495551
17.510743
16.834672
14.795628
15.051633
14.647069
15.947491
15.084425
14.639460
14.536867
15.442120
15.442815
13.183646
14.125018
14.374699
7.587177
8.556075
6.315746
6.298936
4.282477
2.757533
3.111960
3.247350
2.278909
0.646607
2.230258
0.729452
4.805104
3.615647
3.745013
3.452872
3.631914
4.396888
4.094270
3.960508
4.667518
7.339811
9.148948
7.511065
8.715736
8.602129
7.875002
7.820390
7.123870
7.353803
9.145034
9.144096
7.698588
7.982581
7.535604
8.470870
5.721419
8.528247
7.055365
6.654367
4.853803
5.735994
4.365103
5.989345
7.361012
6.611403
3.924134
5.427937
5.970683
6.565440
5.455064
7.552127
6.525383
6.572977
8.570772
9.174969
9.244059
8.912610
12.249972
11.602539
10.665802
9.240039
10.295146
10.870438
10.335882
12.132070
9.457401
10.018433
11.571560
11.256026
10.252089
12.665421
11.565017
8.240100
12.558544
12.304026
11.443475
9.922948
11.790844
12.378072
12.776136
11.713653
11.609608
12.520440
12.275954
8.941691
11.173589
11.530285
11.190920
9.645287
13.196041
13.358595
10.328298
8.105336
8.823779
7.261402
8.342759
5.164621
6.780723
3.511181
4.876244
3.178603
5.776009
1.858238
2.623481
2.046540
2.937933
3.702026
5.068733
7.648126
7.976422
9.973585
9.496620
9.975546
8.905350
9.963717
10.684917
9.433246
11.762878
12.537881
14.087848
14.363523
15.927727
14.785960
15.786850
15.089994
15.921327
15.100136
13.891711
16.961993
13.574111
12.451832
12.543532
13.149354
11.821180
12.098901
15.516459
15.195252
16.676725
16.030555
18.926812
16.002061
17.833305
18.724131
18.514518
20.345273
17.785265
19.705751
19.102443
19.253160
18.795151
18.063309
20.608277
19.123319
18.681349
19.977301
23.391185
20.781575
22.185001
24.240855
25.968306
21.294344
18.186451
20.460313
18.146911
21.737883
21.759599
22.935336
25.406320
26.197367
28.776057
30.849057
36.096305
36.289794
39.500962
43.210945
45.594393
48.153476
51.031352
51.753075
55.896185
55.674884
58.460486
62.068752
60.348316
58.314204
58.350216
55.341804
53.625408
49.712117
46.319798
41.159575
37.993385
31.644355
26.761743
22.733204
20.004112
15.656582
14.766595
12.396079
11.867756
12.529943
10.049263
11.815627
9.669005
8.403023
7.090646
7.748557
7.321030
6.442964
6.082288
5.552838
5.251770
4.465207
4.807259
3.150799
3.892222
3.840365
4.305623
3.918619
3.182526
1.222126
2.652077
0.734983
1.631052
2.298762
1.085737
5.699881
5.677422
5.633938
5.857109
7.102037
7.600451
8.949933
8.723087
7.917591
8.778477
9.582341
8.863792
9.265653
7.928118
9.051062
8.848277
7.220016
9.164705
8.440120
4.116130
9.192972
7.545134
6.794021
8.233476
6.164576
9.978868
9.653199
8.492467
4.993981
6.709829
9.238648
7.914054
6.878757
6.545426
4.444730
6.326026
6.519895
5.740949
6.086282
6.272360
6.956660
8.206232
6.906591
7.709491
6.778175
6.448420
6.620245
6.717994
5.844801
7.673286
7.238981
7.537946
6.888674
7.561529
7.396149
8.029254
7.061792
7.821306
8.008890
1.729639
2.444013
1.842451
3.035927
2.427988
2.145251
2.812974
3.016894
1.989083
2.739945
2.875522
2.336932
2.678922
2.929424
