4.123106
3.967811
5.200031
5.880134
8.116360
8.614505
9.801593
9.045398
6.678894
7.666357
8.582431
7.651482
7.312243
10.208242
8.371478
6.550331
7.398578
7.561872
5.488206
5.515904
5.140203
6.544562
6.373778
5.927205
4.407090
6.434056
6.022332
5.482821
7.138195
9.756400
11.124516
11.727305
12.435407
12.803500
14.267250
13.292346
12.501031
11.037946
11.144976
10.835902
10.616609
11.487322
11.022544
10.818370
10.687880
10.329611
10.411759
10.690050
11.251125
8.262111
9.003228
8.679718
11.629871
10.693114
12.295416
11.497910
12.891420
14.251998
14.345072
14.223550
14.096654
13.983441
15.286487
15.278839
14.951779
14.895668
15.096842
17.192956
17.418759
17.582589
17.569050
17.309304
17.456153
17.651972
17.732423
18.057462
18.335260
18.784028
19.603919
21.713199
20.518021
20.557679
22.626297
23.168667
23.262340
22.247667
22.205578
22.855429
22.432139
21.617947
20.482788
19.693369
19.246591
19.695846
20.216452
20.427337
21.135346
20.672020
21.444326
21.476209
21.416303
20.583985
19.255863
19.641069
18.670676
19.109576
18.387500
15.987953
15.875718
15.914757
16.230433
14.616746
14.619186
13.079497
13.723686
13.067840
13.688108
10.013281
9.499098
7.495411
7.124861
8.157821
6.610872
5.532077
7.802781
7.668970
5.813929
5.634556
5.479781
7.232942
5.418452
8.017542
5.081643
4.158380
2.306671
3.921329
6.648896
7.948049
9.470281
8.738258
9.261155
6.719872
6.252386
6.158331
8.172399
11.193968
14.015856
15.145279
16.697967
15.161280
15.398536
16.991561
18.148645
16.776082
16.826528
18.073727
17.692722
22.141910
21.244838
21.342881
25.738748
25.697461
25.211226
24.220318
27.078786
30.198516
28.973373
27.093604
28.860510
28.815958
29.181381
27.025343
27.090687
24.425258
22.402103
21.546493
20.643206
21.521469
20.876003
21.337769
18.045733
20.821288
19.435545
18.577551
19.632677
15.201960
17.048149
15.387798
16.351266
16.998161
17.384142
17.260016
16.737625
18.584121
19.686281
16.268980
15.469289
15.049643
11.094774
11.626225
13.769320
18.399359
20.449746
19.243265
21.542271
22.966642
24.223985
22.663471
21.636711
24.471030
26.690621
22.983225
21.114623
19.503259
16.409979
17.161610
18.372765
20.487894
21.788403
14.521303
14.762385
15.865450
17.102590
20.169574
14.241921
18.617533
19.018234
15.575526
18.148984
18.971002
12.201436
12.668111
13.249236
13.858345
14.682186
16.685866
17.351256
19.124739
19.193937
20.245282
20.192415
20.191192
19.674747
18.592654
13.559633
12.914481
11.319408
10.862877
11.632637
11.897416
12.212626
13.867505
13.640581
11.649705
10.180609
8.780219
13.124890
11.645481
12.184545
16.038249
17.090351
10.691194
9.644819
11.477914
10.582562
8.229034
9.816007
15.368722
15.368463
16.849571
18.788042
16.638607
17.270567
17.098960
16.387279
14.073561
13.516753
12.364309
15.796143
16.926216
15.815096
14.265136
16.719693
16.947574
17.694396
16.182090
12.151363
16.668471
13.616367
16.177599
12.424086
13.572753
11.846763
8.323564
11.769763
12.706503
13.556557
11.086317
9.204140
7.263642
7.828469
15.091763
14.088593
16.006561
15.679672
15.531981
14.645376
16.027154
14.812938
14.011775
12.670696
13.593778
18.150176
14.532581
14.688992
13.289853
11.973918
10.802744
7.992480
8.763519
4.642082
6.260567
8.357288
9.321762
12.744184
12.072999
13.224000
13.484296
11.844229
10.118531
9.259333
8.860939
8.631956
8.713785
9.246800
10.327196
11.833425
13.356979
14.264370
14.991326
15.584150
15.874626
16.185397
16.245077
16.467894
14.326181
14.889712
16.124893
15.576232
14.232959
14.862067
15.850869
15.705684
16.512633
16.029495
17.102576
18.296460
16.962288
17.648530
17.806185
17.986840
18.083109
17.854618
17.447695
17.371462
16.700055
16.143207
15.762998
15.187581
14.360196
13.407425
12.005250
10.820582
9.392881
8.378792
7.914196
7.537125
7.081567
10.701651
9.239570
9.595019
11.486280
10.545054
12.912851
15.266281
16.130106
17.565929
16.849757
16.303283
15.992944
16.597115
16.075050
16.064441
9.455603
10.812109
10.875891
11.222857
11.517479
11.555156
10.811231
10.004095
10.192577
9.521776
9.460176
9.483440
10.141622
10.138152
8.427759
7.414171
7.170469
7.033834
7.762577
8.224491
8.475342
8.755463
9.254150
9.227464
9.298033
10.570200
10.235531
10.605756
10.217359
12.032237
11.892230
13.290051
14.359674
14.583642
15.168537
15.275275
15.630356
18.253861
19.838237
21.196007
21.764012
22.314875
22.728129
22.876645
22.699079
21.361035
20.775033
20.246415
19.086267
19.516246
20.682786
20.386356
20.447783
20.172528
17.174611
18.127551
16.236112
14.659836
14.328051
12.722642
12.501890
12.810356
12.800191
12.990004
12.930009
13.043336
13.268622
13.670283
12.011003
11.505494
10.624384
10.406542
9.945363
8.399077
8.063599
7.001016
8.488981
8.453782
9.814288
10.057882
9.684504
8.482600
8.956308
11.035887
5.982057
5.019826
4.452418
5.070449
5.386179
6.140269
7.039569
7.319238
9.195532
9.001125
9.643730
7.933002
5.871561
3.461333
6.912129
5.316300
7.490042
4.921588
8.888794
6.271563
5.675934
5.180473
11.155942
10.457788
11.417127
10.882354
9.503647
15.823297
13.189171
9.417032
12.978603
11.360947
9.471264
14.353275
14.138821
12.988084
13.991773
11.312786
11.936499
10.347220
11.814294
8.486703
7.363331
12.721522
12.229720
8.627057
14.440680
14.592331
16.452906
13.572446
9.728382
16.525780
13.123125
13.892356
11.715897
12.613802
10.812702
14.171732
11.680198
10.506964
14.692334
13.022205
14.069013
14.410186
14.236562
13.862796
14.923224
17.064804
13.838023
16.786286
10.644062
8.286607
14.625703
13.845520
13.826127
14.231740
10.730517
15.895481
8.773741
12.945062
5.551092
11.223240
10.486254
9.710923
9.971532
11.915080
12.037422
12.468665
13.666664
13.514868
12.885117
10.980075
12.987116
10.443926
11.718270
10.554112
11.546549
10.558268
10.871134
12.041888
12.958739
15.415783
8.632560
11.009563
10.205021
12.308749
12.006003
14.994784
13.510138
13.172609
15.740404
9.936453
10.215377
11.604561
10.210350
7.831936
8.080362
9.945133
6.325701
10.185178
10.534478
13.240632
13.296613
9.488114
10.290394
7.199617
8.565407
9.917669
11.249923
11.422493
11.573737
11.041642
10.085077
8.416176
9.177346
5.404241
7.883183
4.442709
7.453042
3.704847
4.089316
3.562282
3.252108
2.662865
5.328248
2.940085
1.366053
0.058523
3.857000
3.864324
4.394852
2.754278
5.533211
3.282701
3.228328
8.835440
9.607124
12.396155
11.607649
9.836723
8.280604
12.936470
7.317952
10.642859
8.110218
3.299337
1.255379
2.029104
1.164756
1.764299
3.530164
2.446947
2.845551
8.329565
8.096681
9.861356
7.425039
3.883298
7.707636
6.676563
9.455065
4.438516
6.239143
5.055010
6.688797
5.061139
4.699024
1.150489
2.364520
4.295554
6.546039
7.097778
8.463025
10.350693
12.370196
11.953623
10.347978
11.267381
9.004562
4.699912
18.003075
14.600185
20.037887
19.244636
20.135110
16.290000
20.530137
23.672926
23.431457
24.618347
25.125325
26.974054
29.434316
24.922507
28.246855
23.434281
21.752056
28.175749
28.248630
30.244254
30.400263
30.348805
31.155454
31.103011
30.135868
29.883175
30.193071
27.202509
30.810901
24.238779
23.596045
22.192234
21.429396
22.536193
17.400394
17.156635
16.805487
16.157396
10.442423
10.191626
9.631708
10.783642
9.064170
11.446035
11.751152
12.407619
12.086402
13.085918
8.563904
7.238841
5.382211
5.174215
7.308091
8.670157
11.625538
14.682044
13.590498
14.270350
15.956342
15.450676
21.972224
21.054524
23.590025
26.734652
29.266464
32.463435
33.088924
27.409154
30.567298
35.311691
31.621672
35.414497
40.220273
37.268181
43.079514
41.841590
38.214779
37.281079
35.507730
40.241402
37.300199
40.684449
38.511392
41.945308
35.787993
35.908276
31.812418
30.935343
30.083218
26.895600
24.026132
21.182431
16.962138
13.263412
10.604198
17.736830
15.438060
13.830099
15.594584
13.955240
15.945227
12.872961
13.616730
12.468314
13.967366
12.522001
12.628353
12.772378
11.111257
10.694391
11.376865
11.294726
11.028591
11.995200
11.208954
11.944983
14.616108
14.234083
17.947571
17.974062
19.028829
20.651562
19.788788
19.171711
18.116778
17.801944
18.637656
19.650062
15.867931
16.064791
15.635387
16.229056
15.457458
12.001213
11.520010
11.798409
12.074893
11.252859
11.052016
11.759492
12.468909
13.532178
13.358881
13.001263
12.079365
11.315134
11.084155
11.298252
12.411073
13.837870
14.529418
14.438868
13.997786
13.867640
15.560374
11.195001
14.230799
15.578762
13.451695
14.493050
14.049585
13.369016
12.577458
14.662719
15.064841
11.694855
12.202656
16.667433
16.694778
17.677529
18.479032
18.682741
18.798777
18.387931
18.554170
19.390341
11.415078
13.943064
12.449945
16.216763
10.508606
12.895702
8.294723
10.331614
4.989010
9.038110
7.983215
10.972736
8.412862
10.003786
11.054937
10.748731
12.084132
9.511638
6.704103
4.677398
5.236184
5.909793
12.299696
13.398270
14.848344
16.167601
17.760088
18.937849
14.966476
18.012335
21.428509
15.740813
17.495292
19.228303
15.240899
17.431096
14.941447
18.794856
15.367258
15.479267
15.081105
9.687096
17.141068
14.547034
18.471509
18.345627
17.640772
18.422696
18.925272
14.191621
13.768367
17.933278
15.545605
14.719282
18.662613
15.573681
26.386287
28.673790
32.869492
37.153192
38.187542
44.801535
52.998587
56.674987
58.967632
60.831365
61.359898
61.594020
61.057246
60.271562
59.200289
58.599362
58.525031
58.155114
58.010776
57.840018
57.556966
57.539677
57.818185
58.200127
59.419063
57.915735
49.185661
54.923530
43.869468
41.125615
42.270884
45.789838
41.107474
36.274532
37.508586
35.028427
27.668985
27.360730
25.751065
21.200064
25.242875
16.660638
12.855481
10.141886
8.088178
11.334895
9.138880
8.051165
4.805468
8.015468
6.553634
8.753733
8.019691
4.442198
5.839471
0.291548
6.063943
4.521438
8.506498
11.525781
11.399476
11.619746
13.620669
15.987280
23.252951
28.438179
24.459896
26.999919
27.371376
29.491609
24.966386
24.423495
23.350005
22.119770
20.467856
18.602987
15.156455
9.102132
2.915476
4.283480
5.996332
6.633920
5.895257
9.287804
10.243937
12.506079
9.723385
11.322501
9.993130
11.179733
12.279048
12.854549
13.395888
12.438171
11.953247
9.347240
8.716939
8.268283
7.569652
7.692277
8.173251
7.427659
7.880972
8.420352
8.129614
10.735601
9.130067
6.129121
5.835274
8.865953
5.755643
8.160040
5.507107
9.154525
6.606398
9.363506
5.724622
9.040611
7.962478
9.667639
3.672145
5.833768
6.314951
7.476030
8.077662
8.448167
6.972096
6.455744
4.900574
4.738254
4.475712
2.906101
2.259303
5.389863
4.392417
4.813362
5.817637
5.122446
5.834522
5.044452
6.061357
3.784508
6.004026
8.100522
10.451191
4.675778
6.269549
6.651220
8.172033
9.026280
7.058173
7.741261
8.631681
7.372322
7.713475
6.047049
6.688395
6.906939
5.870541
7.643481
4.171337
7.069767
8.904676
4.193689
8.074201
5.989226
9.810847
5.413134
6.748941
5.375002
7.640026
3.577611
6.516412
6.891067
8.737703
9.524361
11.548958
6.906701
9.579124
8.473169
11.108972
4.743240
6.815149
8.144490
9.545613
12.956251
4.921611
6.084326
3.690545
5.125888
7.248493
2.811961
4.276172
4.735517
4.715382
4.432293
4.628674
4.040746
3.042910
2.253470
6.975717
6.211322
5.011651
4.809857
5.478040
6.531501
6.529060
3.719388
6.587733
3.374541
2.599312
2.289334
4.630769
3.249250
4.821112
2.743146
2.860511
4.205217
4.726272
4.908004
5.020720
6.809644
4.043390
6.272420
7.163187
23.436083
23.843245
26.206756
13.152946
16.498255
15.643671
19.294179
17.701323
24.752760
24.368749
34.257811
