2.236068
4.688825
4.989326
4.679055
2.980051
2.978786
6.038131
9.431157
8.035450
8.580600
9.713823
8.291515
8.685453
9.420802
12.258729
14.532489
13.079446
14.993584
16.077622
17.424778
16.736781
17.416020
18.805805
22.753584
20.698972
22.034080
25.567684
23.237435
23.811293
26.470484
24.102571
23.453628
21.035341
23.578193
22.470387
19.932331
19.544214
21.582892
21.970701
20.696690
16.231975
17.080239
19.615181
18.192507
22.203529
19.998159
17.883558
24.795505
22.172973
21.500170
20.982395
24.731359
24.122004
20.809674
16.772242
16.137873
16.734500
19.292202
19.556022
15.699662
15.959967
18.026349
15.832978
15.370787
20.978241
16.495609
16.294423
18.387175
15.364407
16.125419
17.893054
14.187608
14.157641
13.503956
10.577868
11.358375
12.559286
12.526454
11.416696
13.232267
11.559780
12.639185
9.780082
15.475717
14.784460
11.352069
13.230145
20.160515
19.179677
23.356546
20.860111
26.723119
19.505617
29.716877
29.391280
25.913642
32.046294
35.357189
33.468418
32.529870
35.459133
37.033186
39.276160
39.205501
38.871177
37.698306
37.897554
30.601283
31.790543
31.367894
32.050461
32.808697
29.704317
30.163397
28.193154
27.826287
27.099261
25.367835
25.646933
22.831705
24.328792
24.135662
24.969329
24.788534
25.510923
24.658369
24.850741
22.416262
23.608425
19.379170
24.949994
21.317238
21.820871
21.365894
22.404480
18.376377
15.537347
12.651426
26.232272
26.040296
28.479879
27.607675
26.219761
27.810745
27.479907
26.743806
24.758813
22.715831
23.514721
22.049863
23.156365
28.859091
27.490509
23.874285
24.112118
24.650063
18.727055
18.881057
17.266968
18.955284
17.859343
19.361732
17.409484
17.742656
16.510728
17.442977
14.833582
17.647218
20.410855
19.790221
20.226283
20.714515
23.118829
25.657450
25.466832
31.974297
36.333310
31.954707
30.790891
35.970036
37.331709
38.012421
39.274684
41.612701
41.447195
44.029956
40.907143
44.434171
44.212810
46.232150
44.206826
43.362944
41.708554
45.322555
45.165269
45.546064
44.067870
44.743999
40.152569
41.624393
42.642478
41.835530
40.968569
39.552645
37.104875
39.953675
43.058839
39.133143
36.177838
32.430088
35.493346
37.281590
34.931361
39.358369
38.651038
41.580423
38.967870
36.407405
38.512447
37.229092
37.922094
34.824755
32.684665
33.364700
35.188140
29.049512
31.733324
28.057704
33.955366
35.363342
31.254156
29.400676
30.619609
32.572428
29.941160
28.825668
32.603226
33.290136
30.480918
29.663137
33.998431
35.892245
35.913563
36.498864
35.788143
32.617144
29.779967
26.920740
29.280946
30.876024
30.569800
30.925564
31.794538
31.437969
34.810933
37.434597
38.714621
37.766565
37.594948
39.495274
38.964631
40.313763
39.004351
39.960873
41.839788
40.260816
40.618556
44.279639
40.735054
42.768483
43.286986
39.271500
39.769629
38.647551
39.639468
36.757709
34.317523
39.448059
39.806684
42.938468
46.744628
42.644871
47.652810
40.899198
44.895911
45.033439
46.768228
45.752061
44.037779
51.069133
48.591482
48.624302
48.873418
46.559095
48.188266
48.651764
48.328045
44.462188
48.740481
51.088144
49.792536
49.775670
52.670480
48.844158
47.387904
49.037022
51.388857
50.042311
45.243164
47.718285
50.873294
49.367320
48.754647
49.720979
48.124842
47.724538
47.236871
48.190856
47.587681
39.089917
38.957742
38.992531
40.784930
42.496024
36.063867
43.151784
41.682426
39.977085
40.773945
41.897815
43.126632
45.623417
42.709637
43.107262
43.770364
45.220606
46.051815
46.311363
45.616860
44.702678
44.859918
48.033141
48.577950
46.429490
46.892239
48.239272
49.564000
49.050734
49.336759
49.012636
51.521362
43.915012
45.465487
42.510117
46.530284
47.128990
50.663128
50.812310
48.729961
49.373674
46.543259
44.850417
44.699082
45.818719
44.745043
44.100461
43.400183
42.671637
40.483269
38.005630
36.227162
39.708383
39.493662
40.100050
39.307916
39.192703
39.122858
39.595867
35.668125
36.520875
36.920665
39.753635
47.346977
42.566677
44.933515
47.740119
45.210227
42.619532
43.183603
44.769681
44.532152
41.349685
42.345115
42.528286
43.254137
40.313540
38.155481
38.606604
40.222631
41.378670
38.432090
37.102746
40.176551
38.060174
39.620426
39.285499
42.537501
38.517402
38.697530
38.534235
34.911035
37.498094
34.238061
36.687099
38.001138
36.169132
38.169375
41.996251
38.303848
41.213087
42.779559
40.973386
41.451654
41.349511
39.336027
39.579507
39.862701
41.767590
42.344064
38.802531
38.764254
39.531135
38.474047
38.096933
40.609306
41.490505
41.497020
42.188904
42.364475
40.408344
40.088754
42.268643
43.490003
35.234121
38.052203
43.737079
40.643401
38.560091
40.011903
39.983168
35.706811
36.426292
39.508133
40.857723
41.997366
42.375462
44.382980
45.761614
46.544325
45.558531
47.740336
45.676984
47.806348
44.262280
48.298260
48.100016
47.638662
48.245763
46.066873
48.901740
47.079304
49.593955
52.222273
51.781494
49.657830
53.573997
55.997530
56.679356
56.751862
55.621140
54.399978
55.651413
51.454012
50.874887
52.839125
50.710251
49.234878
47.521212
52.908667
49.271049
56.307380
52.865586
50.291604
55.579807
53.204987
51.272990
50.794321
53.801201
54.302426
53.808913
49.710573
50.122473
52.088884
55.039973
57.196871
54.062885
59.747114
55.831581
55.350110
54.482116
54.351583
56.314752
55.442881
56.734086
55.048729
57.211623
54.804378
53.708390
52.896589
52.809127
58.152827
52.268022
51.139265
53.922293
57.818432
52.377527
50.979227
55.413630
53.870786
55.099141
54.481455
52.386278
52.324292
53.445005
53.135607
53.674068
55.214038
52.815398
56.688813
58.089319
53.923838
58.102079
56.067419
54.607654
53.723762
55.565217
53.936934
53.960529
55.922153
57.095135
56.222719
57.595766
54.885441
56.210608
54.120394
58.591891
60.372853
56.415684
55.416489
55.159480
57.503268
56.773308
56.759460
56.807645
59.715419
58.574209
59.199797
62.009916
60.333442
60.067989
56.023160
56.793090
57.218610
55.230220
55.442757
56.378425
58.054694
52.815830
56.340075
54.262708
50.146700
48.989834
48.515823
49.049291
50.462150
48.915139
42.399274
39.985088
40.679535
42.746675
40.665300
42.273187
37.055214
41.228095
44.828028
43.848851
44.013910
40.560020
43.052524
42.762724
41.439219
41.535882
43.051265
42.568543
47.072884
46.943996
43.088208
42.551293
44.570706
44.105225
40.729579
42.687461
46.650534
43.659790
44.190089
40.669562
41.291850
40.443319
43.178147
44.335369
40.236464
40.244472
40.166798
40.625623
45.133505
43.652201
43.581487
43.324954
43.245730
38.938678
38.973717
41.199272
37.591506
40.598493
37.776816
44.423037
42.264106
37.658493
39.618444
37.596920
38.097174
39.635327
40.638973
41.619885
38.097100
41.582360
38.146495
40.380783
38.539594
36.003628
38.513511
39.642739
39.128913
31.279414
34.416068
37.741097
34.943908
40.264035
39.679824
43.142527
39.651403
40.612007
42.137078
40.107488
40.631515
39.136220
39.634606
39.155355
39.132223
37.657879
37.601448
38.954527
41.174802
38.455799
41.478213
38.869001
38.106008
37.254323
40.651960
45.093401
44.553699
40.344322
37.943645
37.561069
41.699297
40.903960
42.410819
41.943227
43.207739
42.541141
39.704212
40.690274
43.874404
40.143767
40.074000
39.773350
40.956983
41.729054
34.583499
34.899962
33.312043
33.694246
31.397679
33.033160
32.212269
34.376778
40.910897
37.633920
41.031861
42.692787
42.254853
40.516739
37.479198
36.912740
38.919131
36.739026
34.656197
29.669119
32.876237
30.201179
33.530802
33.838411
33.654760
33.106706
31.656206
32.369585
29.949044
32.646991
32.808026
32.682651
27.937233
32.249312
29.361562
28.994720
29.174757
28.090462
31.222062
34.095046
33.914232
33.800086
34.288016
34.154994
31.167113
34.140052
31.195301
32.154956
30.122091
30.056085
30.946743
30.646021
31.386283
28.545923
28.282616
38.185523
35.239002
37.877278
35.996051
34.803508
36.043686
35.162579
38.338485
38.990780
40.702456
38.795015
39.129529
37.078399
39.985608
40.514681
34.585973
34.762372
37.775894
33.174447
33.129184
33.924524
36.230875
35.573221
32.058163
34.456788
35.683845
37.327996
35.073680
37.733170
37.872231
36.981751
36.858696
38.631832
38.196104
38.879772
39.871530
37.559272
39.317045
40.487011
40.772070
40.368892
41.411834
42.428288
44.111295
43.804738
41.568657
41.582103
39.317503
41.820727
39.628483
38.199535
38.763516
42.189927
43.257069
40.678977
37.901650
40.274865
42.518158
43.198281
41.118605
40.568602
41.782672
41.069228
44.472684
46.593981
51.437926
46.486725
47.103228
47.802249
49.623944
44.833770
43.205274
48.693351
54.911440
50.292296
45.552609
46.268406
46.594810
52.137137
48.316941
48.352784
46.986858
46.548638
46.185151
46.596266
46.190936
46.812944
48.379487
50.683907
53.148556
54.148868
52.990804
53.483184
54.545380
51.245855
49.969939
50.332723
49.659005
49.082942
49.567298
44.198756
48.294640
47.213118
45.588645
44.069782
43.492332
43.609678
44.884797
44.421486
43.094742
44.961816
45.764836
45.777365
46.262416
41.159987
43.238711
44.176656
38.702219
40.430208
42.573656
41.697866
39.225575
37.297009
37.754246
34.802311
35.578515
33.767390
35.628424
32.256520
33.949271
26.289899
30.576234
28.398571
30.651952
27.256198
26.695305
24.262401
27.262719
27.291859
