4.000000
3.047138
2.222214
1.252660
0.867785
1.284238
1.616516
1.255320
1.644021
1.855108
1.649771
1.481592
2.368841
3.216881
1.661561
1.984250
1.635011
0.820282
1.160657
2.441798
1.639927
2.324489
4.597161
3.372396
1.359871
1.009585
1.498984
4.305540
3.268654
3.653281
3.124559
3.951796
1.935420
1.079847
3.072339
1.182246
3.840007
1.970883
0.777323
0.784351
1.536571
1.620401
1.241635
1.337612
2.042872
3.422909
1.115948
3.513749
4.532883
3.643855
4.296487
5.930849
6.366730
3.394308
3.304824
3.510871
3.563646
2.099150
3.040532
2.470265
2.489757
2.492270
1.535066
1.168677
3.197649
0.938966
3.502823
1.735655
2.135521
4.183363
4.339703
4.321970
2.819611
3.858965
4.220745
3.946137
3.669979
5.203284
6.159932
7.354485
4.824802
6.292393
8.865231
6.831126
7.985656
5.243362
5.534099
8.243869
6.450947
6.592283
7.165309
7.338140
6.771902
7.446006
7.759891
10.270713
11.072614
10.729814
8.975139
9.662713
9.300130
9.491650
10.252161
8.929268
11.953804
11.071153
11.720312
9.889454
11.229808
10.620279
7.130518
8.163603
9.835408
9.027238
9.561172
9.181441
8.367786
8.803137
7.811833
6.115211
7.134465
5.742419
5.846871
6.888140
7.492901
6.866504
8.729960
8.513498
8.833016
9.117554
8.715542
10.729489
8.325372
10.610354
10.154183
9.776953
11.608494
12.641671
12.393424
13.696539
12.271149
13.746751
13.652754
12.073107
10.792784
11.338860
11.275075
10.440007
11.330620
11.426952
10.687826
10.328203
10.671700
9.607299
10.591018
11.344444
9.673285
11.031193
10.069500
10.318852
11.181894
14.108234
13.417529
15.430885
11.013732
12.616073
11.456632
13.499708
12.714139
13.023120
11.638471
13.756427
10.328911
12.920876
13.056858
11.688825
13.891823
14.352893
15.367372
14.470005
11.748595
11.574841
11.529981
13.373607
11.881689
12.886632
13.248966
13.888446
14.001506
15.905706
14.842560
14.534905
15.601769
12.970272
12.985419
13.473484
12.676471
13.384623
12.088987
12.590422
13.264088
14.618504
14.173257
12.065090
12.810362
13.761396
14.053755
12.690066
13.369985
13.222013
14.929730
13.652935
18.394259
18.375595
18.847265
19.158615
20.447261
11.161449
8.442514
9.457374
7.722700
10.591011
11.234280
11.458424
12.573504
8.007619
7.637299
9.493898
10.710696
9.764128
9.591348
9.455640
8.517924
8.759392
9.173419
8.484083
8.723361
6.665542
7.415351
6.237960
8.638385
8.382565
10.088690
7.797439
8.385292
6.844973
10.479705
9.079176
10.789104
9.826622
10.713316
11.358221
10.313736
9.356410
9.275485
9.680092
4.367271
5.495900
3.760597
7.164230
7.731057
6.305249
7.823783
7.379360
7.269277
6.139986
7.646119
5.752796
5.875204
6.349597
7.648585
7.220951
6.716941
6.780823
8.702041
8.045523
8.680219
8.751118
9.810455
8.295696
8.532287
7.888688
8.297661
8.078766
9.733603
8.386138
10.375556
11.885786
11.609743
11.762968
12.937180
13.434796
13.395862
14.836243
13.696261
11.967689
11.445654
12.485588
10.835180
12.725022
9.999906
11.610915
11.825435
11.004586
10.909524
13.210709
11.722861
13.078775
14.079640
13.202797
11.310511
12.610375
12.292673
10.194712
9.572324
9.249420
10.109365
9.974084
14.985122
11.749307
14.146481
13.862376
15.326774
13.927674
15.877084
15.835423
14.602201
15.132084
15.715910
14.288956
13.543840
13.205784
14.995483
16.924219
19.361361
17.898062
20.508812
18.632203
20.191334
20.082827
20.017247
19.781301
19.405366
18.544030
21.673076
20.658437
17.647741
21.781890
18.989661
19.817083
19.652763
18.344773
19.032439
19.636925
17.634240
19.217619
21.146888
20.382096
21.197529
18.013698
20.336508
19.914972
23.045214
23.009204
23.187884
23.248654
23.170138
25.110060
20.321684
22.415396
22.806880
21.532568
20.850155
22.806270
22.702846
22.549571
24.741009
23.098058
23.150454
20.618565
21.755623
23.729614
23.596136
24.173823
22.857358
23.837917
21.933481
19.654586
20.610526
19.187530
18.541844
19.107350
18.664116
19.837109
18.624734
19.958033
19.168503
20.494269
21.168560
21.053709
20.493385
21.392830
19.568594
16.746960
17.172646
17.106226
18.479978
17.773675
16.412405
17.642526
19.377118
17.553803
19.265820
18.575712
15.795842
16.437386
16.171297
16.139403
15.430875
11.641655
11.491173
13.427052
15.472434
13.326849
17.150687
17.090470
15.917714
15.085008
13.774599
18.912483
18.880915
16.191597
19.143461
17.149692
20.924010
19.392506
17.870690
19.160368
19.019216
22.020989
19.938041
17.955994
18.401775
17.289782
16.900692
16.110348
18.201290
15.817519
17.046562
19.471805
16.794768
19.745471
20.799044
17.110321
19.035109
18.956496
17.555071
18.233212
17.515784
18.435027
15.970615
17.830592
15.000087
18.227114
17.934764
16.804979
15.657086
17.987871
18.632062
18.561094
17.776137
16.988223
17.674232
18.477714
17.805787
16.748039
15.771693
16.564244
15.919447
16.184994
15.516543
15.501193
16.284068
16.631465
18.398907
18.328857
18.432964
18.049780
19.182478
18.870034
19.424580
19.895996
22.581463
20.998867
22.340474
21.389332
20.119624
20.562699
20.911285
22.856684
22.064339
22.587451
22.084248
22.606897
24.407498
22.046100
22.246548
21.241397
21.248442
24.091963
21.903306
23.053255
23.854619
23.491604
24.214153
24.337348
25.274345
26.799183
25.200014
24.867916
23.870831
22.120308
23.057975
25.403610
24.513800
23.833157
24.011198
26.541821
26.882454
23.672242
24.177076
23.303921
23.794151
23.089867
25.402165
23.872597
23.157386
21.928818
20.437488
18.986048
20.396662
23.318716
21.464055
21.150909
20.405893
22.223639
16.895277
17.570921
17.853926
18.888380
17.890943
19.317250
20.072505
13.848791
15.828091
14.236802
17.475613
18.028917
17.181550
17.235129
19.372188
20.191307
16.023193
18.593356
13.574929
15.595502
15.192417
15.758493
15.685869
14.236610
15.348482
13.133638
12.980228
15.942129
17.634590
18.060800
16.661861
17.626527
18.746128
16.890567
20.372774
18.178135
18.105789
19.490953
16.064296
18.679505
16.212487
16.281662
15.283702
14.481452
13.861640
12.597960
10.940224
12.838449
15.401648
14.273903
14.899495
17.160702
18.467711
18.690869
18.441119
16.827315
15.262518
14.078207
14.075781
12.642883
16.512835
13.693117
16.855134
15.933039
18.165526
17.472860
17.611890
17.718601
19.042806
15.523587
16.257062
13.960322
12.842354
14.236030
12.248005
12.693742
12.489847
12.581871
12.663828
11.790208
12.187222
12.673012
13.895594
17.213550
15.929952
16.804025
17.169157
16.582501
16.306805
20.148570
17.119162
14.074870
12.427169
10.795570
10.441055
10.452339
7.113342
6.294083
4.096096
2.690505
2.599116
4.156519
4.840461
5.445622
6.470261
7.383408
7.294260
7.190195
7.437174
8.743262
7.348757
7.948685
11.270017
12.301659
12.021685
9.088806
11.302765
9.665219
8.255095
7.447751
8.489455
6.502500
7.403918
7.631930
9.481482
8.741628
8.379888
8.412836
9.644365
10.000890
9.706359
8.725454
8.449489
9.054067
7.064321
8.108338
9.467145
9.054346
8.022352
8.571837
8.738841
7.803748
8.522074
9.010916
8.490482
8.971521
7.684603
5.828142
6.874695
8.955339
6.938813
8.582070
8.675709
9.194634
10.448543
9.869763
11.551374
11.108413
10.305816
10.040281
12.949907
11.603130
11.005595
10.634343
10.840830
12.919298
13.559676
11.514705
11.893296
11.667460
8.707612
11.473789
10.983133
9.979370
9.782000
11.064096
9.627430
10.945001
10.186867
11.974634
12.726799
12.641316
12.651500
10.357629
10.374099
10.614317
9.902184
9.917585
9.410746
9.616857
8.915072
8.621809
9.245501
8.909829
8.526405
8.431631
9.555927
7.459060
9.230513
10.175656
9.268135
9.736582
8.797622
8.962265
9.609363
9.062720
8.276152
8.885508
9.544858
8.730089
9.936854
10.284493
10.610276
10.645351
9.713842
10.348219
10.948467
9.906966
11.145249
9.687840
9.159202
9.513757
8.406538
9.254006
10.499393
10.922526
7.158163
8.695607
7.709655
7.377088
8.485582
10.626451
10.867464
10.893728
10.731178
10.866147
11.432381
9.646315
9.726308
8.835592
10.038216
8.480139
8.066971
7.159473
6.820099
7.932701
7.013786
7.427507
7.996737
8.257271
9.761106
8.705217
10.150001
10.034299
10.756093
9.157767
10.015194
11.071633
10.429069
10.116387
10.048170
10.290222
11.020698
9.461129
8.707158
9.471832
