2.000000
2.059312
2.014170
2.452371
2.630564
3.251110
3.506049
3.582683
3.693555
3.764994
3.733611
3.846953
3.787113
3.930801
3.882230
3.527152
3.624134
3.121875
3.228502
3.033075
3.313676
3.870305
1.970573
2.323900
2.642152
1.677967
2.053462
2.491368
2.046442
1.910227
1.408739
1.589291
1.940388
1.702873
2.258258
2.132710
2.209706
1.729306
1.800081
1.913774
2.317596
1.891461
2.715810
2.318647
2.440353
2.139539
2.331577
2.661898
2.353683
2.314962
2.133134
2.618913
2.445964
1.795218
2.468721
2.062969
2.389079
2.263846
1.829418
2.174093
2.527696
2.224421
2.375227
2.933428
2.732199
2.703306
2.255527
2.272619
2.324749
2.081891
2.307000
1.550485
2.010584
1.847202
2.116902
2.266136
1.495433
1.638551
1.820161
2.301249
2.175505
1.464624
1.751290
2.296824
2.150866
2.344408
2.678852
2.144621
2.429455
1.789204
1.988064
1.625438
2.463079
1.959471
1.619259
1.505245
2.089921
2.261812
1.467338
1.879129
2.150850
1.424479
1.984223
1.866167
2.046993
1.823926
2.241745
1.854159
1.544200
2.019751
1.621350
1.633080
2.277617
2.316502
2.257926
2.179983
2.579152
1.933940
1.832212
1.397891
2.081424
2.259684
1.550519
1.553597
1.798103
2.176679
2.333310
1.647621
1.828798
1.403034
2.477419
1.481440
1.654237
2.102925
1.627090
1.609898
1.392882
1.180175
1.994384
1.138642
1.789676
1.955968
1.628565
1.523654
1.257689
1.711279
1.542809
2.286433
1.977858
1.662298
1.945664
1.691981
2.140510
1.539582
1.598415
1.956516
1.956516
8.544004
8.273921
8.419078
8.198535
8.063684
7.726916
7.592124
7.747468
7.756929
7.499426
7.894854
7.789212
7.914935
6.919535
7.708244
7.786607
7.613105
7.967022
7.640904
7.258713
7.611227
6.729472
8.551752
9.335454
18.398369
17.917723
18.467088
18.343546
18.330348
16.635855
17.318631
17.107648
17.519557
17.595809
17.804423
17.352628
20.180436
20.214415
19.791741
19.380194
19.261924
19.238379
19.215155
19.161952
19.247786
19.204986
19.052448
