3.162278
3.890328
6.080019
1.181747
0.595000
1.846923
2.910674
0.921263
1.495075
5.875734
2.637219
3.333902
4.035050
2.710397
3.016529
1.141271
2.956112
0.575674
1.787316
2.052054
1.466168
0.355844
2.842006
1.471207
3.005017
5.754166
3.050316
0.286531
2.764634
0.329621
0.557001
1.059646
5.513842
6.216536
6.630008
5.947247
6.483339
4.590390
5.182354
4.622989
4.817282
5.985973
7.000738
5.601015
4.553098
2.833571
2.923830
4.325727
5.145398
3.732666
3.622897
3.896310
4.666075
6.443205
6.940965
5.303225
5.280024
5.551795
3.520944
4.590068
5.616903
7.551167
7.452894
6.998152
7.874884
8.168416
7.298193
7.525601
7.129888
7.610493
8.130506
6.562519
8.103506
8.082489
8.346577
6.991210
8.053590
8.138355
8.609496
10.403991
10.289574
5.653723
5.242747
6.656126
6.028972
8.653794
6.570636
7.553748
5.433274
5.193773
4.640644
4.700402
6.757816
4.833558
3.916553
2.455390
4.604566
6.160885
9.965581
9.790322
5.994934
9.271252
10.035343
9.239248
6.574069
9.296780
10.872557
7.807705
6.838849
5.859317
7.958093
5.774463
5.829687
6.294351
8.438064
8.228566
8.064366
9.471264
10.466734
12.071016
11.938484
10.215523
8.711052
10.117096
11.604746
10.929274
14.805790
12.992633
10.156114
11.816778
13.381496
11.589975
13.554391
13.293090
14.643020
13.389758
16.154623
15.608787
14.359822
14.206799
13.373407
14.011460
14.726575
15.577035
16.328847
16.710874
14.969865
16.088233
15.765686
16.766596
17.044818
18.295987
17.973075
14.664450
18.517806
17.483937
16.086814
16.601839
17.886762
18.101305
16.228447
16.829427
13.503129
16.001566
16.617497
15.979513
14.375087
14.756721
12.588570
13.067282
14.010857
12.801532
10.339294
12.854746
12.411762
11.898347
12.685855
13.144939
11.380231
11.197974
11.722027
9.785032
9.855036
10.137264
9.369644
10.316844
11.700053
11.997125
11.777700
14.137972
10.848862
12.557514
9.408131
8.022140
7.172119
7.139038
5.574453
8.469387
9.057766
9.185962
4.576280
7.021601
5.420005
8.655339
4.231408
5.747258
4.648258
4.867263
4.245836
6.115809
6.622381
8.857373
7.503787
6.961738
5.780662
8.590677
7.641194
7.107380
10.594550
9.625477
8.969450
6.913122
7.831706
7.701591
6.981923
8.092232
6.821323
8.424098
6.401785
7.342249
8.238066
8.730089
8.606718
7.380952
8.178663
9.726361
8.137770
9.636970
6.903322
8.225389
7.754800
10.667527
9.184008
10.418485
9.641547
10.325208
9.025582
8.184626
13.482971
11.565676
10.465831
12.733069
13.250722
13.329998
11.357606
11.130599
12.476351
14.556309
10.698786
9.991709
10.206831
12.194082
13.173022
10.045602
14.541909
12.709954
17.299368
17.448204
16.743450
11.421139
17.523017
14.982150
16.196189
16.029913
14.110530
17.292340
16.545755
14.862533
16.345631
20.709732
18.262687
17.339465
20.113988
15.943169
18.282591
18.000851
18.972995
15.657658
15.091396
14.925717
15.144277
14.880862
14.864194
15.543652
14.794463
13.322524
15.112392
15.992449
17.837960
16.109091
16.535275
18.487837
17.983371
19.781313
21.724802
22.524363
18.552780
19.253822
20.083044
15.648084
16.871287
16.684676
20.497807
16.462907
18.527007
19.185052
17.485995
16.176333
15.053659
15.343591
15.175095
14.199871
13.939653
8.805271
7.615886
10.682624
8.400217
5.499605
2.944694
7.551427
5.922001
5.863659
7.246544
8.760023
8.665939
10.530266
8.948944
9.910788
10.668320
11.298949
12.441432
12.535100
10.482522
13.950220
8.641564
9.942365
10.485108
8.455661
21.289669
20.754972
20.424110
21.009299
22.414248
20.773476
22.091071
17.456420
20.938936
17.334604
19.501694
18.941080
16.049058
15.297121
17.248601
18.554807
16.462214
15.393755
17.655518
19.577600
20.757965
18.350003
18.566444
16.167935
17.290299
17.713444
16.476411
20.475708
19.470186
17.868327
20.193524
21.888355
23.642122
21.746342
23.997044
24.406510
26.394672
27.471353
27.447000
27.683100
30.650770
34.383474
34.194415
32.240729
32.829012
35.319717
34.602279
2.121320
0.291548
0.052202
1.362076
1.966348
2.046289
2.844543
4.879221
1.536172
2.703599
3.146625
2.573908
3.718602
2.646904
2.974693
2.095770
2.403440
0.375366
3.544760
4.250450
2.202385
2.635076
4.135245
3.268004
2.281036
4.699324
7.473647
5.065928
8.695127
11.903328
11.041232
12.964340
13.264355
16.076009
20.103933
17.838032
19.349048
19.865647
20.322665
21.735248
22.051431
25.574048
25.811379
25.744208
26.931684
26.722225
27.405516
25.765204
27.319423
29.944457
31.979151
31.093827
32.234682
36.706692
36.626672
37.613723
39.218784
41.287187
43.474948
42.738476
41.605097
41.746226
43.040856
42.035485
42.689416
45.657868
43.503905
42.532064
43.532169
41.885653
39.966813
40.123872
41.059865
39.478521
44.149734
42.497250
43.031454
44.223673
43.622519
43.668502
45.626624
44.386148
44.526854
44.718514
47.957317
47.635463
44.762529
45.508094
45.657860
47.382884
47.470095
49.475960
49.218293
49.508682
51.180778
51.512577
51.590390
53.184427
53.136512
57.425031
58.075517
60.389758
59.048578
59.920035
57.628996
59.032248
59.734476
57.955652
59.636716
59.089779
60.640343
60.042265
60.121743
59.687924
58.819390
63.326045
61.650520
59.653119
63.471794
61.567195
63.257410
60.675369
64.412695
63.295849
62.243394
62.157346
63.374444
64.755085
65.870746
63.227660
64.961748
65.274194
67.404074
66.923102
68.382227
64.817364
65.780686
66.058979
66.107124
69.086685
68.925505
68.061943
66.994282
66.062596
69.669530
68.883236
68.438383
67.697814
67.062605
71.511178
71.524472
72.149498
72.668599
73.990679
74.961521
75.707034
76.285328
72.011953
72.088125
72.657301
72.372413
71.847798
70.136643
70.192413
70.320787
70.439314
70.622010
71.030138
72.088588
72.007752
74.078988
76.518271
75.847759
72.892710
75.154456
73.544826
74.626122
74.833635
74.862393
77.965208
77.376397
77.830016
79.919780
79.172350
78.919832
77.280013
82.175940
81.135581
79.922345
78.871387
78.393843
79.959733
79.435340
78.901251
78.683012
78.274638
81.836295
80.240763
83.623801
83.727889
81.895038
84.521070
83.410193
84.996898
82.737746
81.961645
83.816276
82.357278
81.865765
81.878420
81.660465
79.513101
77.759523
79.402116
78.681796
80.639686
80.642939
83.377535
80.983547
82.487115
84.511674
87.431530
86.620186
89.134516
86.868067
88.745516
91.165227
100.629034
109.336613
110.392613
112.383686
119.141293
121.258027
127.294433
135.018471
144.247141
154.041520
162.474298
174.930849
189.150674
200.287487
210.554964
222.258375
234.973900
246.074157
259.108375
266.134805
278.435171
290.471901
301.621451
311.738125
318.112224
329.992553
338.326893
352.336639
356.813439
367.266417
375.853730
383.993655
392.119474
396.313071
405.079202
15.532225
15.991781
16.535184
15.496867
12.800833
11.743647
15.480427
12.537648
13.291844
12.864044
16.457327
13.769430
16.051931
11.846521
9.331072
10.802565
11.732540
11.398618
9.704232
7.509690
11.268356
8.725881
8.185794
5.663996
11.772898
