2.000000
2.460000
1.908252
2.009535
2.439023
2.663110
1.365147
2.417218
2.301877
1.131486
1.061970
1.007036
0.200771
0.749784
0.379791
0.586314
1.108953
1.640166
1.288299
1.730638
1.245615
1.169232
1.881744
0.880696
1.575542
1.407665
1.341153
1.109496
1.188745
0.882332
0.691507
0.685680
1.564977
1.317870
1.541509
1.389001
1.658682
0.825683
1.087431
1.099154
1.446321
2.096520
2.087094
1.694085
2.039787
2.036288
1.672386
1.742019
2.462840
2.265149
1.784544
2.226054
2.767989
2.528589
2.693309
1.898336
2.102143
1.172732
1.261121
1.303241
1.650799
2.315165
2.351960
1.657970
1.892646
1.477016
1.546539
0.480337
1.225624
1.872834
2.764336
3.680346
2.014335
1.347121
1.245675
1.687068
1.633550
1.931701
1.880758
2.125668
2.894996
2.900224
2.046012
3.913716
2.082703
2.516942
3.082564
2.450160
2.096378
2.143051
2.847148
3.728947
3.947107
4.374602
4.786022
5.835326
6.086454
7.259594
6.141716
4.965887
8.306347
8.012443
7.525566
7.585705
7.501416
6.261614
5.048908
6.362631
8.693822
4.047553
3.231111
1.917784
3.002465
8.440194
5.817716
7.249508
7.411595
4.678037
7.216971
6.520745
10.718601
6.984063
8.155289
6.881542
5.772019
5.207936
6.437750
4.321303
6.415618
4.708385
5.566922
5.656990
6.604976
4.514487
4.763252
4.504270
4.439959
3.969536
4.960007
7.178350
4.368877
5.421940
2.179105
1.715716
5.836020
5.167484
8.910895
5.168955
7.074474
5.035335
7.374095
9.219882
8.814218
11.513697
11.463058
13.110976
9.730062
11.153438
11.617194
9.836746
11.443130
10.166329
10.371511
10.414073
9.801210
10.899366
11.090743
9.497875
12.924790
9.875415
8.394509
8.281252
8.263836
9.381165
10.491738
9.104722
9.490092
9.036961
9.633885
9.703952
10.390328
9.405000
11.400001
11.189677
11.816400
11.370284
12.868592
12.756376
10.995994
11.177407
11.964178
9.166286
11.285426
11.975187
11.687686
14.148221
13.686409
12.892061
13.382238
11.574532
12.622107
11.669825
10.561601
12.654779
10.732556
9.283719
11.054402
10.391595
10.529375
10.387667
9.799479
7.749115
7.450894
9.625813
10.577683
7.919812
10.656158
10.083779
10.799300
10.777590
10.429644
11.079187
11.030123
10.734357
10.989046
12.325319
11.315752
10.300449
10.902807
10.666639
9.643841
9.527742
11.580147
9.850226
10.889132
10.063449
10.194487
9.217390
7.731274
10.776036
9.011008
8.532761
8.542615
9.440516
11.482118
11.376160
10.269591
10.543890
8.801526
10.481534
9.461838
8.797579
11.867569
9.768565
9.308605
10.851687
6.563852
10.507709
9.462095
9.982635
10.597830
10.518164
10.526585
9.916248
7.375681
10.792735
9.563662
10.463312
12.096942
8.595861
10.221500
7.992811
9.153311
9.620262
8.970694
8.627934
7.186781
6.303495
3.782674
4.892694
4.588543
2.769734
1.729118
0.790759
0.998098
3.703633
7.252851
14.369038
19.860577
21.858544
27.362385
32.890355
35.347385
34.258793
34.480289
34.162251
37.500336
38.033948
36.210689
37.119044
38.682468
39.048850
38.340550
40.775428
40.695311
41.049620
41.083462
43.627417
40.630719
44.127114
44.543711
43.298174
42.699022
45.740332
44.788189
45.624618
44.176600
41.585833
41.626778
40.132421
39.318647
37.124828
36.849123
36.423413
36.119771
33.544596
30.389337
31.458868
30.549488
31.255388
31.694742
32.784102
30.280628
29.513971
30.645736
33.216409
32.364317
32.247212
35.343140
33.649276
33.529275
38.710928
37.883108
36.781204
38.746972
37.531660
40.217540
42.581908
42.866262
39.893971
42.283545
43.091601
40.573569
44.481414
46.353445
47.973784
44.758172
49.307150
48.778613
52.436381
51.545656
51.444579
