139 114 50 39
139 116 50 39
139 117 50 39
139 118 50 39
139 119 50 39
139 120 50 39
138 121 50 39
138 120 50 39
139 120 50 39
138 121 50 39
138 121 50 39
137 120 50 39
137 120 50 39
136 120 50 39
136 120 50 39
136 119 50 39
136 118 50 39
136 118 50 39
136 117 50 39
136 116 50 39
136 116 50 39
136 115 50 39
136 115 50 39
136 114 50 39
137 113 50 39
136 113 50 39
137 112 50 39
138 111 50 39
139 111 50 39
139 110 50 39
140 110 50 39
140 109 50 39
141 109 50 39
142 109 50 39
142 109 50 39
144 109 50 39
146 108 50 39
148 107 50 39
150 107 50 39
153 106 50 39
156 107 50 39
159 107 50 39
162 108 50 39
164 109 50 39
166 110 50 39
168 111 50 39
170 112 50 39
172 111 50 39
174 110 50 39
175 108 50 39
178 106 50 39
181 104 50 39
182 103 50 39
184 102 50 39
185 101 50 39
185 100 50 39
186 99 50 39
187 99 50 39
188 99 50 39
188 99 50 39
190 100 50 39
191 101 50 39
191 102 50 39
192 102 50 39
191 103 50 39
191 103 50 39
191 103 50 39
191 103 50 39
191 103 50 39
191 104 50 39
191 104 50 39
190 104 50 39
189 102 50 39
189 103 50 39
187 103 50 39
186 103 50 39
185 103 50 39
185 103 50 39
183 102 50 39
183 101 50 39
181 102 50 39
179 101 50 39
180 101 50 39
178 100 50 39
178 101 50 39
176 101 50 39
176 100 50 39
175 100 50 39
174 99 50 39
173 100 50 39
171 100 50 39
171 100 50 39
170 100 50 39
170 101 50 39
168 102 50 39
170 103 50 39
171 103 50 39
171 107 50 39
167 104 50 39
170 108 50 39
167 104 50 39
168 103 50 39
167 102 50 39
166 102 50 39
166 102 50 39
166 103 50 39
166 103 50 39
165 103 50 39
164 103 50 39
164 103 50 39
164 104 50 39
165 105 50 39
163 104 50 39
162 104 50 39
163 104 50 39
163 103 50 39
162 102 50 39
163 101 50 39
163 100 50 39
163 99 50 39
163 98 50 39
163 97 50 39
164 95 50 39
163 94 50 39
163 92 50 39
163 91 50 39
163 90 50 39
163 88 50 39
163 87 50 39
164 86 50 39
164 84 50 39
164 84 50 39
166 83 50 39
166 82 50 39
167 81 50 39
167 81 50 39
167 80 50 39
167 79 50 39
167 79 50 39
168 76 50 39
168 78 50 39
168 77 50 39
168 77 50 39
168 74 50 39
168 73 50 39
167 76 50 39
168 74 50 39
167 74 50 39
167 74 50 39
167 74 50 39
167 75 50 39
167 72 50 39
167 71 50 39
167 71 50 39
167 71 50 39
168 70 50 39
168 70 50 39
169 70 50 39
169 70 50 39
170 70 50 39
170 69 50 39
170 69 50 39
169 70 50 39
170 69 50 39
170 69 50 39
169 69 50 39
170 68 50 39
170 68 50 39
170 68 50 39
170 68 50 39
170 71 50 39
170 73 50 39
169 74 50 39
169 74 50 39
169 74 50 39
169 76 50 39
167 78 50 39
168 79 50 39
168 80 50 39
167 80 50 39
168 82 50 39
168 83 50 39
169 83 50 39
169 84 50 39
169 86 50 39
169 87 50 39
170 89 50 39
170 90 50 39
169 92 50 39
171 93 50 39
171 95 50 39
172 97 50 39
172 98 50 39
172 99 50 39
170 101 50 39
173 99 50 39
173 103 50 39
173 103 50 39
173 104 50 39
173 104 50 39
168 104 50 39
173 107 50 39
173 107 50 39
173 110 50 39
173 110 50 39
170 112 50 39
174 113 50 39
174 111 50 39
173 115 50 39
170 115 50 39
173 118 50 39
173 119 50 39
173 117 50 39
174 122 50 39
175 116 50 39
169 122 50 39
175 119 50 39
175 121 50 39
175 123 50 39
174 131 50 39
175 125 50 39
174 128 50 39
172 135 50 39
175 130 50 39
175 131 50 39
175 131 50 39
175 132 50 39
174 132 50 39
0 0 0 0 
174 134 50 39
174 134 50 39
174 135 50 39
172 133 50 39
173 132 50 39
172 133 50 39
172 133 50 39
172 133 50 39
174 132 50 39
174 131 50 39
174 129 50 39
171 128 50 39
0 0 0 0 
0 0 0 0 
0 0 0 0 
166 124 50 39
166 122 50 39
172 115 50 39
171 114 50 39
172 112 50 39
172 111 50 39
172 110 50 39
172 116 50 39
172 115 50 39
172 115 50 39
170 108 50 39
171 113 50 39
170 112 50 39
169 111 50 39
166 111 50 39
165 111 50 39
163 109 50 39
163 108 50 39
163 107 50 39
166 108 50 39
165 104 50 39
160 102 50 39
166 102 50 39
165 102 50 39
162 98 50 39
0 0 0 0 
0 0 0 0 
0 0 0 0 
0 0 0 0 
0 0 0 0 
0 0 0 0 
0 0 0 0 
0 0 0 0 
0 0 0 0 
0 0 0 0 
0 0 0 0 
0 0 0 0 
0 0 0 0 
0 0 0 0 
0 0 0 0 
0 0 0 0 
0 0 0 0 
0 0 0 0 
0 0 0 0 
0 0 0 0 
0 0 0 0 
0 0 0 0 
0 0 0 0 
0 0 0 0 
0 0 0 0 
0 0 0 0 
0 0 0 0 
0 0 0 0 
0 0 0 0 
0 0 0 0 
0 0 0 0 
0 0 0 0 
0 0 0 0 
168 96 50 39
167 97 50 39
167 97 50 39
168 97 50 39
168 96 50 39
167 96 50 39
169 95 50 39
170 95 50 39
170 96 50 39
170 96 50 39
171 95 50 39
170 95 50 39
170 96 50 39
170 96 50 39
170 96 50 39
170 95 50 39
171 96 50 39
171 95 50 39
171 95 50 39
172 95 50 39
172 95 50 39
173 94 50 39
174 94 50 39
174 94 50 39
176 93 50 39
176 93 50 39
176 93 50 39
175 93 50 39
175 93 50 39
176 93 50 39
176 94 50 39
179 94 50 39
180 94 50 39
179 94 50 39
180 94 50 39
179 94 50 39
180 94 50 39
180 94 50 39
180 94 50 39
180 94 50 39
180 94 50 39
181 95 50 39
180 94 50 39
180 95 50 39
180 95 50 39
181 96 50 39
181 96 50 39
180 96 50 39
181 96 50 39
181 97 50 39
179 96 50 39
180 95 50 39
180 96 50 39
181 96 50 39
181 96 50 39
181 96 50 39
183 95 50 39
182 95 50 39
184 96 50 39
185 96 50 39
185 96 50 39
185 96 50 39
186 96 50 39
186 96 50 39
187 96 50 39
188 95 50 39
188 96 50 39
188 96 50 39
189 96 50 39
189 96 50 39
189 95 50 39
190 95 50 39
191 95 50 39
191 96 50 39
192 96 50 39
192 95 50 39
192 95 50 39
192 95 50 39
193 97 50 39
193 96 50 39
193 96 50 39
194 96 50 39
194 96 50 39
195 97 50 39
195 97 50 39
195 97 50 39
195 97 50 39
195 97 50 39
195 97 50 39
196 97 50 39
196 97 50 39
196 97 50 39
196 98 50 39
196 98 50 39
197 99 50 39
197 99 50 39
197 99 50 39
197 98 50 39
197 98 50 39
198 98 50 39
197 99 50 39
198 99 50 39
198 99 50 39
198 99 50 39
198 99 50 39
198 99 50 39
198 98 50 39
198 98 50 39
198 98 50 39
198 98 50 39
198 98 50 39
198 98 50 39
198 98 50 39
198 98 50 39
198 98 50 39
198 98 50 39
198 98 50 39
198 98 50 39
198 98 50 39
198 98 50 39
199 98 50 39
198 97 50 39
198 97 50 39
198 97 50 39
199 97 50 39
199 97 50 39
199 98 50 39
199 97 50 39
199 97 50 39
200 98 50 39
201 98 50 39
201 98 50 39
201 98 50 39
201 98 50 39
201 98 50 39
201 98 50 39
199 97 50 39
198 96 50 39
198 97 50 39
197 97 50 39
195 97 50 39
194 97 50 39
194 97 50 39
193 97 50 39
192 97 50 39
191 98 50 39
188 97 50 39
187 97 50 39
186 97 50 39
185 98 50 39
190 98 50 39
188 99 50 39
187 99 50 39
187 99 50 39
186 99 50 39
184 97 50 39
184 96 50 39
184 99 50 39
186 99 50 39
186 99 50 39
186 99 50 39
186 99 50 39
186 99 50 39
187 99 50 39
187 100 50 39
187 100 50 39
188 100 50 39
188 100 50 39
188 102 50 39
190 99 50 39
191 99 50 39
192 99 50 39
192 100 50 39
193 100 50 39
194 100 50 39
194 100 50 39
195 100 50 39
195 101 50 39
196 101 50 39
197 101 50 39
198 101 50 39
199 100 50 39
200 100 50 39
201 100 50 39
202 99 50 39
203 99 50 39
205 100 50 39
207 100 50 39
207 99 50 39
208 98 50 39
211 98 50 39
211 96 50 39
212 96 50 39
214 98 50 39
211 97 50 39
211 98 50 39
214 99 50 39
213 98 50 39
212 98 50 39
212 99 50 39
208 98 50 39
206 98 50 39
204 98 50 39
205 100 50 39
202 97 50 39
200 96 50 39
198 96 50 39
198 98 50 39
196 98 50 39
194 96 50 39
193 96 50 39
192 96 50 39
191 95 50 39
191 96 50 39
190 95 50 39
190 95 50 39
190 95 50 39
190 94 50 39
190 94 50 39
189 94 50 39
189 94 50 39
189 93 50 39
188 93 50 39
187 92 50 39
187 92 50 39
186 90 50 39
187 90 50 39
186 88 50 39
187 87 50 39
187 86 50 39
186 84 50 39
185 84 50 39
186 84 50 39
186 84 50 39
185 83 50 39
186 83 50 39
186 83 50 39
186 82 50 39
186 82 50 39
186 81 50 39
187 81 50 39
186 80 50 39
187 79 50 39
187 79 50 39
188 79 50 39
188 79 50 39
188 80 50 39
187 80 50 39
187 80 50 39
187 82 50 39
188 85 50 39
188 86 50 39
187 86 50 39
188 89 50 39
187 90 50 39
187 91 50 39
187 95 50 39
187 97 50 39
187 98 50 39
186 98 50 39
186 102 50 39
186 104 50 39
186 106 50 39
186 107 50 39
185 109 50 39
185 111 50 39
184 112 50 39
183 114 50 39
183 118 50 39
182 121 50 39
181 123 50 39
179 125 50 39
179 129 50 39
177 128 50 39
177 132 50 39
175 132 50 39
174 135 50 39
174 132 50 39
172 132 50 39
173 134 50 39
172 134 50 39
170 131 50 39
171 131 50 39
168 133 50 39
169 130 50 39
166 127 50 39
166 127 50 39
165 127 50 39
168 126 50 39
169 118 50 39
167 125 50 39
167 127 50 39
170 124 50 39
0 0 0 0 
0 0 0 0 
0 0 0 0 
0 0 0 0 
164 119 50 39
162 116 50 39
159 116 50 39
158 118 50 39
158 119 50 39
159 120 50 39
160 122 50 39
162 123 50 39
164 122 50 39
166 113 50 39
158 125 50 39
0 0 0 0 
164 117 50 39
158 119 50 39
163 112 50 39
162 114 50 39
162 113 50 39
160 111 50 39
159 110 50 39
159 109 50 39
158 109 50 39
157 110 50 39
156 111 50 39
155 111 50 39
154 110 50 39
152 108 50 39
149 106 50 39
153 105 50 39
152 103 50 39
149 97 50 39
151 101 50 39
154 102 50 39
151 103 50 39
0 0 0 0 
0 0 0 0 
0 0 0 0 
147 104 50 39
156 93 50 39
154 92 50 39
153 89 50 39
149 90 50 39
150 92 50 39
150 93 50 39
149 98 50 39
150 100 50 39
159 115 50 39
0 0 0 0 
153 96 50 39
0 0 0 0 
0 0 0 0 
0 0 0 0 
0 0 0 0 
0 0 0 0 
151 93 50 39
146 99 50 39
141 104 50 39
147 106 50 39
148 100 50 39
151 97 50 39
154 98 50 39
156 99 50 39
159 97 50 39
157 100 50 39
156 100 50 39
155 99 50 39
149 102 50 39
149 100 50 39
148 99 50 39
139 107 50 39
142 107 50 39
138 111 50 39
141 105 50 39
142 106 50 39
144 105 50 39
144 107 50 39
139 110 50 39
134 117 50 39
135 114 50 39
139 108 50 39
141 107 50 39
145 108 50 39
0 0 0 0 
0 0 0 0 
0 0 0 0 
0 0 0 0 
0 0 0 0 
0 0 0 0 
0 0 0 0 
0 0 0 0 
146 104 50 39
140 110 50 39
141 106 50 39
0 0 0 0 
0 0 0 0 
0 0 0 0 
0 0 0 0 
139 114 50 39
138 115 50 39
136 116 50 39
134 117 50 39
134 117 50 39
134 117 50 39
138 113 50 39
136 115 50 39
139 111 50 39
139 108 50 39
134 107 50 39
132 106 50 39
131 104 50 39
124 104 50 39
118 102 50 39
113 101 50 39
108 99 50 39
104 98 50 39
99 103 50 39
102 96 50 39
104 96 50 39
108 93 50 39
105 96 50 39
104 96 50 39
102 96 50 39
113 115 50 39
102 95 50 39
104 96 50 39
104 95 50 39
109 92 50 39
109 93 50 39
105 97 50 39
107 93 50 39
102 96 50 39
101 93 50 39
95 95 50 39
89 95 50 39
83 95 50 39
80 97 50 39
78 97 50 39
79 98 50 39
84 99 50 39
104 118 50 39
104 98 50 39
113 100 50 39
116 101 50 39
114 106 50 39
110 103 50 39
105 102 50 39
104 103 50 39
102 103 50 39
102 106 50 39
102 107 50 39
110 101 50 39
109 103 50 39
114 107 50 39
116 108 50 39
116 110 50 39
123 106 50 39
130 100 50 39
0 0 0 0 
0 0 0 0 
0 0 0 0 
0 0 0 0 
0 0 0 0 
155 127 50 39
143 107 50 39
144 105 50 39
149 103 50 39
0 0 0 0 
0 0 0 0 
0 0 0 0 
0 0 0 0 
188 116 50 39
0 0 0 0 
0 0 0 0 
0 0 0 0 
0 0 0 0 
0 0 0 0 
0 0 0 0 
0 0 0 0 
0 0 0 0 
0 0 0 0 
0 0 0 0 
0 0 0 0 
0 0 0 0 
0 0 0 0 
0 0 0 0 
0 0 0 0 
0 0 0 0 
0 0 0 0 
0 0 0 0 
0 0 0 0 
0 0 0 0 
0 0 0 0 
0 0 0 0 
0 0 0 0 
0 0 0 0 
0 0 0 0 
0 0 0 0 
0 0 0 0 
0 0 0 0 
0 0 0 0 
0 0 0 0 
0 0 0 0 
0 0 0 0 
0 0 0 0 
0 0 0 0 
0 0 0 0 
0 0 0 0 
0 0 0 0 
0 0 0 0 
0 0 0 0 
0 0 0 0 
0 0 0 0 
0 0 0 0 
0 0 0 0 
0 0 0 0 
0 0 0 0 
0 0 0 0 
0 0 0 0 
0 0 0 0 
0 0 0 0 
0 0 0 0 
0 0 0 0 
0 0 0 0 
0 0 0 0 
0 0 0 0 
140 106 50 39
0 0 0 0 
0 0 0 0 
0 0 0 0 
0 0 0 0 
0 0 0 0 
0 0 0 0 
0 0 0 0 
0 0 0 0 
0 0 0 0 
0 0 0 0 
0 0 0 0 
0 0 0 0 
0 0 0 0 
0 0 0 0 
0 0 0 0 
0 0 0 0 
0 0 0 0 
0 0 0 0 
0 0 0 0 
0 0 0 0 
0 0 0 0 
0 0 0 0 
0 0 0 0 
0 0 0 0 
0 0 0 0 
0 0 0 0 
0 0 0 0 
0 0 0 0 
0 0 0 0 
0 0 0 0 
0 0 0 0 
0 0 0 0 
0 0 0 0 
0 0 0 0 
0 0 0 0 
0 0 0 0 
0 0 0 0 
0 0 0 0 
0 0 0 0 
0 0 0 0 
0 0 0 0 
0 0 0 0 
0 0 0 0 
0 0 0 0 
0 0 0 0 
0 0 0 0 
0 0 0 0 
0 0 0 0 
0 0 0 0 
0 0 0 0 
0 0 0 0 
0 0 0 0 
0 0 0 0 
0 0 0 0 
0 0 0 0 
0 0 0 0 
0 0 0 0 
0 0 0 0 
0 0 0 0 
0 0 0 0 
0 0 0 0 
0 0 0 0 
0 0 0 0 
0 0 0 0 
0 0 0 0 
0 0 0 0 
0 0 0 0 
0 0 0 0 
0 0 0 0 
0 0 0 0 
0 0 0 0 
0 0 0 0 
0 0 0 0 
0 0 0 0 
0 0 0 0 
0 0 0 0 
0 0 0 0 
0 0 0 0 
0 0 0 0 
0 0 0 0 
0 0 0 0 
0 0 0 0 
0 0 0 0 
0 0 0 0 
0 0 0 0 
0 0 0 0 
0 0 0 0 
0 0 0 0 
0 0 0 0 
0 0 0 0 
0 0 0 0 
0 0 0 0 
0 0 0 0 
0 0 0 0 
0 0 0 0 
0 0 0 0 
0 0 0 0 
0 0 0 0 
0 0 0 0 
0 0 0 0 
0 0 0 0 
0 0 0 0 
0 0 0 0 
0 0 0 0 
0 0 0 0 
0 0 0 0 
0 0 0 0 
0 0 0 0 
0 0 0 0 
0 0 0 0 
0 0 0 0 
0 0 0 0 
0 0 0 0 
0 0 0 0 
0 0 0 0 
0 0 0 0 
0 0 0 0 
0 0 0 0 
0 0 0 0 
0 0 0 0 
0 0 0 0 
0 0 0 0 
0 0 0 0 
0 0 0 0 
0 0 0 0 
0 0 0 0 
0 0 0 0 
0 0 0 0 
0 0 0 0 
0 0 0 0 
0 0 0 0 
0 0 0 0 
0 0 0 0 
0 0 0 0 
0 0 0 0 
0 0 0 0 
0 0 0 0 
0 0 0 0 
0 0 0 0 
0 0 0 0 
0 0 0 0 
0 0 0 0 
0 0 0 0 
0 0 0 0 
0 0 0 0 
0 0 0 0 
0 0 0 0 
0 0 0 0 
0 0 0 0 
0 0 0 0 
0 0 0 0 
0 0 0 0 
0 0 0 0 
0 0 0 0 
0 0 0 0 
0 0 0 0 
0 0 0 0 
0 0 0 0 
0 0 0 0 
0 0 0 0 
0 0 0 0 
0 0 0 0 
0 0 0 0 
0 0 0 0 
0 0 0 0 
0 0 0 0 
0 0 0 0 
0 0 0 0 
0 0 0 0 
0 0 0 0 
0 0 0 0 
0 0 0 0 
0 0 0 0 
0 0 0 0 
0 0 0 0 
0 0 0 0 
0 0 0 0 
0 0 0 0 
0 0 0 0 
0 0 0 0 
0 0 0 0 
0 0 0 0 
0 0 0 0 
0 0 0 0 
0 0 0 0 
0 0 0 0 
0 0 0 0 
0 0 0 0 
0 0 0 0 
0 0 0 0 
0 0 0 0 
0 0 0 0 
0 0 0 0 
0 0 0 0 
0 0 0 0 
0 0 0 0 
0 0 0 0 
0 0 0 0 
0 0 0 0 
0 0 0 0 
0 0 0 0 
0 0 0 0 
0 0 0 0 
0 0 0 0 
0 0 0 0 
0 0 0 0 
0 0 0 0 
0 0 0 0 
0 0 0 0 
0 0 0 0 
0 0 0 0 
0 0 0 0 
0 0 0 0 
0 0 0 0 
0 0 0 0 
0 0 0 0 
0 0 0 0 
0 0 0 0 
0 0 0 0 
0 0 0 0 
0 0 0 0 
0 0 0 0 
0 0 0 0 
0 0 0 0 
0 0 0 0 
0 0 0 0 
0 0 0 0 
0 0 0 0 
0 0 0 0 
0 0 0 0 
0 0 0 0 
0 0 0 0 
0 0 0 0 
0 0 0 0 
0 0 0 0 
0 0 0 0 
0 0 0 0 
0 0 0 0 
0 0 0 0 
0 0 0 0 
0 0 0 0 
0 0 0 0 
0 0 0 0 
0 0 0 0 
0 0 0 0 
0 0 0 0 
0 0 0 0 
0 0 0 0 
0 0 0 0 
0 0 0 0 
0 0 0 0 
0 0 0 0 
0 0 0 0 
0 0 0 0 
0 0 0 0 
0 0 0 0 
0 0 0 0 
0 0 0 0 
0 0 0 0 
0 0 0 0 
0 0 0 0 
0 0 0 0 
0 0 0 0 
0 0 0 0 
0 0 0 0 
0 0 0 0 
0 0 0 0 
0 0 0 0 
0 0 0 0 
0 0 0 0 
0 0 0 0 
0 0 0 0 
0 0 0 0 
0 0 0 0 
0 0 0 0 
0 0 0 0 
0 0 0 0 
0 0 0 0 
0 0 0 0 
0 0 0 0 
0 0 0 0 
0 0 0 0 
0 0 0 0 
0 0 0 0 
0 0 0 0 
0 0 0 0 
0 0 0 0 
0 0 0 0 
0 0 0 0 
0 0 0 0 
0 0 0 0 
0 0 0 0 
0 0 0 0 
0 0 0 0 
206 101 50 39
0 0 0 0 
0 0 0 0 
0 0 0 0 
0 0 0 0 
0 0 0 0 
0 0 0 0 
0 0 0 0 
0 0 0 0 
0 0 0 0 
0 0 0 0 
0 0 0 0 
0 0 0 0 
0 0 0 0 
0 0 0 0 
0 0 0 0 
0 0 0 0 
0 0 0 0 
0 0 0 0 
0 0 0 0 
0 0 0 0 
0 0 0 0 
0 0 0 0 
0 0 0 0 
0 0 0 0 
0 0 0 0 
0 0 0 0 
0 0 0 0 
0 0 0 0 
0 0 0 0 
0 0 0 0 
0 0 0 0 
0 0 0 0 
0 0 0 0 
0 0 0 0 
0 0 0 0 
0 0 0 0 
0 0 0 0 
0 0 0 0 
0 0 0 0 
0 0 0 0 
0 0 0 0 
0 0 0 0 
0 0 0 0 
0 0 0 0 
200 89 50 39
200 87 50 39
201 87 50 39
203 91 50 39
201 94 50 39
203 100 50 39
204 106 50 39
0 0 0 0 
0 0 0 0 
200 108 50 39
200 104 50 39
200 100 50 39
197 96 50 39
196 94 50 39
194 93 50 39
191 94 50 39
188 96 50 39
183 96 50 39
183 100 50 39
183 103 50 39
185 105 50 39
189 107 50 39
196 109 50 39
202 109 50 39
208 109 50 39
0 0 0 0 
0 0 0 0 
0 0 0 0 
0 0 0 0 
0 0 0 0 
0 0 0 0 
0 0 0 0 
0 0 0 0 
0 0 0 0 
0 0 0 0 
0 0 0 0 
0 0 0 0 
0 0 0 0 
0 0 0 0 
229 117 50 39
226 116 50 39
218 114 50 39
215 114 50 39
210 113 50 39
205 111 50 39
201 112 50 39
195 110 50 39
191 108 50 39
186 106 50 39
181 104 50 39
176 102 50 39
174 102 50 39
170 100 50 39
168 100 50 39
167 98 50 39
166 98 50 39
165 98 50 39
165 98 50 39
164 98 50 39
164 98 50 39
163 98 50 39
163 98 50 39
163 99 50 39
163 99 50 39
164 100 50 39
165 100 50 39
166 101 50 39
167 102 50 39
168 103 50 39
170 103 50 39
171 105 50 39
174 105 50 39
173 107 50 39
175 110 50 39
178 112 50 39
180 113 50 39
182 115 50 39
185 116 50 39
187 118 50 39
189 120 50 39
190 122 50 39
192 124 50 39
193 125 50 39
195 126 50 39
197 127 50 39
199 129 50 39
203 130 50 39
204 130 50 39
206 131 50 39
207 132 50 39
209 131 50 39
210 130 50 39
212 128 50 39
213 128 50 39
216 127 50 39
218 126 50 39
218 125 50 39
220 126 50 39
222 124 50 39
223 125 50 39
225 125 50 39
225 126 50 39
225 126 50 39
226 127 50 39
226 128 50 39
227 129 50 39
227 130 50 39
228 130 50 39
229 129 50 39
229 129 50 39
229 128 50 39
230 127 50 39
229 127 50 39
230 125 50 39
231 124 50 39
233 121 50 39
232 120 50 39
232 119 50 39
232 118 50 39
232 118 50 39
232 118 50 39
232 118 50 39
232 118 50 39
232 119 50 39
231 119 50 39
230 120 50 39
229 120 50 39
228 120 50 39
229 121 50 39
232 121 50 39
0 0 0 0 
0 0 0 0 
0 0 0 0 
0 0 0 0 
230 121 50 39
227 121 50 39
0 0 0 0 
0 0 0 0 
0 0 0 0 
211 121 50 39
0 0 0 0 
207 119 50 39
0 0 0 0 
0 0 0 0 
0 0 0 0 
0 0 0 0 
0 0 0 0 
0 0 0 0 
0 0 0 0 
201 120 50 39
200 120 50 39
201 120 50 39
202 120 50 39
202 120 50 39
204 120 50 39
204 120 50 39
205 119 50 39
204 119 50 39
205 118 50 39
207 119 50 39
208 121 50 39
210 123 50 39
211 126 50 39
212 129 50 39
212 131 50 39
211 133 50 39
211 135 50 39
210 136 50 39
209 137 50 39
210 137 50 39
211 137 50 39
213 137 50 39
0 0 0 0 
216 136 50 39
217 137 50 39
0 0 0 0 
0 0 0 0 
0 0 0 0 
221 136 50 39
223 137 50 39
224 138 50 39
228 139 50 39
225 143 50 39
225 149 50 39
223 157 50 39
219 171 50 39
