205 152 16 50
204 151 16 50
199 149 16 50
198 149 16 50
198 148 16 50
196 149 16 50
194 148 16 50
193 148 16 50
191 147 16 50
189 146 16 50
189 145 16 50
188 144 16 50
187 144 16 50
185 143 16 50
183 142 16 50
183 142 16 50
182 141 16 50
181 140 16 50
180 140 16 50
179 139 16 50
178 138 16 50
177 137 16 50
177 137 16 50
176 137 16 50
174 137 16 50
173 137 16 50
172 136 16 50
169 137 16 50
166 136 16 50
165 134 16 50
163 131 16 50
161 129 16 50
161 130 16 50
160 130 16 50
160 129 16 50
160 129 16 50
165 129 16 50
157 126 16 50
165 127 16 50
161 125 16 50
162 124 16 50
159 123 16 50
156 122 16 50
155 122 16 50
160 122 16 50
159 123 16 50
157 123 16 50
155 123 16 50
154 120 16 50
153 119 16 50
152 119 16 50
150 118 16 50
149 119 16 50
148 119 16 50
148 119 16 50
147 119 16 50
146 119 16 50
145 120 16 50
143 118 16 50
142 117 16 50
139 117 16 50
137 116 16 50
136 116 16 50
135 116 16 50
134 115 16 50
132 116 16 50
131 116 16 50
128 113 16 50
126 113 16 50
124 113 16 50
124 110 16 50
122 110 16 50
121 110 16 50
120 110 16 50
120 110 16 50
117 108 16 50
117 108 16 50
115 107 16 50
115 106 16 50
113 105 16 50
111 104 16 50
110 104 16 50
107 104 16 50
105 105 16 50
103 104 16 50
102 104 16 50
100 102 16 50
99 102 16 50
97 102 16 50
96 101 16 50
95 100 16 50
93 100 16 50
91 99 16 50
90 100 16 50
89 100 16 50
87 100 16 50
86 100 16 50
83 97 16 50
82 97 16 50
80 96 16 50
78 97 16 50
77 98 16 50
75 97 16 50
74 96 16 50
72 96 16 50
71 96 16 50
69 94 16 50
68 94 16 50
66 92 16 50
65 93 16 50
64 96 16 50
63 96 16 50
62 95 16 50
61 95 16 50
59 94 16 50
58 92 16 50
57 91 16 50
56 91 16 50
55 91 16 50
