8 166 42 26
10 168 42 26
12 168 42 26
14 169 42 26
15 169 42 26
17 169 42 26
18 169 42 26
20 170 42 26
21 170 42 26
22 170 42 26
24 171 42 26
25 171 42 26
26 171 42 26
28 171 42 26
29 171 42 26
31 172 42 26
32 172 42 26
33 172 42 26
34 172 42 26
36 173 42 26
37 173 42 26
39 173 42 26
41 174 42 26
42 174 42 26
44 174 42 26
45 175 42 26
47 175 42 26
48 175 42 26
49 175 42 26
50 175 42 26
51 175 42 26
52 175 42 26
53 175 42 26
54 176 42 26
55 176 42 26
56 176 42 26
57 176 42 26
58 176 42 26
59 176 42 26
60 176 42 26
62 176 42 26
62 175 42 26
63 174 42 26
65 174 42 26
66 174 42 26
68 174 42 26
69 174 42 26
71 174 42 26
71 174 42 26
73 174 42 26
74 174 42 26
76 174 42 26
77 174 42 26
78 174 42 26
78 174 42 26
80 174 42 26
82 174 42 26
83 174 42 26
83 174 42 26
84 174 42 26
85 175 42 26
87 175 42 26
87 175 42 26
87 175 42 26
88 175 42 26
87 175 42 26
88 175 42 26
89 175 42 26
89 176 42 26
89 176 42 26
89 176 42 26
90 177 42 26
90 177 42 26
90 177 42 26
89 177 42 26
90 177 42 26
91 177 42 26
91 177 42 26
89 177 42 26
88 177 42 26
87 177 42 26
88 176 42 26
89 177 42 26
88 177 42 26
87 176 42 26
87 175 42 26
88 176 42 26
92 179 42 26
92 180 42 26
92 180 42 26
92 180 42 26
92 180 42 26
93 180 42 26
93 180 42 26
93 181 42 26
93 181 42 26
93 181 42 26
94 181 42 26
94 181 42 26
94 181 42 26
94 181 42 26
94 181 42 26
96 181 42 26
96 181 42 26
96 181 42 26
96 181 42 26
96 181 42 26
97 181 42 26
98 181 42 26
99 181 42 26
99 181 42 26
100 181 42 26
101 181 42 26
101 181 42 26
102 181 42 26
102 180 42 26
103 181 42 26
103 180 42 26
104 180 42 26
104 180 42 26
105 180 42 26
106 181 42 26
107 182 42 26
108 182 42 26
110 182 42 26
111 182 42 26
112 182 42 26
113 182 42 26
114 183 42 26
116 183 42 26
117 183 42 26
119 183 42 26
120 183 42 26
121 183 42 26
123 184 42 26
125 184 42 26
126 184 42 26
128 184 42 26
128 184 42 26
130 184 42 26
132 184 42 26
135 184 42 26
137 184 42 26
138 185 42 26
141 185 42 26
142 185 42 26
146 184 42 26
146 183 42 26
151 182 42 26
152 182 42 26
152 185 42 26
155 184 42 26
158 184 42 26
159 185 42 26
161 184 42 26
156 186 42 26
172 193 42 26
167 186 42 26
181 187 42 26
173 187 42 26
170 187 42 26
165 185 42 26
143 187 42 26
131 187 42 26
124 176 42 26
118 182 42 26
138 188 42 26
135 180 42 26
122 179 42 26
114 181 42 26
138 180 42 26
130 184 42 26
119 183 42 26
141 189 42 26
127 188 42 26
115 178 42 26
111 180 42 26
116 181 42 26
110 180 42 26
116 182 42 26
113 182 42 26
137 181 42 26
114 182 42 26
111 181 42 26
109 181 42 26
111 181 42 26
115 182 42 26
119 182 42 26
123 182 42 26
126 182 42 26
130 182 42 26
134 182 42 26
136 182 42 26
136 182 42 26
136 181 42 26
135 181 42 26
134 181 42 26
131 180 42 26
127 180 42 26
124 180 42 26
120 179 42 26
114 178 42 26
105 179 42 26
98 178 42 26
122 173 42 26
117 170 42 26
124 169 42 26
137 171 42 26
157 169 42 26
133 166 42 26
157 166 42 26
176 167 42 26
152 166 42 26
176 165 42 26
152 164 42 26
176 158 42 26
177 166 42 26
184 162 42 26
197 164 42 26
190 163 42 26
214 163 42 26
238 163 42 26
244 163 42 26
255 162 42 26
260 161 42 26
263 160 42 26
266 158 42 26
275 157 42 26
282 156 42 26
284 155 42 26
294 155 42 26
295 154 42 26
303 154 42 26
305 154 42 26
313 154 42 26
319 154 42 26
325 153 42 26
313 152 42 26
335 152 42 26
340 151 42 26
345 150 42 26
352 150 42 26
359 149 42 26
369 148 42 26
379 148 42 26
391 148 42 26
407 147 42 26
423 147 42 26
445 146 42 26
466 145 42 26
489 145 42 26
