123 98 102 159
123 96 102 159
123 96 102 159
123 96 102 159
123 94 102 159
123 94 102 159
123 94 102 159
123 94 102 159
122 94 102 159
122 96 102 159
121 96 102 159
121 96 102 159
119 98 102 159
118 98 102 159
116 98 102 159
114 100 102 159
111 102 102 159
109 102 102 159
106 102 102 159
103 102 102 159
100 102 102 159
98 102 102 159
95 102 102 159
93 102 102 159
92 102 102 159
91 102 102 159
90 100 102 159
89 100 102 159
87 98 102 159
86 96 102 159
86 96 102 159
86 96 102 159
86 96 102 159
86 96 102 159
87 96 102 159
88 96 102 159
89 96 102 159
90 96 102 159
91 96 102 159
94 94 102 159
95 96 102 159
97 94 102 159
99 94 102 159
101 94 102 159
103 94 102 159
105 94 102 159
107 94 102 159
110 94 102 159
111 94 102 159
113 94 102 159
115 94 102 159
117 96 102 159
118 96 102 159
120 96 102 159
123 96 102 159
127 98 102 159
128 98 102 159
129 98 102 159
129 100 102 159
130 102 102 159
130 104 102 159
131 104 102 159
135 104 102 159
135 104 102 159
135 104 102 159
136 106 102 159
136 106 102 159
136 106 102 159
135 108 102 159
138 106 102 159
138 106 102 159
139 106 102 159
139 106 102 159
139 106 102 159
139 104 102 159
139 104 102 159
139 104 102 159
138 104 102 159
137 104 102 159
136 104 102 159
135 104 102 159
133 104 102 159
130 104 102 159
127 104 102 159
129 104 102 159
130 104 102 159
129 100 102 159
135 102 102 159
127 102 102 159
128 102 102 159
126 104 102 159
125 104 102 159
124 104 102 159
122 104 102 159
122 104 102 159
120 106 102 159
120 106 102 159
119 106 102 159
118 106 102 159
117 106 102 159
116 106 102 159
116 106 102 159
112 106 102 159
116 106 102 159
115 106 102 159
113 106 102 159
113 106 102 159
112 106 102 159
112 106 102 159
112 106 102 159
112 106 102 159
112 106 102 159
114 108 102 159
114 108 102 159
114 108 102 159
114 108 102 159
114 108 102 159
114 108 102 159
114 108 102 159
114 108 102 159
113 108 102 159
114 108 102 159
114 108 102 159
114 108 102 159
113 108 102 159
113 108 102 159
113 108 102 159
113 108 102 159
113 108 102 159
113 108 102 159
113 108 102 159
113 108 102 159
113 108 102 159
113 106 102 159
113 106 102 159
113 106 102 159
114 106 102 159
113 106 102 159
113 104 102 159
113 104 102 159
113 106 102 159
113 106 102 159
111 106 102 159
111 104 102 159
111 104 102 159
110 104 102 159
109 104 102 159
110 102 102 159
109 102 102 159
107 104 102 159
105 104 102 159
107 102 102 159
107 102 102 159
107 102 102 159
106 102 102 159
106 102 102 159
106 102 102 159
106 102 102 159
106 102 102 159
104 102 102 159
103 102 102 159
104 102 102 159
104 102 102 159
105 102 102 159
103 102 102 159
106 102 102 159
104 102 102 159
106 102 102 159
107 102 102 159
106 102 102 159
106 100 102 159
103 104 102 159
107 104 102 159
103 102 102 159
92 106 102 159
92 106 102 159
91 106 102 159
89 108 102 159
88 108 102 159
86 112 102 159
88 110 102 159
87 112 102 159
88 112 102 159
89 114 102 159
88 114 102 159
88 114 102 159
88 114 102 159
87 116 102 159
86 118 102 159
86 118 102 159
85 118 102 159
86 118 102 159
86 120 102 159
87 120 102 159
87 118 102 159
87 118 102 159
87 118 102 159
87 118 102 159
87 118 102 159
86 120 102 159
86 120 102 159
86 120 102 159
86 120 102 159
86 120 102 159
86 120 102 159
85 120 102 159
86 120 102 159
85 120 102 159
84 122 102 159
84 122 102 159
84 124 102 159
84 124 102 159
84 126 102 159
84 126 102 159
85 126 102 159
85 126 102 159
85 126 102 159
85 126 102 159
85 124 102 159
84 124 102 159
84 120 102 159
85 116 102 159
87 112 102 159
87 108 102 159
88 102 102 159
89 98 102 159
88 96 102 159
108 86 102 159
108 86 102 159
108 84 102 159
108 82 102 159
108 80 102 159
109 78 102 159
109 78 102 159
109 78 102 159
109 78 102 159
109 78 102 159
109 78 102 159
109 80 102 159
109 82 102 159
110 82 102 159
109 82 102 159
111 82 102 159
111 82 102 159
112 84 102 159
113 84 102 159
114 86 102 159
115 86 102 159
115 88 102 159
115 88 102 159
115 88 102 159
116 90 102 159
117 90 102 159
116 92 102 159
116 94 102 159
116 94 102 159
116 94 102 159
116 94 102 159
115 96 102 159
115 96 102 159
115 98 102 159
115 98 102 159
115 100 102 159
115 100 102 159
115 100 102 159
114 100 102 159
114 100 102 159
114 100 102 159
114 100 102 159
114 100 102 159
114 100 102 159
115 100 102 159
115 100 102 159
112 102 102 159
112 102 102 159
110 100 102 159
110 100 102 159
110 100 102 159
107 104 102 159
107 104 102 159
106 104 102 159
106 104 102 159
105 104 102 159
104 106 102 159
103 106 102 159
103 106 102 159
101 106 102 159
101 106 102 159
101 106 102 159
101 106 102 159
100 108 102 159
100 108 102 159
100 108 102 159
100 108 102 159
100 108 102 159
100 108 102 159
100 108 102 159
100 108 102 159
100 108 102 159
100 108 102 159
100 108 102 159
99 108 102 159
99 108 102 159
99 110 102 159
99 110 102 159
99 110 102 159
99 110 102 159
99 108 102 159
99 108 102 159
99 108 102 159
98 108 102 159
98 106 102 159
99 108 102 159
99 108 102 159
99 108 102 159
99 108 102 159
101 106 102 159
101 106 102 159
102 106 102 159
101 104 102 159
100 104 102 159
101 104 102 159
101 104 102 159
100 104 102 159
101 102 102 159
101 102 102 159
100 102 102 159
99 102 102 159
98 102 102 159
96 102 102 159
96 102 102 159
95 102 102 159
94 102 102 159
93 102 102 159
95 100 102 159
93 100 102 159
93 100 102 159
92 100 102 159
92 100 102 159
91 100 102 159
88 102 102 159
87 102 102 159
85 102 102 159
82 104 102 159
80 104 102 159
79 104 102 159
78 102 102 159
76 102 102 159
75 102 102 159
75 104 102 159
74 102 102 159
74 104 102 159
74 102 102 159
73 102 102 159
70 104 102 159
73 104 102 159
73 104 102 159
73 104 102 159
74 104 102 159
74 104 102 159
73 104 102 159
74 104 102 159
74 104 102 159
72 104 102 159
75 104 102 159
75 104 102 159
76 104 102 159
76 104 102 159
77 104 102 159
77 104 102 159
79 104 102 159
79 104 102 159
80 104 102 159
80 104 102 159
81 104 102 159
82 104 102 159
82 104 102 159
83 104 102 159
83 104 102 159
84 104 102 159
85 102 102 159
86 102 102 159
87 100 102 159
87 98 102 159
88 98 102 159
88 98 102 159
88 96 102 159
89 98 102 159
89 96 102 159
89 96 102 159
92 96 102 159
90 96 102 159
92 96 102 159
93 96 102 159
93 94 102 159
94 96 102 159
94 96 102 159
93 94 102 159
93 96 102 159
93 94 102 159
95 94 102 159
94 94 102 159
97 94 102 159
98 94 102 159
97 94 102 159
99 94 102 159
100 94 102 159
99 94 102 159
99 94 102 159
98 94 102 159
98 94 102 159
98 94 102 159
96 96 102 159
95 96 102 159
95 96 102 159
97 96 102 159
97 96 102 159
96 98 102 159
96 100 102 159
95 102 102 159
94 104 102 159
97 104 102 159
96 106 102 159
94 106 102 159
93 108 102 159
93 108 102 159
94 106 102 159
96 106 102 159
95 106 102 159
94 106 102 159
94 106 102 159
93 106 102 159
95 106 102 159
94 106 102 159
94 106 102 159
93 108 102 159
96 106 102 159
97 106 102 159
94 106 102 159
94 106 102 159
96 106 102 159
95 106 102 159
96 106 102 159
81 110 102 159
81 110 102 159
79 112 102 159
79 112 102 159
79 110 102 159
79 110 102 159
78 112 102 159
79 112 102 159
79 112 102 159
78 112 102 159
78 112 102 159
78 112 102 159
78 114 102 159
77 114 102 159
77 114 102 159
76 116 102 159
76 114 102 159
75 116 102 159
75 114 102 159
75 114 102 159
75 114 102 159
75 116 102 159
75 116 102 159
75 116 102 159
75 116 102 159
74 116 102 159
74 116 102 159
74 116 102 159
74 116 102 159
74 116 102 159
73 118 102 159
73 118 102 159
73 118 102 159
73 118 102 159
73 118 102 159
73 118 102 159
73 116 102 159
73 116 102 159
73 116 102 159
73 118 102 159
73 118 102 159
74 116 102 159
74 118 102 159
73 118 102 159
73 118 102 159
73 118 102 159
73 118 102 159
73 118 102 159
73 118 102 159
73 118 102 159
73 118 102 159
73 118 102 159
73 118 102 159
73 118 102 159
72 118 102 159
72 118 102 159
72 118 102 159
72 120 102 159
73 118 102 159
73 120 102 159
73 120 102 159
73 120 102 159
73 120 102 159
73 120 102 159
73 120 102 159
73 122 102 159
72 122 102 159
72 122 102 159
71 122 102 159
76 120 102 159
69 124 102 159
74 120 102 159
73 122 102 159
39 68 102 159
39 68 102 159
40 66 102 159
41 66 102 159
41 66 102 159
41 66 102 159
41 66 102 159
42 64 102 159
42 64 102 159
42 66 102 159
42 66 102 159
43 66 102 159
45 66 102 159
42 66 102 159
43 66 102 159
42 66 102 159
43 66 102 159
43 66 102 159
43 66 102 159
43 66 102 159
42 66 102 159
43 66 102 159
43 66 102 159
42 66 102 159
42 66 102 159
43 66 102 159
43 66 102 159
42 66 102 159
41 66 102 159
41 66 102 159
40 68 102 159
40 68 102 159
40 68 102 159
42 68 102 159
40 68 102 159
40 68 102 159
40 68 102 159
42 68 102 159
39 68 102 159
39 68 102 159
39 68 102 159
43 68 102 159
39 68 102 159
42 68 102 159
39 68 102 159
39 68 102 159
39 68 102 159
39 68 102 159
39 70 102 159
38 70 102 159
40 70 102 159
40 70 102 159
40 70 102 159
40 70 102 159
40 70 102 159
40 70 102 159
40 70 102 159
40 70 102 159
40 72 102 159
40 72 102 159
41 72 102 159
41 72 102 159
41 72 102 159
43 72 102 159
39 72 102 159
38 72 102 159
39 70 102 159
38 70 102 159
39 70 102 159
39 72 102 159
39 72 102 159
39 70 102 159
39 70 102 159
40 70 102 159
40 70 102 159
40 70 102 159
40 70 102 159
40 70 102 159
40 70 102 159
40 70 102 159
42 70 102 159
42 70 102 159
41 70 102 159
43 70 102 159
43 70 102 159
44 68 102 159
44 70 102 159
44 70 102 159
44 70 102 159
44 70 102 159
44 70 102 159
44 70 102 159
44 70 102 159
44 70 102 159
44 70 102 159
44 70 102 159
44 70 102 159
44 70 102 159
45 68 102 159
45 68 102 159
44 68 102 159
44 66 102 159
43 66 102 159
44 66 102 159
44 66 102 159
44 66 102 159
41 68 102 159
42 68 102 159
42 68 102 159
42 68 102 159
42 66 102 159
42 66 102 159
42 66 102 159
42 66 102 159
42 66 102 159
42 68 102 159
43 66 102 159
42 66 102 159
42 66 102 159
42 66 102 159
41 68 102 159
42 66 102 159
42 66 102 159
42 66 102 159
42 66 102 159
42 66 102 159
42 66 102 159
42 66 102 159
42 66 102 159
42 66 102 159
42 66 102 159
42 66 102 159
42 66 102 159
41 66 102 159
42 66 102 159
42 66 102 159
42 66 102 159
42 66 102 159
43 64 102 159
43 66 102 159
42 66 102 159
42 66 102 159
42 66 102 159
42 66 102 159
42 66 102 159
42 64 102 159
43 64 102 159
43 64 102 159
43 64 102 159
44 64 102 159
44 64 102 159
43 64 102 159
43 64 102 159
42 64 102 159
42 64 102 159
41 64 102 159
40 64 102 159
38 64 102 159
37 64 102 159
36 64 102 159
34 66 102 159
32 66 102 159
31 66 102 159
30 66 102 159
28 66 102 159
26 66 102 159
25 66 102 159
22 66 102 159
20 66 102 159
19 64 102 159
17 64 102 159
16 64 102 159
14 64 102 159
15 64 102 159
13 64 102 159
15 58 102 159
14 64 102 159
14 64 102 159
14 62 102 159
15 60 102 159
10 60 102 159
11 60 102 159
13 58 102 159
12 60 102 159
15 60 102 159
15 58 102 159
14 58 102 159
0 58 102 159
0 58 102 159
8 56 102 159
3 96 102 159
4 94 102 159
4 94 102 159
3 94 102 159
3 94 102 159
5 92 102 159
5 92 102 159
6 92 102 159
6 92 102 159
6 92 102 159
6 92 102 159
7 92 102 159
7 92 102 159
8 90 102 159
7 92 102 159
7 92 102 159
8 92 102 159
8 90 102 159
8 90 102 159
9 90 102 159
10 90 102 159
11 90 102 159
12 90 102 159
13 90 102 159
14 90 102 159
15 90 102 159
17 88 102 159
18 90 102 159
20 88 102 159
21 88 102 159
22 88 102 159
24 86 102 159
25 86 102 159
25 86 102 159
26 86 102 159
26 86 102 159
26 86 102 159
26 86 102 159
26 86 102 159
26 84 102 159
26 84 102 159
25 82 102 159
26 82 102 159
26 80 102 159
26 80 102 159
25 82 102 159
25 82 102 159
25 82 102 159
26 82 102 159
26 82 102 159
26 82 102 159
15 42 102 159
25 84 102 159
24 86 102 159
35 40 102 159
37 42 102 159
33 44 102 159
38 44 102 159
36 44 102 159
37 42 102 159
39 42 102 159
39 42 102 159
43 42 102 159
44 42 102 159
44 42 102 159
44 42 102 159
42 42 102 159
42 42 102 159
44 42 102 159
41 42 102 159
40 42 102 159
43 44 102 159
42 44 102 159
42 44 102 159
43 44 102 159
40 44 102 159
42 46 102 159
42 46 102 159
43 46 102 159
43 46 102 159
43 46 102 159
43 46 102 159
41 44 102 159
44 44 102 159
44 44 102 159
45 46 102 159
45 46 102 159
46 46 102 159
46 46 102 159
47 46 102 159
48 46 102 159
43 48 102 159
44 48 102 159
49 46 102 159
50 46 102 159
54 46 102 159
54 46 102 159
51 46 102 159
51 46 102 159
50 46 102 159
50 46 102 159
52 46 102 159
53 46 102 159
54 46 102 159
55 46 102 159
53 48 102 159
54 48 102 159
57 48 102 159
60 48 102 159
62 48 102 159
63 50 102 159
65 50 102 159
70 48 102 159
72 48 102 159
74 48 102 159
77 48 102 159
76 48 102 159
77 48 102 159
78 48 102 159
78 48 102 159
78 50 102 159
80 50 102 159
82 50 102 159
81 50 102 159
82 50 102 159
83 50 102 159
84 50 102 159
84 50 102 159
85 50 102 159
87 50 102 159
87 50 102 159
87 50 102 159
87 50 102 159
85 50 102 159
85 52 102 159
85 52 102 159
85 52 102 159
85 52 102 159
86 52 102 159
86 52 102 159
86 52 102 159
86 52 102 159
86 52 102 159
85 52 102 159
85 52 102 159
84 52 102 159
84 52 102 159
84 52 102 159
82 52 102 159
81 52 102 159
79 52 102 159
78 52 102 159
76 52 102 159
75 52 102 159
73 52 102 159
73 52 102 159
72 52 102 159
70 52 102 159
70 52 102 159
70 52 102 159
69 52 102 159
67 50 102 159
66 50 102 159
67 52 102 159
65 52 102 159
64 50 102 159
62 50 102 159
60 50 102 159
59 48 102 159
56 46 102 159
53 44 102 159
51 42 102 159
50 42 102 159
49 42 102 159
49 42 102 159
49 44 102 159
50 46 102 159
49 48 102 159
49 50 102 159
50 52 102 159
50 52 102 159
50 52 102 159
50 52 102 159
50 52 102 159
50 52 102 159
