149 144 32 73
150 144 32 73
150 144 32 73
151 144 32 73
151 144 32 73
150 144 32 73
150 144 32 73
150 144 32 73
150 145 32 73
150 144 32 73
150 144 32 73
150 144 32 73
150 144 32 73
151 144 32 73
151 144 32 73
151 144 32 73
151 144 32 73
151 144 32 73
151 144 32 73
150 144 32 73
150 144 32 73
150 143 32 73
151 143 32 73
151 144 32 73
151 144 32 73
152 144 32 73
152 144 32 73
152 144 32 73
152 144 32 73
153 144 32 73
153 145 32 73
152 145 32 73
152 145 32 73
152 145 32 73
151 145 32 73
150 145 32 73
150 147 32 73
149 146 32 73
149 147 32 73
148 147 32 73
148 147 32 73
148 146 32 73
148 146 32 73
148 146 32 73
148 147 32 73
148 147 32 73
148 148 32 73
148 147 32 73
148 148 32 73
147 149 32 73
146 149 32 73
146 149 32 73
146 149 32 73
146 149 32 73
146 148 32 73
146 148 32 73
146 148 32 73
146 148 32 73
146 149 32 73
146 149 32 73
147 149 32 73
147 149 32 73
148 149 32 73
148 149 32 73
148 150 32 73
148 149 32 73
148 150 32 73
148 150 32 73
148 150 32 73
148 149 32 73
148 150 32 73
148 148 32 73
148 149 32 73
147 148 32 73
148 150 32 73
148 149 32 73
148 149 32 73
148 149 32 73
148 149 32 73
147 149 32 73
148 149 32 73
148 149 32 73
148 148 32 73
149 148 32 73
150 148 32 73
150 149 32 73
150 148 32 73
151 148 32 73
151 149 32 73
151 149 32 73
151 149 32 73
151 149 32 73
151 150 32 73
152 151 32 73
152 151 32 73
152 150 32 73
153 151 32 73
152 150 32 73
153 151 32 73
153 150 32 73
154 151 32 73
154 151 32 73
154 150 32 73
154 150 32 73
154 150 32 73
154 150 32 73
154 150 32 73
153 149 32 73
154 149 32 73
154 149 32 73
155 150 32 73
155 150 32 73
155 151 32 73
155 150 32 73
156 150 32 73
156 150 32 73
157 150 32 73
157 149 32 73
157 149 32 73
156 148 32 73
156 148 32 73
156 149 32 73
156 149 32 73
156 149 32 73
156 149 32 73
156 149 32 73
156 149 32 73
155 148 32 73
155 148 32 73
155 149 32 73
155 149 32 73
155 149 32 73
154 148 32 73
154 148 32 73
154 146 32 73
155 147 32 73
155 147 32 73
155 147 32 73
155 147 32 73
154 147 32 73
154 147 32 73
154 147 32 73
154 148 32 73
154 147 32 73
153 147 32 73
153 147 32 73
153 148 32 73
152 148 32 73
152 148 32 73
151 147 32 73
151 148 32 73
151 147 32 73
151 147 32 73
151 148 32 73
151 148 32 73
151 148 32 73
150 148 32 73
150 148 32 73
149 149 32 73
148 149 32 73
148 149 32 73
148 148 32 73
148 148 32 73
147 148 32 73
148 148 32 73
148 149 32 73
148 149 32 73
148 148 32 73
148 148 32 73
148 148 32 73
147 147 32 73
148 148 32 73
148 149 32 73
148 149 32 73
147 148 32 73
147 148 32 73
147 148 32 73
147 148 32 73
147 148 32 73
147 146 32 73
147 148 32 73
147 148 32 73
147 149 32 73
148 148 32 73
149 149 32 73
150 149 32 73
152 148 32 73
154 147 32 73
156 147 32 73
159 146 32 73
162 145 32 73
165 144 32 73
167 144 32 73
169 143 32 73
171 142 32 73
173 141 32 73
175 140 32 73
175 139 32 73
175 138 32 73
174 137 32 73
172 136 32 73
170 136 32 73
166 135 32 73
162 134 32 73
157 134 32 73
152 133 32 73
147 132 32 73
141 132 32 73
136 131 32 73
131 130 32 73
126 130 32 73
122 130 32 73
118 129 32 73
114 130 32 73
112 131 32 73
110 133 32 73
109 134 32 73
107 136 32 73
106 138 32 73
106 140 32 73
106 141 32 73
106 144 32 73
107 146 32 73
108 148 32 73
109 149 32 73
111 151 32 73
111 153 32 73
113 152 32 73
114 153 32 73
115 154 32 73
115 155 32 73
115 156 32 73
114 156 32 73
113 156 32 73
112 156 32 73
110 156 32 73
109 157 32 73
108 155 32 73
106 157 32 73
105 156 32 73
102 157 32 73
100 156 32 73
97 156 32 73
94 155 32 73
90 154 32 73
87 153 32 73
84 152 32 73
81 151 32 73
78 150 32 73
75 149 32 73
72 148 32 73
68 148 32 73
66 145 32 73
63 144 32 73
61 142 32 73
59 141 32 73
57 140 32 73
56 139 32 73
55 138 32 73
55 138 32 73
54 137 32 73
54 137 32 73
55 137 32 73
56 137 32 73
58 136 32 73
61 136 32 73
64 136 32 73
68 137 32 73
73 136 32 73
78 134 32 73
83 135 32 73
88 134 32 73
94 134 32 73
99 135 32 73
105 135 32 73
111 134 32 73
116 134 32 73
120 135 32 73
124 135 32 73
128 136 32 73
131 136 32 73
134 136 32 73
137 137 32 73
139 138 32 73
142 139 32 73
144 139 32 73
147 140 32 73
149 140 32 73
151 141 32 73
152 142 32 73
153 142 32 73
154 143 32 73
155 143 32 73
156 143 32 73
156 144 32 73
156 145 32 73
156 146 32 73
156 147 32 73
155 148 32 73
154 148 32 73
153 149 32 73
153 151 32 73
152 153 32 73
150 154 32 73
147 155 32 73
145 156 32 73
141 157 32 73
138 158 32 73
134 158 32 73
131 159 32 73
128 160 32 73
124 161 32 73
122 160 32 73
121 158 32 73
118 157 32 73
114 157 32 73
111 156 32 73
107 156 32 73
102 156 32 73
99 155 32 73
95 154 32 73
91 153 32 73
88 152 32 73
84 151 32 73
81 150 32 73
77 151 32 73
72 150 32 73
69 149 32 73
66 147 32 73
64 145 32 73
62 145 32 73
61 143 32 73
60 142 32 73
60 140 32 73
61 138 32 73
61 138 32 73
63 135 32 73
65 134 32 73
68 133 32 73
71 132 32 73
75 130 32 73
79 128 32 73
84 127 32 73
88 126 32 73
93 125 32 73
100 124 32 73
106 123 32 73
112 123 32 73
119 122 32 73
125 121 32 73
132 122 32 73
139 123 32 73
145 122 32 73
152 123 32 73
158 124 32 73
164 125 32 73
170 126 32 73
177 125 32 73
184 125 32 73
191 125 32 73
197 124 32 73
203 125 32 73
209 125 32 73
214 126 32 73
218 128 32 73
221 129 32 73
224 131 32 73
228 133 32 73
230 134 32 73
231 136 32 73
233 137 32 73
233 138 32 73
233 139 32 73
231 142 32 73
228 144 32 73
225 145 32 73
220 146 32 73
215 147 32 73
210 147 32 73
205 148 32 73
200 150 32 73
193 151 32 73
187 152 32 73
180 153 32 73
174 154 32 73
168 155 32 73
162 156 32 73
156 156 32 73
149 156 32 73
143 155 32 73
136 155 32 73
130 155 32 73
123 154 32 73
117 153 32 73
111 152 32 73
106 150 32 73
101 147 32 73
97 145 32 73
93 141 32 73
89 138 32 73
85 134 32 73
82 131 32 73
80 127 32 73
80 123 32 73
81 119 32 73
83 116 32 73
86 113 32 73
90 109 32 73
94 106 32 73
99 103 32 73
104 100 32 73
110 96 32 73
115 94 32 73
121 91 32 73
126 88 32 73
131 85 32 73
135 82 32 73
139 79 32 73
143 77 32 73
146 75 32 73
149 72 32 73
152 69 32 73
155 65 32 73
156 63 32 73
157 61 32 73
158 57 32 73
158 54 32 73
157 51 32 73
156 49 32 73
154 47 32 73
152 45 32 73
149 42 32 73
146 42 32 73
143 40 32 73
140 39 32 73
136 40 32 73
132 40 32 73
129 41 32 73
126 43 32 73
123 44 32 73
120 47 32 73
117 49 32 73
114 52 32 73
111 56 32 73
109 59 32 73
107 62 32 73
104 67 32 73
102 70 32 73
101 74 32 73
99 79 32 73
97 84 32 73
96 88 32 73
96 91 32 73
96 94 32 73
96 98 32 73
97 102 32 73
98 108 32 73
99 113 32 73
99 118 32 73
100 121 32 73
102 124 32 73
104 128 32 73
106 131 32 73
108 133 32 73
110 134 32 73
111 137 32 73
112 140 32 73
113 141 32 73
113 144 32 73
113 147 32 73
113 149 32 73
113 150 32 73
113 151 32 73
114 152 32 73
114 153 32 73
115 154 32 73
114 155 32 73
114 155 32 73
114 155 32 73
114 156 32 73
114 156 32 73
114 157 32 73
113 157 32 73
112 157 32 73
113 157 32 73
113 156 32 73
113 155 32 73
113 154 32 73
112 155 32 73
111 155 32 73
110 154 32 73
109 152 32 73
108 152 32 73
108 151 32 73
107 150 32 73
107 148 32 73
106 147 32 73
106 146 32 73
105 146 32 73
104 145 32 73
104 143 32 73
103 142 32 73
102 139 32 73
102 136 32 73
101 134 32 73
101 131 32 73
101 128 32 73
100 125 32 73
100 122 32 73
101 119 32 73
102 116 32 73
102 114 32 73
103 111 32 73
106 109 32 73
109 109 32 73
114 106 32 73
120 105 32 73
127 106 32 73
134 107 32 73
143 108 32 73
151 111 32 73
159 114 32 73
167 116 32 73
175 117 32 73
183 116 32 73
189 117 32 73
195 119 32 73
199 120 32 73
201 122 32 73
202 124 32 73
203 125 32 73
203 127 32 73
204 129 32 73
203 131 32 73
202 132 32 73
201 134 32 73
199 136 32 73
197 138 32 73
194 141 32 73
191 142 32 73
187 145 32 73
183 148 32 73
179 151 32 73
176 152 32 73
173 156 32 73
170 159 32 73
167 162 32 73
164 161 32 73
163 160 32 73
159 164 32 73
156 168 32 73
152 170 32 73
152 170 32 73
152 170 32 73
151 171 32 73
149 173 32 73
146 174 32 73
141 172 32 73
137 170 32 73
133 169 32 73
130 169 32 73
127 170 32 73
125 172 32 73
124 171 32 73
122 169 32 73
121 169 32 73
120 169 32 73
121 169 32 73
123 170 32 73
125 170 32 73
127 170 32 73
130 170 32 73
131 171 32 73
134 173 32 73
135 175 32 73
138 177 32 73
139 178 32 73
142 179 32 73
145 179 32 73
147 179 32 73
150 179 32 73
154 179 32 73
157 178 32 73
162 177 32 73
166 177 32 73
170 177 32 73
175 177 32 73
179 176 32 73
182 174 32 73
185 172 32 73
187 168 32 73
190 164 32 73
191 161 32 73
191 159 32 73
191 158 32 73
189 156 32 73
187 154 32 73
186 151 32 73
185 149 32 73
185 148 32 73
183 147 32 73
182 146 32 73
179 146 32 73
176 145 32 73
173 146 32 73
169 146 32 73
165 146 32 73
161 147 32 73
157 147 32 73
154 149 32 73
151 150 32 73
147 151 32 73
145 153 32 73
144 155 32 73
142 157 32 73
143 160 32 73
144 162 32 73
145 165 32 73
146 167 32 73
148 171 32 73
149 172 32 73
151 173 32 73
152 175 32 73
154 176 32 73
156 176 32 73
158 176 32 73
160 176 32 73
162 176 32 73
164 176 32 73
167 176 32 73
169 176 32 73
172 176 32 73
175 175 32 73
178 174 32 73
180 173 32 73
183 172 32 73
187 171 32 73
190 170 32 73
193 170 32 73
196 169 32 73
200 170 32 73
202 168 32 73
205 166 32 73
208 165 32 73
211 164 32 73
214 163 32 73
218 161 32 73
222 158 32 73
225 156 32 73
226 155 32 73
228 155 32 73
229 155 32 73
230 154 32 73
231 153 32 73
231 150 32 73
233 150 32 73
234 149 32 73
236 149 32 73
237 148 32 73
238 146 32 73
239 144 32 73
241 143 32 73
242 142 32 73
244 141 32 73
245 140 32 73
245 140 32 73
245 138 32 73
245 137 32 73
245 136 32 73
244 135 32 73
243 134 32 73
240 132 32 73
238 132 32 73
235 131 32 73
232 130 32 73
228 128 32 73
225 127 32 73
221 126 32 73
217 125 32 73
213 123 32 73
208 122 32 73
203 121 32 73
198 121 32 73
192 120 32 73
187 119 32 73
181 119 32 73
176 119 32 73
171 119 32 73
167 118 32 73
162 117 32 73
156 116 32 73
151 116 32 73
145 116 32 73
140 116 32 73
136 115 32 73
132 115 32 73
129 115 32 73
126 115 32 73
124 115 32 73
122 116 32 73
120 116 32 73
118 117 32 73
116 117 32 73
115 118 32 73
115 120 32 73
115 122 32 73
116 123 32 73
117 125 32 73
118 126 32 73
120 128 32 73
122 131 32 73
124 134 32 73
126 137 32 73
129 140 32 73
132 143 32 73
134 146 32 73
137 149 32 73
140 151 32 73
143 153 32 73
147 155 32 73
150 156 32 73
152 156 32 73
155 155 32 73
157 154 32 73
160 152 32 73
162 150 32 73
165 148 32 73
167 145 32 73
169 141 32 73
171 137 32 73
174 133 32 73
176 128 32 73
178 124 32 73
179 119 32 73
180 113 32 73
181 108 32 73
181 103 32 73
182 98 32 73
182 93 32 73
182 87 32 73
182 82 32 73
182 75 32 73
180 70 32 73
178 66 32 73
176 61 32 73
174 57 32 73
172 52 32 73
169 49 32 73
166 46 32 73
162 45 32 73
158 44 32 73
153 44 32 73
149 44 32 73
145 45 32 73
141 45 32 73
137 46 32 73
132 47 32 73
128 48 32 73
123 50 32 73
119 53 32 73
115 56 32 73
112 59 32 73
109 63 32 73
107 66 32 73
106 71 32 73
105 77 32 73
105 82 32 73
105 88 32 73
106 93 32 73
106 98 32 73
106 104 32 73
107 110 32 73
108 116 32 73
109 121 32 73
110 126 32 73
111 130 32 73
113 134 32 73
115 138 32 73
117 141 32 73
120 145 32 73
122 148 32 73
125 152 32 73
129 156 32 73
133 160 32 73
137 163 32 73
140 166 32 73
144 169 32 73
147 172 32 73
151 174 32 73
154 176 32 73
158 177 32 73
162 178 32 73
166 177 32 73
171 179 32 73
175 178 32 73
179 176 32 73
182 175 32 73
185 173 32 73
188 172 32 73
190 170 32 73
191 168 32 73
195 165 32 73
196 162 32 73
197 159 32 73
197 154 32 73
197 151 32 73
197 149 32 73
197 147 32 73
197 145 32 73
197 141 32 73
197 136 32 73
198 131 32 73
198 126 32 73
198 122 32 73
197 118 32 73
195 115 32 73
193 111 32 73
190 108 32 73
187 105 32 73
184 102 32 73
180 101 32 73
176 99 32 73
173 99 32 73
171 100 32 73
168 102 32 73
166 105 32 73
165 110 32 73
164 115 32 73
164 120 32 73
164 126 32 73
163 130 32 73
163 130 32 73
162 128 32 73
163 123 32 73
163 116 32 73
163 109 32 73
163 102 32 73
162 96 32 73
161 92 32 73
159 91 32 73
156 91 32 73
153 93 32 73
150 97 32 73
147 102 32 73
145 108 32 73
142 113 32 73
140 117 32 73
140 120 32 73
140 122 32 73
141 122 32 73
141 119 32 73
142 115 32 73
141 110 32 73
141 104 32 73
140 98 32 73
139 93 32 73
138 90 32 73
137 88 32 73
136 87 32 73
136 88 32 73
136 90 32 73
138 96 32 73
140 100 32 73
142 106 32 73
145 112 32 73
148 117 32 73
152 120 32 73
155 120 32 73
159 120 32 73
162 116 32 73
166 111 32 73
169 104 32 73
172 96 32 73
176 88 32 73
178 80 32 73
180 73 32 73
181 68 32 73
181 64 32 73
181 63 32 73
179 64 32 73
178 67 32 73
178 72 32 73
177 78 32 73
178 84 32 73
178 90 32 73
179 94 32 73
181 96 32 73
184 96 32 73
186 94 32 73
188 90 32 73
190 84 32 73
191 78 32 73
191 71 32 73
190 65 32 73
188 62 32 73
185 61 32 73
183 63 32 73
182 69 32 73
182 77 32 73
182 86 32 73
182 96 32 73
182 104 32 73
183 110 32 73
184 113 32 73
186 112 32 73
188 109 32 73
190 104 32 73
192 96 32 73
193 88 32 73
193 80 32 73
191 73 32 73
188 67 32 73
184 62 32 73
181 59 32 73
178 58 32 73
176 60 32 73
174 65 32 73
174 71 32 73
175 77 32 73
177 83 32 73
179 88 32 73
180 92 32 73
181 96 32 73
183 99 32 73
184 101 32 73
187 102 32 73
190 104 32 73
195 103 32 73
200 102 32 73
207 99 32 73
214 95 32 73
222 91 32 73
231 87 32 73
240 82 32 73
246 80 32 73
255 77 32 73
260 76 32 73
264 77 32 73
266 77 32 73
267 79 32 73
266 81 32 73
262 83 32 73
259 85 32 73
253 89 32 73
248 93 32 73
243 96 32 73
236 100 32 73
228 103 32 73
220 107 32 73
212 110 32 73
205 114 32 73
197 118 32 73
190 122 32 73
184 127 32 73
178 131 32 73
174 135 32 73
171 139 32 73
168 143 32 73
166 147 32 73
165 150 32 73
165 154 32 73
166 157 32 73
169 159 32 73
171 160 32 73
174 161 32 73
177 161 32 73
179 162 32 73
182 162 32 73
185 161 32 73
188 159 32 73
191 157 32 73
195 154 32 73
198 152 32 73
200 149 32 73
201 145 32 73
202 140 32 73
202 137 32 73
202 133 32 73
201 129 32 73
200 125 32 73
198 121 32 73
195 116 32 73
192 113 32 73
188 109 32 73
184 106 32 73
179 103 32 73
175 101 32 73
171 100 32 73
167 99 32 73
164 100 32 73
161 101 32 73
159 102 32 73
157 103 32 73
156 104 32 73
155 105 32 73
155 106 32 73
155 108 32 73
156 109 32 73
157 111 32 73
158 112 32 73
159 114 32 73
162 116 32 73
164 117 32 73
167 118 32 73
171 119 32 73
175 122 32 73
179 123 32 73
183 123 32 73
188 124 32 73
193 124 32 73
199 123 32 73
204 124 32 73
210 124 32 73
216 124 32 73
222 124 32 73
227 124 32 73
233 123 32 73
237 122 32 73
241 121 32 73
243 121 32 73
244 120 32 73
245 120 32 73
244 119 32 73
243 119 32 73
241 119 32 73
238 120 32 73
235 120 32 73
231 120 32 73
226 119 32 73
220 119 32 73
214 118 32 73
208 118 32 73
203 118 32 73
197 118 32 73
192 118 32 73
186 118 32 73
180 119 32 73
174 119 32 73
168 120 32 73
162 121 32 73
156 122 32 73
151 123 32 73
146 124 32 73
140 125 32 73
136 127 32 73
132 128 32 73
128 130 32 73
124 132 32 73
120 133 32 73
117 135 32 73
115 138 32 73
113 140 32 73
111 142 32 73
111 144 32 73
110 146 32 73
111 148 32 73
112 149 32 73
113 151 32 73
116 152 32 73
118 153 32 73
121 155 32 73
125 156 32 73
129 158 32 73
133 159 32 73
137 161 32 73
142 162 32 73
148 164 32 73
153 165 32 73
158 166 32 73
163 166 32 73
168 166 32 73
173 166 32 73
178 166 32 73
183 165 32 73
188 165 32 73
193 163 32 73
199 162 32 73
203 162 32 73
211 162 32 73
218 161 32 73
223 160 32 73
228 158 32 73
234 156 32 73
240 155 32 73
245 154 32 73
250 152 32 73
255 151 32 73
259 150 32 73
262 148 32 73
265 146 32 73
268 144 32 73
271 142 32 73
273 141 32 73
274 139 32 73
275 137 32 73
275 135 32 73
275 133 32 73
275 132 32 73
275 131 32 73
274 129 32 73
271 128 32 73
269 127 32 73
266 125 32 73
263 125 32 73
260 124 32 73
256 124 32 73
252 123 32 73
248 123 32 73
244 123 32 73
240 123 32 73
236 123 32 73
231 124 32 73
227 123 32 73
222 124 32 73
216 124 32 73
211 124 32 73
205 124 32 73
200 124 32 73
195 124 32 73
189 124 32 73
183 124 32 73
177 124 32 73
173 124 32 73
168 124 32 73
163 125 32 73
159 126 32 73
154 127 32 73
151 128 32 73
147 130 32 73
144 131 32 73
141 133 32 73
138 135 32 73
136 136 32 73
135 138 32 73
134 139 32 73
134 141 32 73
133 143 32 73
133 146 32 73
133 149 32 73
134 151 32 73
134 153 32 73
136 155 32 73
137 157 32 73
140 159 32 73
143 161 32 73
146 162 32 73
150 163 32 73
154 163 32 73
159 164 32 73
163 165 32 73
167 164 32 73
171 165 32 73
174 164 32 73
178 164 32 73
181 164 32 73
184 164 32 73
187 163 32 73
190 162 32 73
193 160 32 73
195 158 32 73
198 156 32 73
201 154 32 73
202 152 32 73
204 149 32 73
206 147 32 73
208 144 32 73
210 140 32 73
212 138 32 73
214 135 32 73
215 132 32 73
215 126 32 73
216 122 32 73
216 117 32 73
216 112 32 73
216 107 32 73
215 102 32 73
214 97 32 73
212 93 32 73
210 89 32 73
209 84 32 73
207 80 32 73
204 76 32 73
201 72 32 73
197 68 32 73
193 65 32 73
188 63 32 73
183 62 32 73
178 61 32 73
172 61 32 73
166 62 32 73
160 65 32 73
153 67 32 73
147 71 32 73
141 76 32 73
135 82 32 73
130 88 32 73
125 93 32 73
121 100 32 73
117 106 32 73
114 111 32 73
111 116 32 73
109 123 32 73
107 128 32 73
106 134 32 73
105 139 32 73
105 144 32 73
106 148 32 73
108 153 32 73
109 155 32 73
112 158 32 73
116 161 32 73
119 163 32 73
122 165 32 73
125 166 32 73
129 168 32 73
132 170 32 73
136 172 32 73
139 172 32 73
142 173 32 73
145 174 32 73
148 174 32 73
152 175 32 73
155 176 32 73
157 177 32 73
160 178 32 73
163 179 32 73
165 180 32 73
167 180 32 73
168 181 32 73
168 180 32 73
168 180 32 73
168 179 32 73
168 178 32 73
168 177 32 73
168 175 32 73
167 173 32 73
166 170 32 73
165 168 32 73
165 164 32 73
164 160 32 73
164 156 32 73
164 151 32 73
165 146 32 73
165 140 32 73
165 135 32 73
166 131 32 73
166 125 32 73
167 121 32 73
168 117 32 73
168 112 32 73
169 108 32 73
169 104 32 73
170 101 32 73
171 98 32 73
171 96 32 73
172 94 32 73
172 93 32 73
172 92 32 73
173 93 32 73
173 93 32 73
173 93 32 73
173 94 32 73
173 95 32 73
173 97 32 73
173 99 32 73
173 100 32 73
172 101 32 73
171 102 32 73
170 103 32 73
169 105 32 73
168 107 32 73
167 109 32 73
167 111 32 73
165 113 32 73
164 115 32 73
163 117 32 73
162 119 32 73
162 122 32 73
161 124 32 73
160 126 32 73
160 128 32 73
159 130 32 73
159 132 32 73
159 134 32 73
159 137 32 73
159 140 32 73
158 143 32 73
157 145 32 73
157 148 32 73
157 150 32 73
158 152 32 73
158 154 32 73
159 156 32 73
159 157 32 73
160 158 32 73
161 159 32 73
162 159 32 73
163 159 32 73
164 159 32 73
165 158 32 73
166 158 32 73
168 157 32 73
170 156 32 73
172 155 32 73
175 154 32 73
178 153 32 73
181 151 32 73
185 150 32 73
188 148 32 73
191 146 32 73
195 144 32 73
198 141 32 73
202 140 32 73
205 139 32 73
208 138 32 73
212 138 32 73
215 137 32 73
218 135 32 73
221 134 32 73
225 134 32 73
228 135 32 73
231 134 32 73
234 134 32 73
236 134 32 73
237 134 32 73
240 133 32 73
242 132 32 73
244 131 32 73
244 130 32 73
244 130 32 73
243 131 32 73
241 131 32 73
240 131 32 73
238 131 32 73
236 132 32 73
234 132 32 73
232 132 32 73
229 132 32 73
227 132 32 73
226 132 32 73
224 132 32 73
221 134 32 73
218 135 32 73
215 136 32 73
211 138 32 73
208 139 32 73
204 140 32 73
200 141 32 73
196 142 32 73
192 142 32 73
187 143 32 73
183 144 32 73
179 144 32 73
176 144 32 73
174 145 32 73
171 146 32 73
169 147 32 73
165 149 32 73
162 149 32 73
160 149 32 73
158 148 32 73
155 149 32 73
153 148 32 73
150 148 32 73
146 148 32 73
143 148 32 73
140 148 32 73
138 147 32 73
136 148 32 73
135 148 32 73
133 148 32 73
132 147 32 73
131 147 32 73
130 147 32 73
129 147 32 73
128 147 32 73
127 148 32 73
126 147 32 73
125 147 32 73
125 146 32 73
126 145 32 73
127 144 32 73
129 144 32 73
132 143 32 73
134 142 32 73
137 142 32 73
140 142 32 73
145 142 32 73
149 142 32 73
155 142 32 73
161 142 32 73
167 140 32 73
172 139 32 73
177 138 32 73
181 137 32 73
185 136 32 73
189 135 32 73
194 133 32 73
199 131 32 73
204 131 32 73
209 130 32 73
214 129 32 73
220 128 32 73
225 127 32 73
230 127 32 73
235 127 32 73
240 128 32 73
243 127 32 73
247 128 32 73
250 128 32 73
253 129 32 73
256 129 32 73
258 129 32 73
260 129 32 73
261 127 32 73
261 126 32 73
261 124 32 73
260 122 32 73
257 118 32 73
253 116 32 73
249 115 32 73
243 111 32 73
238 111 32 73
232 111 32 73
226 111 32 73
220 111 32 73
214 111 32 73
208 112 32 73
201 112 32 73
194 112 32 73
188 112 32 73
181 113 32 73
174 113 32 73
168 113 32 73
161 114 32 73
154 114 32 73
149 115 32 73
144 117 32 73
138 118 32 73
133 119 32 73
128 120 32 73
124 122 32 73
119 123 32 73
115 124 32 73
111 124 32 73
108 125 32 73
104 125 32 73
102 126 32 73
100 126 32 73
98 127 32 73
98 128 32 73
98 128 32 73
99 129 32 73
101 130 32 73
103 132 32 73
107 134 32 73
110 136 32 73
112 137 32 73
115 139 32 73
116 141 32 73
117 144 32 73
117 146 32 73
117 148 32 73
115 149 32 73
112 150 32 73
110 152 32 73
107 155 32 73
103 155 32 73
100 156 32 73
98 157 32 73
96 156 32 73
96 156 32 73
95 156 32 73
96 157 32 73
97 156 32 73
98 157 32 73
100 158 32 73
102 159 32 73
105 161 32 73
110 163 32 73
115 164 32 73
120 166 32 73
126 168 32 73
132 170 32 73
137 171 32 73
143 172 32 73
149 173 32 73
155 174 32 73
161 174 32 73
167 175 32 73
173 174 32 73
179 174 32 73
184 172 32 73
190 171 32 73
195 169 32 73
200 168 32 73
204 166 32 73
209 163 32 73
214 161 32 73
220 158 32 73
224 155 32 73
229 152 32 73
233 149 32 73
237 146 32 73
241 143 32 73
244 140 32 73
246 137 32 73
248 134 32 73
248 131 32 73
248 129 32 73
246 127 32 73
244 124 32 73
241 121 32 73
238 119 32 73
235 117 32 73
231 115 32 73
227 114 32 73
222 114 32 73
217 114 32 73
211 114 32 73
205 115 32 73
199 116 32 73
193 118 32 73
187 120 32 73
181 121 32 73
176 123 32 73
173 126 32 73
169 129 32 73
167 132 32 73
165 135 32 73
164 139 32 73
165 143 32 73
165 146 32 73
166 150 32 73
168 154 32 73
170 156 32 73
173 160 32 73
176 163 32 73
179 165 32 73
183 166 32 73
187 168 32 73
190 170 32 73
193 170 32 73
195 169 32 73
197 168 32 73
198 165 32 73
199 162 32 73
199 159 32 73
200 155 32 73
200 151 32 73
200 146 32 73
199 141 32 73
199 136 32 73
199 131 32 73
198 125 32 73
198 120 32 73
197 116 32 73
196 111 32 73
195 107 32 73
193 103 32 73
191 99 32 73
189 95 32 73
187 92 32 73
184 88 32 73
179 84 32 73
174 81 32 73
168 77 32 73
162 75 32 73
156 73 32 73
150 72 32 73
144 71 32 73
138 70 32 73
131 69 32 73
125 69 32 73
118 69 32 73
112 69 32 73
106 70 32 73
101 72 32 73
95 74 32 73
89 76 32 73
82 74 32 73
76 76 32 73
71 79 32 73
66 82 32 73
62 87 32 73
59 91 32 73
57 96 32 73
56 99 32 73
57 104 32 73
58 108 32 73
61 112 32 73
65 117 32 73
70 121 32 73
76 125 32 73
84 129 32 73
92 133 32 73
100 136 32 73
110 140 32 73
121 145 32 73
131 147 32 73
141 148 32 73
153 153 32 73
163 154 32 73
174 156 32 73
185 158 32 73
195 160 32 73
205 162 32 73
216 163 32 73
225 164 32 73
233 164 32 73
239 164 32 73
243 163 32 73
245 163 32 73
245 162 32 73
243 161 32 73
240 161 32 73
235 160 32 73
230 159 32 73
224 158 32 73
218 158 32 73
211 155 32 73
204 156 32 73
197 155 32 73
190 154 32 73
183 154 32 73
175 153 32 73
168 153 32 73
162 152 32 73
156 152 32 73
151 154 32 73
147 155 32 73
144 157 32 73
141 161 32 73
139 165 32 73
139 169 32 73
139 173 32 73
141 178 32 73
143 183 32 73
147 187 32 73
153 192 32 73
159 196 32 73
165 200 32 73
171 203 32 73
178 205 32 73
185 206 32 73
192 206 32 73
198 205 32 73
205 203 32 73
211 200 32 73
218 197 32 73
223 195 32 73
229 192 32 73
234 189 32 73
238 186 32 73
242 182 32 73
245 178 32 73
247 174 32 73
249 170 32 73
250 166 32 73
251 162 32 73
252 158 32 73
252 154 32 73
252 150 32 73
251 147 32 73
251 143 32 73
251 140 32 73
251 136 32 73
251 133 32 73
250 130 32 73
249 126 32 73
248 122 32 73
246 119 32 73
243 116 32 73
240 114 32 73
236 111 32 73
232 108 32 73
229 106 32 73
224 104 32 73
219 102 32 73
214 100 32 73
209 98 32 73
204 97 32 73
199 96 32 73
194 96 32 73
189 96 32 73
184 95 32 73
180 96 32 73
176 97 32 73
172 99 32 73
168 100 32 73
165 104 32 73
162 106 32 73
160 109 32 73
158 114 32 73
157 117 32 73
157 121 32 73
156 125 32 73
156 129 32 73
155 132 32 73
155 135 32 73
154 138 32 73
154 140 32 73
154 142 32 73
154 144 32 73
154 146 32 73
155 148 32 73
155 151 32 73
156 154 32 73
156 157 32 73
157 161 32 73
158 165 32 73
161 169 32 73
164 171 32 73
169 176 32 73
171 181 32 73
175 185 32 73
179 188 32 73
184 190 32 73
189 191 32 73
193 191 32 73
198 191 32 73
202 190 32 73
207 187 32 73
211 184 32 73
214 180 32 73
216 174 32 73
217 167 32 73
216 159 32 73
215 151 32 73
213 143 32 73
211 136 32 73
208 130 32 73
205 124 32 73
200 118 32 73
195 113 32 73
190 109 32 73
185 105 32 73
179 102 32 73
172 100 32 73
164 100 32 73
157 99 32 73
149 100 32 73
141 102 32 73
134 103 32 73
127 105 32 73
120 109 32 73
115 111 32 73
110 114 32 73
106 117 32 73
103 120 32 73
101 123 32 73
100 127 32 73
99 130 32 73
99 131 32 73
99 134 32 73
100 136 32 73
102 139 32 73
105 141 32 73
108 143 32 73
111 144 32 73
115 146 32 73
120 147 32 73
125 148 32 73
130 149 32 73
135 150 32 73
140 151 32 73
145 152 32 73
150 153 32 73
156 153 32 73
162 154 32 73
168 156 32 73
175 157 32 73
181 157 32 73
188 159 32 73
195 160 32 73
202 161 32 73
208 160 32 73
214 159 32 73
220 159 32 73
225 158 32 73
230 157 32 73
235 156 32 73
238 154 32 73
241 152 32 73
243 152 32 73
245 151 32 73
246 150 32 73
247 147 32 73
248 147 32 73
249 145 32 73
250 145 32 73
251 144 32 73
251 143 32 73
251 141 32 73
250 139 32 73
249 139 32 73
248 137 32 73
247 135 32 73
247 132 32 73
246 132 32 73
246 132 32 73
246 132 32 73
245 132 32 73
244 131 32 73
242 130 32 73
239 129 32 73
237 129 32 73
233 128 32 73
230 127 32 73
227 126 32 73
223 126 32 73
220 124 32 73
216 124 32 73
212 123 32 73
209 122 32 73
204 122 32 73
199 122 32 73
194 123 32 73
189 123 32 73
185 123 32 73
180 123 32 73
175 124 32 73
171 125 32 73
166 125 32 73
161 126 32 73
157 127 32 73
153 129 32 73
150 130 32 73
148 131 32 73
145 132 32 73
143 133 32 73
140 134 32 73
138 135 32 73
136 137 32 73
135 140 32 73
134 143 32 73
134 148 32 73
134 152 32 73
135 156 32 73
136 161 32 73
138 165 32 73
141 169 32 73
143 171 32 73
147 174 32 73
151 176 32 73
155 177 32 73
159 178 32 73
163 177 32 73
167 176 32 73
171 174 32 73
175 172 32 73
180 170 32 73
185 167 32 73
189 162 32 73
193 157 32 73
197 153 32 73
200 149 32 73
203 144 32 73
204 140 32 73
205 136 32 73
205 133 32 73
205 129 32 73
204 125 32 73
204 121 32 73
202 118 32 73
200 116 32 73
197 114 32 73
193 112 32 73
188 112 32 73
182 112 32 73
174 112 32 73
166 113 32 73
158 112 32 73
150 112 32 73
142 112 32 73
135 112 32 73
127 113 32 73
119 113 32 73
111 110 32 73
105 109 32 73
98 111 32 73
92 110 32 73
87 109 32 73
82 108 32 73
79 107 32 73
76 106 32 73
75 104 32 73
76 101 32 73
78 99 32 73
80 97 32 73
85 97 32 73
91 96 32 73
98 95 32 73
106 95 32 73
114 96 32 73
124 97 32 73
134 98 32 73
144 100 32 73
156 101 32 73
167 103 32 73
178 105 32 73
190 107 32 73
200 110 32 73
208 112 32 73
214 115 32 73
217 119 32 73
219 123 32 73
220 126 32 73
219 130 32 73
216 132 32 73
213 135 32 73
209 138 32 73
204 140 32 73
199 137 32 73
194 138 32 73
187 136 32 73
181 135 32 73
175 134 32 73
169 131 32 73
162 128 32 73
156 125 32 73
151 123 32 73
147 119 32 73
144 115 32 73
142 110 32 73
141 105 32 73
140 100 32 73
139 96 32 73
138 92 32 73
139 88 32 73
140 85 32 73
142 82 32 73
143 78 32 73
143 76 32 73
144 73 32 73
148 70 32 73
152 68 32 73
156 66 32 73
161 65 32 73
166 64 32 73
172 64 32 73
178 65 32 73
185 65 32 73
192 67 32 73
199 68 32 73
207 70 32 73
215 72 32 73
222 74 32 73
230 76 32 73
237 79 32 73
243 83 32 73
249 87 32 73
253 91 32 73
255 95 32 73
257 100 32 73
258 104 32 73
257 107 32 73
256 110 32 73
253 112 32 73
249 115 32 73
244 118 32 73
238 121 32 73
231 123 32 73
224 125 32 73
215 126 32 73
207 128 32 73
199 130 32 73
191 131 32 73
183 132 32 73
176 133 32 73
169 134 32 73
161 135 32 73
154 135 32 73
147 136 32 73
141 136 32 73
135 136 32 73
130 136 32 73
125 135 32 73
121 135 32 73
119 135 32 73
117 135 32 73
117 134 32 73
117 134 32 73
118 135 32 73
120 135 32 73
122 136 32 73
126 137 32 73
130 137 32 73
134 139 32 73
139 139 32 73
144 139 32 73
151 139 32 73
157 139 32 73
163 139 32 73
168 139 32 73
174 137 32 73
180 136 32 73
185 135 32 73
191 134 32 73
196 133 32 73
202 132 32 73
208 131 32 73
213 129 32 73
218 129 32 73
221 127 32 73
224 126 32 73
226 124 32 73
227 123 32 73
229 121 32 73
229 120 32 73
229 118 32 73
227 116 32 73
226 114 32 73
226 113 32 73
224 111 32 73
222 109 32 73
219 108 32 73
215 106 32 73
211 104 32 73
206 103 32 73
202 102 32 73
197 101 32 73
192 100 32 73
186 99 32 73
180 98 32 73
174 98 32 73
168 98 32 73
161 99 32 73
155 100 32 73
150 101 32 73
144 102 32 73
139 103 32 73
133 105 32 73
129 106 32 73
124 108 32 73
119 110 32 73
115 112 32 73
111 113 32 73
107 115 32 73
105 118 32 73
103 120 32 73
102 123 32 73
101 125 32 73
103 128 32 73
104 132 32 73
106 135 32 73
108 137 32 73
111 139 32 73
115 141 32 73
119 143 32 73
123 145 32 73
128 146 32 73
132 147 32 73
137 148 32 73
142 148 32 73
147 149 32 73
152 148 32 73
158 149 32 73
164 148 32 73
171 148 32 73
177 147 32 73
183 146 32 73
190 146 32 73
196 145 32 73
201 143 32 73
207 143 32 73
213 142 32 73
219 141 32 73
226 141 32 73
232 141 32 73
237 140 32 73
242 140 32 73
246 138 32 73
250 137 32 73
254 136 32 73
256 134 32 73
258 132 32 73
260 130 32 73
260 128 32 73
260 126 32 73
258 123 32 73
256 121 32 73
255 119 32 73
252 116 32 73
249 114 32 73
246 112 32 73
242 111 32 73
238 109 32 73
234 108 32 73
228 106 32 73
223 106 32 73
216 104 32 73
209 104 32 73
203 103 32 73
196 102 32 73
190 101 32 73
184 102 32 73
177 101 32 73
171 102 32 73
164 103 32 73
158 104 32 73
153 106 32 73
148 108 32 73
143 110 32 73
139 113 32 73
135 115 32 73
131 117 32 73
128 119 32 73
126 121 32 73
125 124 32 73
125 126 32 73
125 129 32 73
126 131 32 73
127 132 32 73
130 134 32 73
132 136 32 73
135 137 32 73
138 138 32 73
141 138 32 73
143 138 32 73
145 138 32 73
148 138 32 73
151 138 32 73
154 136 32 73
157 134 32 73
162 133 32 73
167 131 32 73
172 129 32 73
177 126 32 73
182 122 32 73
186 118 32 73
191 114 32 73
195 110 32 73
200 104 32 73
203 100 32 73
208 96 32 73
211 92 32 73
215 87 32 73
219 81 32 73
222 76 32 73
225 71 32 73
228 65 32 73
230 60 32 73
231 54 32 73
232 49 32 73
231 45 32 73
230 40 32 73
228 36 32 73
227 33 32 73
224 31 32 73
221 29 32 73
217 29 32 73
212 29 32 73
207 30 32 73
200 32 32 73
194 35 32 73
188 38 32 73
182 42 32 73
175 46 32 73
168 49 32 73
161 54 32 73
154 59 32 73
149 63 32 73
143 67 32 73
139 71 32 73
134 76 32 73
130 81 32 73
125 86 32 73
121 91 32 73
117 96 32 73
114 102 32 73
110 107 32 73
107 113 32 73
104 119 32 73
101 125 32 73
98 131 32 73
97 136 32 73
96 141 32 73
96 146 32 73
97 151 32 73
99 155 32 73
102 160 32 73
106 163 32 73
110 164 32 73
115 167 32 73
119 168 32 73
125 169 32 73
130 170 32 73
135 170 32 73
139 170 32 73
144 170 32 73
148 170 32 73
153 169 32 73
157 168 32 73
162 168 32 73
167 167 32 73
171 165 32 73
176 163 32 73
180 162 32 73
184 160 32 73
187 158 32 73
190 156 32 73
193 154 32 73
196 152 32 73
198 151 32 73
199 149 32 73
200 147 32 73
201 145 32 73
200 143 32 73
200 140 32 73
198 139 32 73
195 137 32 73
192 136 32 73
188 134 32 73
183 132 32 73
178 131 32 73
172 129 32 73
166 128 32 73
159 126 32 73
153 126 32 73
146 125 32 73
139 124 32 73
133 125 32 73
126 125 32 73
120 126 32 73
115 127 32 73
110 128 32 73
106 128 32 73
102 129 32 73
98 130 32 73
94 131 32 73
90 132 32 73
87 134 32 73
84 135 32 73
81 137 32 73
78 139 32 73
76 141 32 73
74 142 32 73
73 144 32 73
72 146 32 73
72 148 32 73
72 149 32 73
73 151 32 73
74 152 32 73
76 153 32 73
79 155 32 73
81 156 32 73
84 157 32 73
88 158 32 73
93 159 32 73
98 160 32 73
104 161 32 73
110 162 32 73
117 163 32 73
123 163 32 73
128 163 32 73
135 163 32 73
141 163 32 73
147 162 32 73
154 162 32 73
160 161 32 73
167 161 32 73
174 161 32 73
180 161 32 73
187 162 32 73
193 162 32 73
200 163 32 73
206 163 32 73
212 163 32 73
217 163 32 73
223 163 32 73
228 162 32 73
234 161 32 73
238 158 32 73
244 157 32 73
249 155 32 73
254 152 32 73
260 149 32 73
265 146 32 73
270 144 32 73
274 141 32 73
277 138 32 73
280 135 32 73
282 132 32 73
282 128 32 73
283 126 32 73
283 123 32 73
282 119 32 73
282 117 32 73
280 115 32 73
278 112 32 73
275 110 32 73
271 108 32 73
267 106 32 73
263 104 32 73
259 102 32 73
254 101 32 73
250 100 32 73
245 99 32 73
239 98 32 73
233 98 32 73
226 97 32 73
219 98 32 73
212 99 32 73
204 101 32 73
195 103 32 73
186 105 32 73
177 107 32 73
169 110 32 73
161 112 32 73
153 115 32 73
146 118 32 73
139 121 32 73
132 124 32 73
126 128 32 73
121 132 32 73
118 136 32 73
116 140 32 73
114 145 32 73
114 149 32 73
115 153 32 73
118 156 32 73
122 160 32 73
128 162 32 73
135 164 32 73
142 166 32 73
150 167 32 73
159 167 32 73
167 166 32 73
175 164 32 73
184 162 32 73
195 160 32 73
205 157 32 73
216 155 32 73
227 151 32 73
238 148 32 73
247 145 32 73
256 143 32 73
266 141 32 73
275 140 32 73
284 139 32 73
292 137 32 73
300 136 32 73
308 135 32 73
316 134 32 73
325 134 32 73
331 132 32 73
338 132 32 73
345 131 32 73
351 130 32 73
358 130 32 73
363 129 32 73
366 126 32 73
366 124 32 73
366 123 32 73
366 122 32 73
366 122 32 73
366 122 32 73
364 121 32 73
360 120 32 73
357 120 32 73
352 120 32 73
347 121 32 73
341 122 32 73
334 123 32 73
326 123 32 73
319 124 32 73
311 125 32 73
302 125 32 73
293 126 32 73
284 127 32 73
276 128 32 73
268 129 32 73
259 129 32 73
250 129 32 73
241 130 32 73
233 130 32 73
225 131 32 73
216 132 32 73
208 133 32 73
201 134 32 73
195 135 32 73
189 136 32 73
184 137 32 73
178 138 32 73
172 141 32 73
166 143 32 73
161 146 32 73
156 149 32 73
153 152 32 73
150 156 32 73
147 161 32 73
144 165 32 73
141 171 32 73
139 176 32 73
139 181 32 73
142 162 32 73
157 143 32 73
154 148 32 73
159 154 32 73
169 159 32 73
172 161 32 73
172 160 32 73
182 164 32 73
184 162 32 73
196 164 32 73
201 163 32 73
205 159 32 73
205 154 32 73
207 151 32 73
211 141 32 73
211 140 32 73
212 140 32 73
212 139 32 73
212 140 32 73
212 140 32 73
212 139 32 73
211 133 32 73
211 133 32 73
211 133 32 73
212 135 32 73
212 135 32 73
212 135 32 73
211 134 32 73
211 133 32 73
211 133 32 73
211 133 32 73
211 136 32 73
210 127 32 73
203 123 32 73
197 123 32 73
192 121 32 73
187 119 32 73
181 118 32 73
174 117 32 73
168 116 32 73
161 119 32 73
155 119 32 73
147 124 32 73
142 121 32 73
139 119 32 73
133 120 32 73
127 121 32 73
122 123 32 73
118 124 32 73
116 124 32 73
114 123 32 73
111 124 32 73
109 124 32 73
107 125 32 73
95 137 32 73
93 138 32 73
91 139 32 73
90 140 32 73
89 140 32 73
86 138 32 73
84 137 32 73
83 137 32 73
81 136 32 73
80 137 32 73
80 137 32 73
78 136 32 73
74 133 32 73
72 132 32 73
71 130 32 73
72 129 32 73
73 129 32 73
75 127 32 73
78 127 32 73
81 127 32 73
82 125 32 73
86 125 32 73
87 123 32 73
88 121 32 73
89 119 32 73
90 118 32 73
72 104 32 73
76 105 32 73
80 106 32 73
83 106 32 73
86 106 32 73
87 106 32 73
89 107 32 73
90 106 32 73
91 105 32 73
92 100 32 73
94 100 32 73
96 99 32 73
98 98 32 73
99 97 32 73
99 97 32 73
99 96 32 73
99 96 32 73
99 96 32 73
98 96 32 73
98 98 32 73
97 98 32 73
96 99 32 73
95 103 32 73
94 105 32 73
92 105 32 73
90 106 32 73
87 106 32 73
84 106 32 73
81 106 32 73
78 106 32 73
74 106 32 73
71 107 32 73
68 107 32 73
65 108 32 73
62 108 32 73
59 108 32 73
56 108 32 73
55 109 32 73
54 109 32 73
53 110 32 73
53 111 32 73
53 112 32 73
52 112 32 73
52 114 32 73
54 115 32 73
53 115 32 73
53 115 32 73
53 115 32 73
53 115 32 73
54 115 32 73
54 115 32 73
55 115 32 73
54 114 32 73
54 113 32 73
55 113 32 73
55 112 32 73
53 110 32 73
53 109 32 73
54 108 32 73
54 107 32 73
54 106 32 73
55 106 32 73
60 106 32 73
63 106 32 73
65 106 32 73
65 105 32 73
67 105 32 73
72 105 32 73
74 105 32 73
77 105 32 73
79 105 32 73
81 105 32 73
83 105 32 73
86 105 32 73
85 104 32 73
88 105 32 73
89 105 32 73
90 105 32 73
91 104 32 73
92 105 32 73
93 105 32 73
95 104 32 73
95 105 32 73
96 104 32 73
96 104 32 73
97 104 32 73
97 104 32 73
97 104 32 73
97 104 32 73
97 104 32 73
96 105 32 73
96 105 32 73
95 105 32 73
94 105 32 73
93 105 32 73
94 105 32 73
93 105 32 73
93 106 32 73
90 105 32 73
88 105 32 73
85 105 32 73
83 105 32 73
79 105 32 73
79 106 32 73
76 105 32 73
74 106 32 73
71 106 32 73
69 106 32 73
66 107 32 73
62 106 32 73
60 106 32 73
58 106 32 73
60 108 32 73
62 111 32 73
59 111 32 73
56 111 32 73
55 112 32 73
56 114 32 73
54 113 32 73
53 113 32 73
53 113 32 73
53 113 32 73
53 114 32 73
52 113 32 73
52 113 32 73
53 112 32 73
53 112 32 73
52 112 32 73
53 112 32 73
54 112 32 73
54 112 32 73
55 112 32 73
53 110 32 73
54 110 32 73
59 112 32 73
60 111 32 73
61 110 32 73
67 112 32 73
71 112 32 73
72 111 32 73
75 110 32 73
79 110 32 73
81 110 32 73
84 110 32 73
86 110 32 73
88 110 32 73
90 109 32 73
91 108 32 73
90 106 32 73
80 103 32 73
83 104 32 73
85 103 32 73
86 103 32 73
86 102 32 73
87 102 32 73
88 102 32 73
89 102 32 73
89 102 32 73
89 102 32 73
88 102 32 73
86 100 32 73
85 99 32 73
83 98 32 73
82 98 32 73
80 97 32 73
79 97 32 73
80 100 32 73
79 101 32 73
77 101 32 73
77 103 32 73
71 100 32 73
69 100 32 73
67 101 32 73
64 101 32 73
61 101 32 73
59 102 32 73
57 102 32 73
55 103 32 73
55 104 32 73
54 105 32 73
56 106 32 73
56 107 32 73
56 108 32 73
57 110 32 73
56 111 32 73
56 112 32 73
55 113 32 73
57 116 32 73
74 132 32 73
74 133 32 73
74 133 32 73
74 133 32 73
75 134 32 73
76 135 32 73
78 136 32 73
78 135 32 73
79 135 32 73
80 134 32 73
83 135 32 73
85 134 32 73
88 135 32 73
90 134 32 73
94 135 32 73
95 134 32 73
96 132 32 73
97 130 32 73
98 127 32 73
82 109 32 73
85 108 32 73
89 108 32 73
92 107 32 73
93 106 32 73
73 99 32 73
76 99 32 73
79 99 32 73
81 99 32 73
84 99 32 73
86 99 32 73
89 99 32 73
91 99 32 73
93 100 32 73
95 100 32 73
96 101 32 73
97 101 32 73
97 101 32 73
96 100 32 73
96 100 32 73
96 100 32 73
96 100 32 73
96 101 32 73
96 101 32 73
95 101 32 73
94 101 32 73
91 100 32 73
89 100 32 73
87 100 32 73
85 100 32 73
81 99 32 73
79 100 32 73
76 99 32 73
74 101 32 73
71 100 32 73
68 101 32 73
65 101 32 73
61 101 32 73
58 102 32 73
56 103 32 73
56 105 32 73
55 106 32 73
56 108 32 73
56 110 32 73
55 112 32 73
53 112 32 73
52 114 32 73
68 133 32 73
67 133 32 73
65 133 32 73
64 133 32 73
63 133 32 73
62 133 32 73
61 132 32 73
62 132 32 73
62 132 32 73
58 126 32 73
58 125 32 73
59 125 32 73
60 124 32 73
61 123 32 73
62 121 32 73
65 122 32 73
66 121 32 73
68 120 32 73
69 118 32 73
73 120 32 73
74 117 32 73
77 117 32 73
83 121 32 73
84 118 32 73
87 116 32 73
90 116 32 73
92 114 32 73
94 113 32 73
95 111 32 73
96 110 32 73
97 108 32 73
84 105 32 73
87 105 32 73
90 105 32 73
92 105 32 73
94 105 32 73
96 105 32 73
97 106 32 73
99 105 32 73
101 103 32 73
103 103 32 73
105 102 32 73
106 100 32 73
107 99 32 73
108 97 32 73
108 98 32 73
107 98 32 73
107 98 32 73
106 97 32 73
106 96 32 73
106 97 32 73
106 98 32 73
105 99 32 73
105 101 32 73
103 101 32 73
102 103 32 73
101 104 32 73
97 103 32 73
92 101 32 73
90 102 32 73
87 101 32 73
84 101 32 73
82 102 32 73
78 102 32 73
75 102 32 73
72 103 32 73
69 104 32 73
66 104 32 73
64 105 32 73
61 105 32 73
59 106 32 73
57 106 32 73
57 108 32 73
57 110 32 73
57 112 32 73
54 112 32 73
54 113 32 73
53 114 32 73
53 114 32 73
53 114 32 73
53 115 32 73
53 116 32 73
54 116 32 73
55 116 32 73
57 116 32 73
58 117 32 73
60 118 32 73
62 119 32 73
65 119 32 73
66 116 32 73
69 116 32 73
71 114 32 73
73 112 32 73
76 111 32 73
78 110 32 73
81 109 32 73
84 108 32 73
87 108 32 73
90 108 32 73
92 108 32 73
95 109 32 73
97 107 32 73
98 107 32 73
99 105 32 73
100 105 32 73
100 105 32 73
101 105 32 73
101 105 32 73
100 104 32 73
100 104 32 73
99 104 32 73
97 104 32 73
96 104 32 73
93 103 32 73
90 102 32 73
87 101 32 73
86 104 32 73
82 104 32 73
76 103 32 73
71 103 32 73
66 102 32 73
64 101 32 73
60 101 32 73
57 101 32 73
53 100 32 73
49 100 32 73
46 99 32 73
44 98 32 73
43 98 32 73
39 98 32 73
37 99 32 73
35 99 32 73
34 99 32 73
33 99 32 73
32 99 32 73
31 99 32 73
31 100 32 73
30 102 32 73
30 102 32 73
31 101 32 73
32 101 32 73
33 101 32 73
35 101 32 73
38 101 32 73
40 101 32 73
43 102 32 73
44 104 32 73
42 102 32 73
36 106 32 73
35 106 32 73
34 104 32 73
12 94 32 73
1 85 32 73
5 86 32 73
7 87 32 73
9 88 32 73
9 89 32 73
8 92 32 73
9 93 32 73
9 94 32 73
11 94 32 73
12 94 32 73
13 94 32 73
14 94 32 73
15 95 32 73
15 96 32 73
15 97 32 73
16 98 32 73
17 98 32 73
18 98 32 73
16 105 32 73
16 107 32 73
17 107 32 73
16 115 32 73
18 107 32 73
19 108 32 73
19 108 32 73
19 108 32 73
18 107 32 73
18 106 32 73
18 102 32 73
17 102 32 73
17 102 32 73
17 102 32 73
17 101 32 73
17 98 32 73
18 97 32 73
18 98 32 73
18 97 32 73
18 97 32 73
18 98 32 73
17 98 32 73
17 97 32 73
16 97 32 73
15 97 32 73
15 97 32 73
15 97 32 73
16 96 32 73
15 96 32 73
15 95 32 73
15 95 32 73
14 96 32 73
13 95 32 73
12 95 32 73
11 95 32 73
9 95 32 73
8 95 32 73
8 94 32 73
7 94 32 73
7 95 32 73
7 96 32 73
7 96 32 73
7 96 32 73
7 97 32 73
7 99 32 73
7 100 32 73
8 100 32 73
8 101 32 73
8 102 32 73
8 102 32 73
8 102 32 73
9 102 32 73
9 104 32 73
10 103 32 73
14 100 32 73
15 99 32 73
15 100 32 73
16 100 32 73
16 101 32 73
16 101 32 73
16 101 32 73
17 101 32 73
16 100 32 73
17 101 32 73
17 100 32 73
17 100 32 73
17 100 32 73
17 100 32 73
17 100 32 73
16 99 32 73
16 99 32 73
16 99 32 73
16 98 32 73
15 98 32 73
15 98 32 73
16 99 32 73
16 97 32 73
16 97 32 73
15 97 32 73
15 97 32 73
15 96 32 73
13 95 32 73
12 94 32 73
12 94 32 73
11 93 32 73
8 95 32 73
4 93 32 73
4 93 32 73
3 93 32 73
2 92 32 73
8 77 32 73
8 74 32 73
9 72 32 73
9 71 32 73
8 71 32 73
1 71 32 73
1 72 32 73
1 75 32 73
1 80 32 73
1 83 32 73
1 87 32 73
1 94 32 73
1 98 32 73
1 101 32 73
1 101 32 73
16 103 32 73
13 104 32 73
11 105 32 73
10 105 32 73
8 105 32 73
6 105 32 73
5 106 32 73
2 105 32 73
2 105 32 73
2 105 32 73
4 105 32 73
5 105 32 73
7 105 32 73
9 105 32 73
11 105 32 73
13 105 32 73
16 105 32 73
20 104 32 73
23 104 32 73
27 103 32 73
31 103 32 73
35 102 32 73
40 102 32 73
44 101 32 73
49 101 32 73
54 101 32 73
57 101 32 73
64 101 32 73
69 101 32 73
72 102 32 73
75 102 32 73
80 102 32 73
83 103 32 73
86 104 32 73
89 104 32 73
91 105 32 73
93 105 32 73
95 105 32 73
97 105 32 73
97 105 32 73
98 105 32 73
99 104 32 73
99 104 32 73
100 103 32 73
99 102 32 73
98 102 32 73
96 102 32 73
94 101 32 73
92 101 32 73
89 101 32 73
86 101 32 73
83 101 32 73
79 100 32 73
75 100 32 73
71 100 32 73
68 100 32 73
64 100 32 73
60 99 32 73
57 99 32 73
53 99 32 73
50 99 32 73
45 100 32 73
42 99 32 73
39 98 32 73
35 99 32 73
33 99 32 73
30 99 32 73
28 99 32 73
25 99 32 73
23 100 32 73
21 100 32 73
20 100 32 73
19 101 32 73
18 101 32 73
17 101 32 73
17 101 32 73
17 101 32 73
17 101 32 73
17 101 32 73
18 101 32 73
19 101 32 73
21 101 32 73
22 101 32 73
24 100 32 73
26 100 32 73
29 100 32 73
31 100 32 73
34 99 32 73
37 99 32 73
40 99 32 73
43 99 32 73
45 99 32 73
48 98 32 73
50 98 32 73
53 98 32 73
55 98 32 73
57 97 32 73
60 97 32 73
62 97 32 73
64 97 32 73
66 96 32 73
67 97 32 73
67 97 32 73
68 97 32 73
67 97 32 73
67 96 32 73
66 96 32 73
66 96 32 73
65 97 32 73
64 97 32 73
62 97 32 73
59 97 32 73
57 97 32 73
55 98 32 73
51 99 32 73
49 99 32 73
46 99 32 73
43 99 32 73
40 100 32 73
37 100 32 73
33 101 32 73
30 102 32 73
28 103 32 73
25 104 32 73
21 104 32 73
18 105 32 73
15 107 32 73
13 107 32 73
10 108 32 73
7 108 32 73
5 108 32 73
3 109 32 73
2 110 32 73
1 110 32 73
1 110 32 73
1 110 32 73
1 109 32 73
1 109 32 73
1 110 32 73
1 109 32 73
1 108 32 73
1 108 32 73
2 108 32 73
3 108 32 73
4 108 32 73
5 107 32 73
7 107 32 73
7 106 32 73
6 106 32 73
8 105 32 73
10 104 32 73
13 104 32 73
15 103 32 73
19 103 32 73
21 102 32 73
24 102 32 73
28 102 32 73
31 102 32 73
33 102 32 73
34 102 32 73
35 103 32 73
39 102 32 73
44 103 32 73
47 103 32 73
50 104 32 73
56 105 32 73
57 104 32 73
60 105 32 73
61 105 32 73
64 106 32 73
64 105 32 73
66 106 32 73
68 106 32 73
68 106 32 73
69 106 32 73
69 106 32 73
69 106 32 73
69 106 32 73
68 106 32 73
67 106 32 73
65 105 32 73
63 105 32 73
61 105 32 73
58 105 32 73
56 104 32 73
56 105 32 73
51 105 32 73
48 104 32 73
43 103 32 73
41 103 32 73
37 103 32 73
34 103 32 73
31 103 32 73
27 104 32 73
23 104 32 73
20 104 32 73
17 105 32 73
17 107 32 73
10 108 32 73
7 108 32 73
5 109 32 73
2 109 32 73
1 110 32 73
1 110 32 73
2 110 32 73
1 111 32 73
1 111 32 73
1 111 32 73
1 111 32 73
2 111 32 73
2 111 32 73
3 110 32 73
3 110 32 73
5 110 32 73
5 110 32 73
8 110 32 73
9 109 32 73
12 109 32 73
15 109 32 73
18 108 32 73
20 107 32 73
20 106 32 73
23 106 32 73
26 105 32 73
31 105 32 73
35 105 32 73
35 104 32 73
38 104 32 73
42 104 32 73
46 104 32 73
50 104 32 73
54 104 32 73
57 104 32 73
60 104 32 73
63 103 32 73
66 103 32 73
69 103 32 73
72 104 32 73
73 104 32 73
75 104 32 73
76 105 32 73
76 104 32 73
77 105 32 73
76 104 32 73
76 104 32 73
75 104 32 73
73 104 32 73
71 104 32 73
68 103 32 73
65 103 32 73
62 103 32 73
59 103 32 73
54 104 32 73
48 104 32 73
42 105 32 73
37 104 32 73
33 104 32 73
29 104 32 73
25 105 32 73
23 104 32 73
20 104 32 73
18 104 32 73
16 104 32 73
14 105 32 73
12 105 32 73
10 105 32 73
8 106 32 73
7 105 32 73
6 105 32 73
5 105 32 73
5 105 32 73
6 105 32 73
7 105 32 73
7 105 32 73
9 105 32 73
10 105 32 73
12 105 32 73
15 105 32 73
19 105 32 73
22 106 32 73
27 107 32 73
29 106 32 73
27 103 32 73
10 88 32 73
13 88 32 73
16 88 32 73
19 87 32 73
21 86 32 73
22 84 32 73
23 83 32 73
24 81 32 73
26 80 32 73
26 79 32 73
26 79 32 73
26 76 32 73
27 76 32 73
28 76 32 73
29 76 32 73
30 76 32 73
31 77 32 73
31 76 32 73
32 77 32 73
32 77 32 73
32 77 32 73
32 77 32 73
32 79 32 73
32 78 32 73
32 77 32 73
33 79 32 73
33 79 32 73
34 81 32 73
35 81 32 73
35 81 32 73
36 81 32 73
36 81 32 73
35 79 32 73
36 80 32 73
36 80 32 73
37 82 32 73
37 82 32 73
37 82 32 73
36 81 32 73
36 81 32 73
36 81 32 73
36 80 32 73
35 80 32 73
35 79 32 73
36 80 32 73
36 79 32 73
37 79 32 73
37 80 32 73
37 80 32 73
36 80 32 73
36 79 32 73
36 79 32 73
36 79 32 73
36 79 32 73
36 79 32 73
36 78 32 73
36 77 32 73
36 77 32 73
36 77 32 73
35 77 32 73
35 77 32 73
35 76 32 73
34 75 32 73
33 74 32 73
32 74 32 73
31 74 32 73
31 74 32 73
32 74 32 73
31 74 32 73
30 74 32 73
28 73 32 73
28 74 32 73
27 76 32 73
26 76 32 73
25 76 32 73
24 76 32 73
23 77 32 73
22 78 32 73
20 77 32 73
19 77 32 73
18 77 32 73
17 77 32 73
17 77 32 73
16 79 32 73
16 79 32 73
16 79 32 73
16 80 32 73
16 80 32 73
16 81 32 73
16 82 32 73
16 82 32 73
16 83 32 73
16 84 32 73
16 85 32 73
16 86 32 73
17 89 32 73
17 90 32 73
17 91 32 73
18 92 32 73
19 93 32 73
19 95 32 73
19 95 32 73
19 96 32 73
18 95 32 73
18 96 32 73
18 96 32 73
18 96 32 73
17 99 32 73
16 98 32 73
15 97 32 73
13 97 32 73
12 99 32 73
11 99 32 73
9 99 32 73
7 99 32 73
6 100 32 73
4 101 32 73
2 101 32 73
1 101 32 73
1 104 32 73
1 106 32 73
1 108 32 73
1 110 32 73
1 113 32 73
1 113 32 73
1 112 32 73
1 111 32 73
1 111 32 73
1 111 32 73
1 108 32 73
1 107 32 73
1 107 32 73
1 108 32 73
3 114 32 73
1 114 32 73
1 114 32 73
1 111 32 73
1 107 32 73
12 91 32 73
18 115 32 73
16 115 32 73
28 115 32 73
25 115 32 73
24 116 32 73
23 118 32 73
21 119 32 73
21 119 32 73
19 119 32 73
16 119 32 73
16 120 32 73
14 119 32 73
14 120 32 73
14 120 32 73
14 120 32 73
14 120 32 73
13 118 32 73
10 115 32 73
10 116 32 73
11 116 32 73
11 116 32 73
12 116 32 73
12 115 32 73
13 114 32 73
14 114 32 73
14 111 32 73
15 111 32 73
17 110 32 73
20 107 32 73
23 105 32 73
26 99 32 73
29 98 32 73
33 93 32 73
38 93 32 73
43 92 32 73
46 92 32 73
47 98 32 73
49 103 32 73
54 105 32 73
58 105 32 73
62 103 32 73
66 102 32 73
70 102 32 73
73 101 32 73
77 100 32 73
81 99 32 73
84 98 32 73
87 98 32 73
90 97 32 73
93 96 32 73
96 96 32 73
98 96 32 73
101 95 32 73
103 95 32 73
104 95 32 73
106 95 32 73
107 95 32 73
108 95 32 73
109 95 32 73
111 94 32 73
112 93 32 73
112 93 32 73
112 93 32 73
112 92 32 73
112 92 32 73
111 92 32 73
110 92 32 73
108 92 32 73
106 92 32 73
104 92 32 73
101 92 32 73
98 92 32 73
94 92 32 73
90 91 32 73
86 92 32 73
82 92 32 73
78 93 32 73
74 93 32 73
70 93 32 73
66 93 32 73
62 93 32 73
57 93 32 73
52 94 32 73
48 94 32 73
45 93 32 73
40 95 32 73
37 96 32 73
33 96 32 73
30 97 32 73
28 97 32 73
25 97 32 73
23 97 32 73
21 97 32 73
19 97 32 73
18 96 32 73
17 96 32 73
16 96 32 73
15 97 32 73
14 97 32 73
14 97 32 73
13 98 32 73
13 98 32 73
13 98 32 73
14 98 32 73
15 98 32 73
16 97 32 73
17 97 32 73
19 96 32 73
21 95 32 73
23 95 32 73
25 94 32 73
29 91 32 73
31 91 32 73
34 90 32 73
37 89 32 73
40 87 32 73
42 86 32 73
45 84 32 73
47 83 32 73
49 81 32 73
51 81 32 73
53 79 32 73
55 78 32 73
58 76 32 73
60 74 32 73
63 73 32 73
66 72 32 73
68 71 32 73
71 69 32 73
72 68 32 73
75 67 32 73
76 67 32 73
77 67 32 73
78 67 32 73
79 66 32 73
79 67 32 73
80 67 32 73
81 68 32 73
82 67 32 73
82 68 32 73
83 68 32 73
83 69 32 73
83 69 32 73
83 70 32 73
83 70 32 73
83 70 32 73
83 71 32 73
82 71 32 73
81 72 32 73
81 72 32 73
81 73 32 73
80 75 32 73
80 75 32 73
80 75 32 73
79 77 32 73
80 77 32 73
80 78 32 73
79 80 32 73
79 81 32 73
79 81 32 73
79 80 32 73
78 80 32 73
77 80 32 73
77 80 32 73
77 79 32 73
77 79 32 73
77 79 32 73
77 79 32 73
78 79 32 73
79 78 32 73
80 78 32 73
81 78 32 73
83 78 32 73
84 79 32 73
87 77 32 73
89 77 32 73
92 76 32 73
95 75 32 73
99 74 32 73
103 72 32 73
106 71 32 73
110 70 32 73
114 69 32 73
117 68 32 73
121 68 32 73
124 68 32 73
128 67 32 73
132 66 32 73
135 65 32 73
136 66 32 73
136 69 32 73
138 69 32 73
141 69 32 73
148 64 32 73
151 64 32 73
153 64 32 73
155 64 32 73
156 64 32 73
158 64 32 73
158 64 32 73
159 64 32 73
159 64 32 73
158 66 32 73
156 67 32 73
154 67 32 73
152 67 32 73
150 66 32 73
148 65 32 73
144 64 32 73
140 63 32 73
136 62 32 73
131 61 32 73
127 60 32 73
123 59 32 73
119 57 32 73
114 55 32 73
111 53 32 73
107 53 32 73
104 51 32 73
101 50 32 73
98 49 32 73
95 49 32 73
93 49 32 73
92 48 32 73
90 47 32 73
88 47 32 73
87 47 32 73
87 46 32 73
86 46 32 73
86 46 32 73
88 45 32 73
89 45 32 73
90 45 32 73
91 45 32 73
92 45 32 73
93 44 32 73
103 24 32 73
105 23 32 73
112 15 32 73
110 17 32 73
108 19 32 73
105 23 32 73
104 27 32 73
104 31 32 73
106 36 32 73
108 42 32 73
112 48 32 73
116 55 32 73
122 61 32 73
127 69 32 73
131 77 32 73
137 85 32 73
144 92 32 73
151 97 32 73
159 102 32 73
168 108 32 73
179 112 32 73
189 117 32 73
200 120 32 73
209 124 32 73
219 125 32 73
230 127 32 73
241 127 32 73
252 124 32 73
262 121 32 73
270 118 32 73
278 114 32 73
285 109 32 73
290 104 32 73
294 100 32 73
296 95 32 73
297 88 32 73
296 82 32 73
294 77 32 73
292 70 32 73
289 63 32 73
285 57 32 73
280 49 32 73
273 42 32 73
266 35 32 73
257 27 32 73
249 21 32 73
241 15 32 73
232 9 32 73
223 5 32 73
213 1 32 73
202 1 32 73
190 1 32 73
179 2 32 73
167 4 32 73
154 6 32 73
141 8 32 73
129 10 32 73
118 12 32 73
109 14 32 73
101 15 32 73
94 15 32 73
87 16 32 73
81 16 32 73
76 17 32 73
72 18 32 73
69 19 32 73
67 18 32 73
66 18 32 73
66 17 32 73
66 15 32 73
67 13 32 73
67 11 32 73
69 8 32 73
71 4 32 73
74 1 32 73
80 1 32 73
85 1 32 73
61 7 32 73
64 3 32 73
71 2 32 73
57 1 32 73
35 12 32 73
35 16 32 73
36 19 32 73
39 20 32 73
42 22 32 73
46 22 32 73
51 22 32 73
57 23 32 73
63 24 32 73
69 24 32 73
75 25 32 73
81 27 32 73
86 29 32 73
92 31 32 73
97 33 32 73
102 35 32 73
108 36 32 73
110 51 32 73
115 53 32 73
120 54 32 73
124 56 32 73
128 58 32 73
132 58 32 73
135 59 32 73
137 61 32 73
139 62 32 73
140 62 32 73
141 62 32 73
142 61 32 73
143 61 32 73
143 60 32 73
144 59 32 73
143 58 32 73
143 58 32 73
142 57 32 73
141 57 32 73
140 56 32 73
139 56 32 73
138 56 32 73
137 57 32 73
135 57 32 73
134 57 32 73
132 57 32 73
130 57 32 73
129 57 32 73
127 57 32 73
125 57 32 73
123 57 32 73
122 56 32 73
121 56 32 73
119 56 32 73
118 56 32 73
117 56 32 73
113 60 32 73
134 47 32 73
128 48 32 73
122 50 32 73
117 53 32 73
113 56 32 73
110 59 32 73
108 62 32 73
108 65 32 73
108 69 32 73
110 73 32 73
113 76 32 73
116 80 32 73
120 84 32 73
126 89 32 73
134 93 32 73
142 95 32 73
151 97 32 73
161 98 32 73
172 97 32 73
183 97 32 73
193 96 32 73
203 96 32 73
212 95 32 73
221 94 32 73
228 94 32 73
235 94 32 73
240 95 32 73
246 95 32 73
250 96 32 73
255 97 32 73
259 98 32 73
263 99 32 73
267 100 32 73
270 101 32 73
271 102 32 73
272 105 32 73
272 108 32 73
270 111 32 73
269 116 32 73
268 120 32 73
266 124 32 73
262 127 32 73
258 131 32 73
252 135 32 73
249 138 32 73
244 142 32 73
238 146 32 73
232 148 32 73
228 150 32 73
222 151 32 73
217 151 32 73
211 151 32 73
207 149 32 73
205 145 32 73
201 142 32 73
199 139 32 73
196 137 32 73
194 136 32 73
194 133 32 73
195 132 32 73
196 130 32 73
196 129 32 73
197 128 32 73
197 126 32 73
197 124 32 73
196 122 32 73
195 119 32 73
194 116 32 73
191 112 32 73
188 108 32 73
186 105 32 73
184 102 32 73
182 98 32 73
