149 144 32 73
150 144 32 73
150 144 32 73
151 144 32 73
151 144 32 73
150 144 32 73
150 144 32 73
150 144 32 73
150 145 32 73
150 144 32 73
150 144 32 73
150 144 32 73
150 144 32 73
151 144 32 73
151 144 32 73
151 144 32 73
151 144 32 73
151 144 32 73
151 144 32 73
150 144 32 73
150 144 32 73
150 143 32 73
151 143 32 73
151 144 32 73
151 144 32 73
152 144 32 73
152 144 32 73
152 144 32 73
152 144 32 73
153 144 32 73
153 145 32 73
152 145 32 73
152 145 32 73
152 145 32 73
151 145 32 73
150 145 32 73
150 147 32 73
149 146 32 73
149 147 32 73
148 147 32 73
148 147 32 73
148 146 32 73
148 146 32 73
148 146 32 73
148 147 32 73
148 147 32 73
148 148 32 73
148 147 32 73
148 148 32 73
147 149 32 73
146 149 32 73
146 149 32 73
146 149 32 73
146 149 32 73
146 148 32 73
146 148 32 73
146 148 32 73
146 148 32 73
146 149 32 73
146 149 32 73
147 149 32 73
147 149 32 73
148 149 32 73
148 149 32 73
148 150 32 73
148 149 32 73
148 150 32 73
148 150 32 73
148 150 32 73
148 149 32 73
148 150 32 73
148 148 32 73
148 149 32 73
147 148 32 73
148 150 32 73
148 149 32 73
148 149 32 73
148 149 32 73
148 149 32 73
147 149 32 73
148 149 32 73
148 149 32 73
148 148 32 73
149 148 32 73
150 148 32 73
150 149 32 73
150 148 32 73
151 148 32 73
151 149 32 73
151 149 32 73
151 149 32 73
151 149 32 73
151 150 32 73
152 151 32 73
152 151 32 73
152 150 32 73
153 151 32 73
152 150 32 73
153 151 32 73
153 150 32 73
154 151 32 73
154 151 32 73
154 150 32 73
154 150 32 73
154 150 32 73
154 150 32 73
154 150 32 73
153 149 32 73
154 149 32 73
154 149 32 73
155 150 32 73
155 150 32 73
155 151 32 73
155 150 32 73
156 150 32 73
156 150 32 73
157 150 32 73
157 149 32 73
157 149 32 73
156 148 32 73
156 148 32 73
156 149 32 73
156 149 32 73
156 149 32 73
156 149 32 73
156 149 32 73
156 149 32 73
155 148 32 73
155 148 32 73
155 149 32 73
155 149 32 73
155 149 32 73
154 148 32 73
154 148 32 73
154 146 32 73
155 147 32 73
155 147 32 73
155 147 32 73
155 147 32 73
154 147 32 73
154 147 32 73
154 147 32 73
154 148 32 73
154 147 32 73
153 147 32 73
153 147 32 73
153 148 32 73
152 148 32 73
152 148 32 73
151 147 32 73
151 148 32 73
151 147 32 73
151 147 32 73
151 148 32 73
151 148 32 73
151 148 32 73
150 148 32 73
150 148 32 73
149 149 32 73
148 149 32 73
148 149 32 73
148 148 32 73
148 148 32 73
147 148 32 73
148 148 32 73
148 149 32 73
148 149 32 73
148 148 32 73
148 148 32 73
148 148 32 73
147 147 32 73
148 148 32 73
148 149 32 73
148 149 32 73
147 148 32 73
147 148 32 73
147 148 32 73
147 148 32 73
147 148 32 73
147 146 32 73
147 148 32 73
147 148 32 73
147 149 32 73
148 148 32 73
149 149 32 73
150 149 32 73
152 148 32 73
154 147 32 73
156 147 32 73
159 146 32 73
162 145 32 73
165 144 32 73
167 144 32 73
169 143 32 73
171 142 32 73
173 141 32 73
175 140 32 73
175 139 32 73
175 138 32 73
174 137 32 73
172 136 32 73
170 136 32 73
166 135 32 73
162 134 32 73
157 134 32 73
152 133 32 73
147 132 32 73
141 132 32 73
136 131 32 73
131 130 32 73
126 130 32 73
122 130 32 73
118 129 32 73
114 130 32 73
112 131 32 73
110 133 32 73
109 134 32 73
107 136 32 73
106 138 32 73
106 140 32 73
106 141 32 73
106 144 32 73
107 146 32 73
108 148 32 73
109 149 32 73
111 151 32 73
111 153 32 73
113 152 32 73
114 153 32 73
115 154 32 73
115 155 32 73
115 156 32 73
114 156 32 73
113 156 32 73
112 156 32 73
110 156 32 73
109 157 32 73
108 155 32 73
106 157 32 73
105 156 32 73
102 157 32 73
100 156 32 73
97 156 32 73
94 155 32 73
90 154 32 73
87 153 32 73
84 152 32 73
81 151 32 73
78 150 32 73
75 149 32 73
72 148 32 73
68 148 32 73
66 145 32 73
63 144 32 73
61 142 32 73
59 141 32 73
57 140 32 73
56 139 32 73
55 138 32 73
55 138 32 73
54 137 32 73
54 137 32 73
55 137 32 73
56 137 32 73
58 136 32 73
61 136 32 73
64 136 32 73
68 137 32 73
73 136 32 73
78 134 32 73
83 135 32 73
88 134 32 73
94 134 32 73
99 135 32 73
105 135 32 73
111 134 32 73
116 134 32 73
120 135 32 73
124 135 32 73
128 136 32 73
131 136 32 73
134 136 32 73
137 137 32 73
139 138 32 73
142 139 32 73
144 139 32 73
147 140 32 73
149 140 32 73
151 141 32 73
152 142 32 73
153 142 32 73
154 143 32 73
155 143 32 73
156 143 32 73
156 144 32 73
156 145 32 73
156 146 32 73
156 147 32 73
155 148 32 73
